4805
7934
7934
1527
7934
4805
4620
2876
526
4805
2377
149
9346
8517
149
9287
8739
7856
8739
6742
7402
3181
628
6484
4860
2925
2925
2559
5026
4845
2610
9352
1605
9517
3839
3447
680
7298
2180
2303
2180
9706
2925
6406
4805
3911
5611
2612
8669
2662
8445
2935
6431
9706
9139
8638
9951
3911
6529
68
51
6472
2313
2636
8088
7402
4285
4522
7608
9072
5752
1053
8839
9689
8173
8423
1035
1657
2303
451
9072
628
7911
6529
3590
5820
1146
5094
4935
1847
9706
7776
1605
7065
1565
3261
6484
4511
2992
1593
6509
869
5971
6622
9921
6411
5820
3218
5752
5611
8767
1376
3426
1433
784
8423
6791
8465
2355
3228
6484
2030
5890
1459
8790
3418
3997
6168
245
1734
9884
2853
9139
936
6472
8114
6608
8794
9903
3611
3060
1174
8075
7880
3922
167
4748
9444
3900
936
1847
4129
2946
6072
1027
3861
8411
4077
3984
3060
501
3572
9639
6039
5413
3717
8111
5541
7216
7208
7041
4389
2335
4949
7006
1676
3572
3228
6268
1527
7022
6754
3060
2649
7594
6194
5156
9971
794
96
5710
6720
8131
7964
2643
6405
9294
6943
3714
7108
2776
8989
2525
2802
3447
6589
8042
5955
493
4737
9884
5689
7216
7920
5818
3536
824
6411
2799
9560
248
2249
359
8083
8544
6478
5727
4815
3679
9896
3227
7801
9421
5128
5729
8556
767
6491
3245
8991
1591
6486
3025
1907
9277
4986
4222
6798
8156
1696
1376
2303
7394
1417
2991
7325
869
2303
3536
2639
8228
4222
3390
408
440
9578
3967
5241
765
5656
1405
2930
8375
1081
1823
9770
8815
6062
4590
5043
3668
2902
2991
7766
6354
6369
2013
7681
8495
9287
4246
5049
7978
2508
3954
8897
3249
2365
6589
5717
6720
4092
6542
3890
9372
7934
8899
7216
9675
2636
1734
7278
6220
6220
8680
1930
2806
3717
6506
1125
8094
1501
5500
3011
3947
1693
3745
4436
9569
8992
6321
7941
8262
8550
393
9344
4935
1562
8411
6123
8065
7031
2930
3964
5208
6690
9751
2689
8952
6814
9974
3011
4119
6046
2831
3182
5827
5285
4029
9988
8845
1593
2659
1779
175
7766
4119
8599
9973
2334
3000
3986
218
1269
3036
6411
8596
7443
4687
6984
6706
2949
8283
4606
6118
8212
8122
2568
3911
2795
8278
3702
5183
3954
1185
8749
1053
2649
6116
7488
9723
3536
6680
6589
7988
5122
7915
8739
7308
7316
4170
501
9973
5874
2131
3218
2512
2105
4837
3669
7308
6406
1575
1415
6068
8541
6526
3926
5591
5818
8839
5661
4790
8541
5750
6589
2996
9214
2549
1071
8889
5413
6179
7684
5997
6642
2352
5633
9912
7120
884
8109
5250
9459
2751
4751
2649
15
7881
6690
8536
1482
2983
479
8815
7478
5991
2082
3729
7673
4718
1342
82
4823
7478
6981
1189
6375
7308
7663
2883
1657
8878
6912
2965
8892
2172
7304
1365
200
8821
7002
2525
5963
7048
9096
4656
3557
9961
8352
9206
2806
6973
6271
6848
3464
4129
3613
7166
7687
7093
5327
3859
8377
8884
4439
3967
5469
4907
8094
7478
6791
7136
2825
2184
5608
5890
8778
1274
8680
6778
2172
331
9903
647
3788
1804
8791
7964
1953
6478
6072
3119
6099
6253
7859
6973
6939
7717
421
4842
7926
1109
2839
223
8440
7570
4117
7659
9811
8820
7461
9742
2646
6431
6723
4768
662
2110
3986
8878
5740
2063
1885
9508
1184
1010
784
3227
2643
5543
5175
8585
4483
8878
3811
6897
8728
8398
387
6793
6039
4907
6321
3076
437
4563
5395
1930
4478
9309
501
4359
3367
3726
5752
1927
1515
1010
3468
2094
2576
1501
1723
784
8992
2981
179
6926
4624
4625
9408
1306
4744
1501
2619
1082
4285
3033
8675
6542
8314
9368
275
3859
322
4884
9974
1430
6404
7179
6453
1935
3997
1696
3076
6880
3372
1894
2508
2004
4451
7379
8646
8083
6110
432
7395
350
608
238
4760
3313
5727
5556
1134
7951
5049
2545
1384
8820
2452
9914
6605
3872
5982
7144
7695
4850
9054
1872
179
1079
7318
8312
2898
1281
1693
3726
3640
312
7922
4731
9609
5897
3765
4052
2802
8845
3357
2105
260
6981
2982
7066
8079
7600
4812
1252
8088
4562
2171
4561
1360
8523
9031
49
8878
309
3933
3056
2689
7547
704
4008
9408
9951
8884
4020
7011
2746
6483
6681
9507
3447
9408
6530
6526
2069
8698
3897
5663
249
3490
9835
3539
792
6534
2978
7423
7334
7286
1277
6012
9164
5022
4002
9230
5071
4522
5132
1192
137
7108
4052
5373
5710
3861
2166
274
2007
5559
9858
7853
3125
4577
7956
6975
6459
8534
2821
8727
6458
7298
1860
3947
1838
6333
2643
9548
2009
1634
674
8591
7629
4324
778
7394
8550
3317
8066
2491
4517
7318
6905
2573
4517
534
2952
218
1222
7052
5595
7856
3609
3107
5507
6194
628
8991
5435
4394
2877
3227
4002
3914
2573
631
2583
7727
5428
9380
8618
9495
4999
2166
6728
5127
4008
3025
9344
3997
2622
393
6550
3125
9996
247
8922
8025
3376
5225
7034
8495
3073
8412
2566
6169
1421
3971
6633
2030
6423
2342
8676
851
2839
1071
3754
1857
6310
4557
2094
5659
2534
4077
2693
9054
2312
8650
6930
5551
4019
6756
3965
3039
4839
7968
8728
4651
2094
3965
4837
6262
6171
2524
6927
5835
3669
5634
9739
7556
6280
6506
4698
6253
2469
9276
49
858
9208
9656
7501
2463
5178
8849
9984
7413
8813
8290
6530
9346
6031
8734
3553
3769
1008
4740
2469
7406
7694
2799
91
5908
9930
6958
9560
6492
4316
4860
2512
3979
8596
5884
600
2039
345
2312
457
3297
4488
4590
8181
177
6501
1673
8206
3581
2013
5501
9455
4627
1817
7669
7537
5847
2166
6099
2583
6905
3229
6248
5889
3936
9578
9872
4247
107
1373
3914
1682
5582
5838
3229
865
7742
4177
3347
8730
1508
8161
7947
5750
1193
4488
9916
4726
4034
8290
7681