6422
8571
1227
5921
9156
8770
3890
6656
3390
5635
6998
4015
7817
6656
9467
5242
1031
9042
3220
5609
6364
782
7817
8969
3215
2288
1607
2113
1188
7834
140
7798
7820
7106
5242
5525
9110
8581
8543
3215
5986
119
1778
8543
8261
8969
783
4266
2266
4717
6229
6176
4946
9708
7328
308
1143
699
3417
3597
3597
8684
6176
9741
4706
4084
9635
7492
6101
6427
6909
140
4735
4058
8765
9182
3659
9451
9996
3042
7818
3659
8175
3597
1763
1120
151
72
3647
767
8175
5784
6176
9182
4499
248
2254
7984
7645
1423
4946
4946
4043
4919
6135
7358
2680
376
6270
4140
2475
9711
4879
8555
7798
3279
4707
3681
3729
782
8081
9579
6839
4577
614
3209
5495
79
3377
9824
7523
1505
7798
8601
8479
7661
4856
5194
7697
7089
7443
8571
9770
1051
1607
1522
8252
4439
5007
9242
2895
8831
1038
8831
1182
9070
2297
2072
699
5288
7390
5107
1450
4605
308
5908
858
4929
1289
9456
1777
5354
5066
1038
7109
5533
5214
5203
2464
9914
5086
6420
8002
4711
7109
4493
1096
5555
6374
5678
8601
1864
5817
9361
7820
3801
7863
9635
1963
1895
4717
1505
2228
153
7820
4083
4833
9018
2322
5908
7109
7686
1478
1267
3676
2736
7927
9902
9141
7197
2905
9493
7394
5525
4280
4362
5076
5271
9295
4303
3417
6828
6328
8180
7328
8931
4303
6310
563
9734
8309
5354
855
7562
7509
3647
5533
8081
7089
4574
5695
4079
9830
6883
7598
2025
6012
7519
6541
2615
393
6001
7809
5817
6718
2578
8765
3656
6853
5631
3609
1794
1863
7089
7798
5795
9667
9489
1778
6709
6101
3344
1652
3702
7094
514
1069
6995
2432
2875
546
2363
6573
7011
9516
1864
3233
1230
1963
9219
2736
1982
5203
8831
1753
3842
8550
560
2878
7145
7884
3620
2368
8217
7909
248
8456
7751
4473
4024
8730
7290
1777
3910
306
5726
360
2662
6909
8759
8309
5066
264
1522
905
8772
8648
4711
5007
6043
43
1243
616
5726
1034
877
1638
328
1188
2615
6806
1794
7766
4201
7686
1264
8739
4054
563
4814
8260
6781
5264
7806
5794
1610
3890
3304
1739
4129
2400
170
2894
4083
4676
8289
2678
5609
2880
8771
9111
1423
6310
1893
4493
2178
3209
5774
4376
6337
9514
3259
2578
1864
4574
1857
2960
611
7289
6403
9603
4670
3702
732
8920
4462
8456
3304
4637
1030
572
2722
1635
5867
1932
6285
9772
8959
5559
5076
1936
4112
3240
1853
7769
1561
9005
6739
7381
8202
9902
3192
3276
6948
358
8457
9051
7808
1546
5559
7562
2894
7268
5749
4043
5275
3702
1121
2179
4637
6468
509
5525
1675
7142
2216
9198
6354
7178
7706
509
5445
2293
7751
2926
5060
6464
2645
7817
6670
7379
4388
11
4376
5475
7102
5315
9730
9771
7523
7263
4079
3132
5997
8013
9806
1291
8257
1935
8768
2400
5565
7348
335
2165
5446
779
7662
8455
9775
8949
1935
7695
7390
8476
7831
3465
5190
3290
4950
508
2391
6897
5677
7447
699
6781
1511
1063
6555
7398
3078
7394
4356
4722
3488
3408
2207
5609
8555
5993
8552
9141
5684
8270
6737
8485
7398
161
5537
2574
8838
3000
534
5097
8843
706
8759
6734
5324
2862
8439
3177
2520
2759
7326
5559
5122
2255
9603
826
9675
4105
5040
5774
7291
1285
8862
7900
9129
4936
6597
7195
8552
2780
3596
3333
7745
8402
6468
3788
6792
4775
6873
7752
7959
9514
9100
2626
2726
4670
4659
8237
9858
5624
3479
855
1281
1031
1243
3506
4659
308
9342
9652
7226
7751
9813
737
1796
9586
5626
791
7673
3750
8078
546
143
6906
1753
7866
1555
7808
5991
7331
2027
2119
5869
4860
9934
4123
5088
1078
7067
7056
6559
8513
9201
2894
6245
122
4565
1788
5217
8939
8838
7118
1873
2103
5975
5771
5425
4294
3218
426
2125
4481
7298
8708
4645
9417
1552
8202
52
6572
8957
6414
7289
244
9275
5041
2317
4577
782
4462
8371
2751
6879
2678
8499
305
8537
7145
7506
4713
122
2500
6844
8227
7589
1589
3945
2726
8257
6397
7598
2007
2165
1241
9548
59
752
1177
1194
1809
9711
328
3143
3409
4775
6565
46
2681
9574
7523
5203
9548
8599
2216
9691
667
3168
4112
9383
5212
324
9476
888
8285
7394
8689
3613
1121
4574
484
9912
2574
7533
7806
6850
8862
6936
5076
5723
8202
5175
9298
1556
7201
9711
6773
8455
3857
7519
3795
8455
977
5076
3883
4722
5600
4136
3972
5060
8528
4327
4036
8718
9528
4462
960
7145
4070
8139
840
6765
4224
7340
8398
4462
6447
3969
5289
7072
8120
5885
7781
376
3761
1543
8585
1313
87
1932
8803
8970
826
7229
5097
7327
4054
8455
6179
2072
7984
3774
6977
2359
7516
8571
2831
7598
8806
9563
2579
619
4020
1592
48
6242
4558
667
7159
1692
5480
9239
4798
9661
6473
6159
1464
7866
3699
3801
7988
1507
3827
6194
9636
9912
1251
6441
7602
7959
7473
3945
6068
5658
2068
3894
8015
3132
2104
7526
2567
2352
4296
8792
8708
1752
5973
1312
8026
2578
1613
8323
1113
9813
8324
1600
5700
401
5210
3774
2972
7589
8766
7145
5784
1973
2836
9166
4495
9274
8981
3370
17
794
3547
2377
7073
1320
5761
6570
151
7842
9719
768
6570
7820
5076
4403
1582
204
6139
1289
4593
4419
3728
7038
6374
572
915
4552
8042
704
9903
3910
2154
8848
6815
5277
612
3132
9934
393
9892
6658
6663
1705
3138
9904
6800
9178
3296
5219
6505
2420
4301
2195
6466
9778
8540
5323
4502
2624
2878
9226
5673
3532
6300
3768
8884
6970
3215
2104
3233
5648
237
9241
3192
8510
4027
6856
3988
7256
1462
2509
1220
7581
4268
7842
5472
8510
650
4777
8195
2112
5232
3774
4224
3328
7909
7159
5480
5425
1932
9734
7894
4746
264
9926
1763
1718
4168
7492
8573
8985
112
7919
324
4532
9447
4184
1423
2714
4322
1051
5637
9473
8195
1439
7631
9436
6659
7437
6084
6765
6101
6900
457
2477
4419
8030
432
5194
6040
1321
6542
9571
7958
7520
7162
7838
3417
360
5211
3969
8687
4701
6944
2680
2571
2345
503
2072
9133
505
6126
4473
7118
2159
7948
2322
6559
3802
2165
433
9574
3159
445
2464
693
5553
165
9492
4784
3504
1777
65
2374
1902
5279
1864
2171
5533
5710
5815
2092
8245
6409
24
4675
3967
2523
1280
5499
74
3042
3850
978
6663
5324
7739
6406
1818
732
4532
9051
5441
3152
1525
4389
8776
7152
8517
3158
7548
216
726
65
1961
7329
256
6002
9370
9510
7766
6464
2104
2978
3442
1515
844
2206
2630
8523
2077
3609
5372
1038
2673
1326
2151
9345
7033
3886
4344
2980
621
3908
9700
9574
8250
2240
1621
2007
3911
9384
186
3025
1776
6218
4186
4713
9909
6611
1546
1832
7720
8309
8911
1873
3875
2256
9480
8938
2094
9805
1705
3897
2395
2217
6322
4426
5817
342
4350
1586
393
8774
4165
7928
4518
6765
4744
8139
5900
8145
4356
112
4723
5546
7734
8283
8970
5414
200
3522
2104
9604
6470
4559
6414
5106
7662
9413
3651
9635
295
1651
3656
4611
3647
5581
6441
1387
1784
4856
6942
6659
5175
8735
2820
4542
8969
6158
7052
4456
8166
573
534
7034
6194
1067
9755
7134
4858
2699
5655
6764
6606
7045
6745
6808
1364
6489
1419
3506
8338
3811
5338
378
313
5688
1137
7020
559
2676
782
8309
5775
769
9298
7598
9503
2104
5472
6981
6053
2165
8671
7948
6005
6542
3572
9413
5214
7394
8562
9615
7564
1932
7144
193
6033
6801
6611
8671
5544
2658
216
5303
9571
8371
6968
4824
5600
6267
7537
7584
8555
7545
4089
902
4648
7576
94
299
5739
8510
2420
8027
176
5515
458
4537
5183
2054
9743
6479
9467
1530
5333
8073
4585
4459
2714
6337
2641
5484
470
6305
3954
3345
2077
1830
4719
4995
2536
4095
5476
5220
2933
1998
3532
1291
8112
9594
4898
4646
619
8896
8552
9635
1967
8255
7702
6764
1067
7817
903
559
5576
6950
6895
2349
4847
2677
978
1852
1241
6126
2243
6995
1149
4816
6408
2217
669
918
6164
4667
9398
6806
8312
299
6520
9835
2736
4860
7788
5993
4114
7345
7492
7948
8953
9242
6948
3200
6126
3720
7356
7923
8684
3894
9597
3654
3069
7900
1308
4856
140
5600
6135
9080
1852
7053
5484
480
184
492
2365
6423
2463
4714
50
4631
976
7942
482
1582
1302
8245
3019
949
9694
2933
7673
2726
8735
7345
6879
2885
4412
6873
7869
3185
4083
6990
6617
9745
8312
3192
1333
3281
5330
2852
8796
1570
6612
9986
3015
4670
7431
5972
7781
5445
1421
1973
2898
4448
8592
5211
3744
6046
7755
8376
6964
8535
9259
784
8122
6629
3853
5997
3586
4269
5051
9763
2654
5602
8170
3234
2535
6825
5066
758
1963
8762
7320
4345
9287
6336
949
8835
319
5273
5030
7334
2327
4682
4567
2500
655
4296
5513
8643
7408
1089
229
5356
4647
2774
8721
7853
7130
598
5782
9417
4401
2641
7476
8551
5475
3069
3359
1930
6948
3679
7201
1458
7217
6559
194
343
3433
9345
8145
8168
2248
3540
143
7273
8276
2285
5086
3199
5004
7906
2194
5138
9527
1119
3708
7148
200
5991
8209
4273
7364
7900
5358
3458
4070
4491
7140
9381
2357
2807
7631
1419
2376
401
6447
2421
471
9989
3144
1570
7267
4619
6389
1046
9737
4188
635
3863
1119
9709
1119
7289
5548
8366
4999
7364
2690
8045
6091
1885
5037
7026
7698
8690
2209
4018
7859
4118
4007
4116
3645
9235
3800
9409
2565
3452
5579
3581
2169
6555
1968
7048
1096
4229
6998
1916
2748
5179
1134
4593
3152
7556
6773
4044
5087
8312
7514
7222
9261
4853
9006
587
295
5720
864
6002
6124
6265
5877
7109
4329
2635
50
3779
2055
8926
1125
8104
7614
9253
3066
514
7816
9482
4302
5096
9341
7837
2458
8041
4300
2464
9293
7813
8308
3220
8275
8257
8958
6101
1260
2569
2971
8885
7584
3110
5007
3904
7833
4102
6752
8396
1402
9859
6078
7017
5094
6466
3964
10
1337
171
3667
7711
8126
4715
9532
2509
4042
1996
9750
9162
2183
6752
1864
7386
568
3819
2836
8511
4460
5210
5918
7788
4856
6162
7322
2209
5974
6769
5529
6637
7347
8329
3795
3261
5794
3557
3908
2623
5688
4622
5362
379
1421
3831
2339
7072
8398
4017
6367
1011
9639
6390
4792
227
2326
5897
1764
1238
5060
3849
4559
3290
5495
1910
6636
6032
8611
4116
8211
6961
6527
514
8901
3565
8181
9903
9912
9175
5321
8866
1864
2946
5627
7762
2519
4222
8561
3634
5445
3143
6973
6506
8686
5616
3204
3411
6046
2838
1714
8320
2834
3967
1945
8043
7920
2
6500
7155
2718
83
5086
9574
8228
2683
4491
7247
607
6834
8244
5651
1400
6093
9647
767
9323
5729
7562
2173
1975
2588
3879
9546
2074
3272
4844
7298
4919
712
3777
4707
7927
5613
629
1635
1050
7984
4988
6970
7148
9280
5004
1902
4541
3260
3678
2672
7844
46
6544
9538
9273
4799
3761
3349
4896
9691
463
1921
2365
4637
8761
5313
7067
1115
1321
791
5860
514
7426
2895
1032
2285
2924
600
7142
72
8888
3272
796
5588
1505
6222
5696
7312
3343
8324
6191
7468
8623
1689
2550
5611
1049
1889
8984
8517
9116
8870
2323
2357
5865
9448
337
1037
6057
5360
1127
4702
7259
1534
2566
1163
1614
8741
3204
4132
3028
7980
555
301
7866
8001
785
7293
3829
5120
7562
9323
4946
9196
661
2475
3136
8511
6197
4413
6148
526
5333
8405
3954
4624
345
5602
9745
9026
8540
5935
351
508
3449
1499
8347
3681
4939
9928
4920
6312
6881
6934
1226
5545
2723
6375
9956
876
5144
5153
7720
6973
4580
5559
6684
9527
3647
8445
7834
4876
7052
8608
2288
801
5597
5179
7928
1243
6492
6173
5365
6022
5033
7727
9833
9097
3997
7317
5227
1015
6948
1828
5454
6684
802
7273
7197
7581
2919
3000
204
345
2773
1546
3470
3946
1772
7283
7665
9960
2346
7704
7255
6259
9108
4648
2882
4157
313
9752
9255
2462
5877
2727
6245
8148
7254
9284
4650
6989
2028
7798
5696
2327
401
4554
2168
5425
731
3060
4990
172
7162
7570
5453
5969
2535
2208
944
5442
7788
1038
4260
8455
4804
5596
5900
8020
200
6121
9651
7464
8557
5492
9574
2412
2402
3936
3369
2644
4998
3318
842
3656
2461
2435
1122
676
5040
1784
617
5851
1891
9489
3640
2759
5230
6734
1535
8144
2205
7708
2386
4301
7426
6401
2460
5695
1291
6718
7227
8435
7255
1583
2289
9370
6135
4162
7423
6173
6207
2996
7142
463
1530
8611
8420
5938
8270
4235
8863
1255
3140
4800
1882
7609
2164
4948
9143
7034
8571
234
5546
6809
356
9016
2289
3499
6715
5693
1291
5696
2162
5936
426
5833
1900
192
4352
3051
482
2421
961
2596
4759
736
7070
9629
5779
5545
2356
747
7148
1536
8255
5726
199
9701
526
2228
2032
7565
7455
9084
5029
9084
654
1419
2642
1570
429
2281
7673
9247
4565
8964
9219
9289
8471
4786
2371
500
338
9107
1446
8103
7028
8227
9921
6895
1882
3681
461
7773
3931
724
6942
3846
6654
1425
3436
6881
3175
1793
9523
537
2139
4009
9720
2690
6987
7425
3032
6529
2420
3207
4202
7891
2492
5355
3483
3967
3647
3629
9102
2374
9301
6752
8227
7448
3345
2503
1397
4382
2536
5060
8734
5041
2225
4156
5542
7830
2103
9789
8045
6876
3978
9493
367
3647
342
7145
1341
565
5027
2270
4685
4140
6601
5467
4382
9719
6434
5788
5597
2216
7416
3132
1333
971
2193
6148
2688
5738
7545
8434
5691
8391
8228
9774
8364
133
4499
7675
1839
7005
3647
7838
6743
5790
2821
3436
2136
8391
7020
2377
4065
3092
4045
8173
8129
4380
3409
238
7319
3220
8623
8881
9273
2439
8815
6023
4058
5041
3092
9015
3296
6531
5048
5779
5796
4719
1702
2165
2967
433
8223
664
5142
306
5160
8476
178
6839
2978
4531
3599
1759
1796
7411
8337
3119
918
8772
9319
5403
462
1712
6220
5131
6043
8649
9208
1396
7805
4376
3679
737
8552
9670
7562
2512
1513
4848
5841
9664
7065
6216
7534
2340
7315
2055
8626
7443
530
7734
9374
2660
5040
2558
2840
702
3436
6614
7444
9374
7791
6972
2576
2917
2023
8768
8380
9377
8711
8355
6981
8403
827
5953
7173
6438
559
940
5055
4562
6845
8886
3196
8059
1289
8196
2320
1792
4043
9797
7830
2106
1467
2664
5645
4879
2847
9253
9966
5321
6205
3597
5395
4987
8144
939
693
9301
833
1177
8059
2636
9381
522
8059
1075
9752
9331
8746
3700
9344
34
3100
1264
6439
9136
3254
7492
3993
5164
1419
2829
2257
5208
1936
8840
8981
8080
2489
6046
5148
4425
1194
7970
6265
4497
3506
5179
7990
4188
7072
386
5161
9681
2890
9301
2699
662
9342
8396
9668
3947
3846
9977
8414
5766
7741
4163
3579
2952
4538
7150
5574
8847
4475
9977
315
1995
4983
7394
7234
3533
4294
5584
6112
891
4628
4204
689
9716
961
7916
5908
3795
4348
5467
9427
9302
6390
3390
5476
8851
1718
3161
9523
9295
5404
5798
7056
6333
5299
6545
4780
6658
7579
563
9991
9363
7514
614
9939
9614
5598
5719
6889
6784
1607
814
117
6769
3760
7759
7548
4618
8572
8159
6622
3989
754
7833
2357
9433
2499
5334
4509
880
2845
8718
4455
6163
5609
2371
6164
2927
2924
5733
1031
3272
7067
9168
5119
7977
4126
4056
8226
5475
7273
1627
551
8871
897
3602
9815
3129
4367
4889
640
8084
2820
9311
2804
826
4553
6781
4214
8045
3961
1939
1947
2586
6534
3961
902
3066
7209
2492
5307
9389
7248
2905
6570
4922
3506
593
4083
7054
4774
3957
9908
8516
462
8196
5230
2500
7317
7386
8992
8868
8314
4883
4382
9847
5153
2012
3141
6201
7426
161
8267
8421
107
3758
7431
3968
1892
8882
3499
4102
936
7967
531
2169
8692
1254
5891
5793
3654
2417
8311
5614
7254
6253
1638
7583
7226
2796
3971
5554
5830
1603
7128
3956
2288
1380
1524
5777
9830
4233
2019
6773
5292
2670
5974
7547
8351
2071
824
2174
4444
6609
53
8152
50
7043
7426
5993
3114
4812
8901
8572
6920
159
2272
1019
8806
1467
7345
4086
6626
1620
9505
2462
8256
8619
183
7045
9903
7267
5613
6024
6684
2562
7351
6543
2799
3801
6426
1828
2979
5325
4197
8516
7086
6167
593
8872
7311
22
7495
7998
8230
6342
9214
3122
5813
7745
7642
5059
317
6597
7134
4866
5858
8022
2597
716
9169
2927
8255
5834
1843
3722
4602
3126
3275
5896
73
4249
3534
6606
2602
6919
7439
5049
551
6371
3010
9761
8574
1789
4254
6075
5968
9750
5774
5704
2820
8009
1033
9329
2173
2759
4515
34
5627
2950
5161
8806
4467
1063
7525
3654
4562
224
7026
9600
6420
8420
8995
7763
5360
8666
240
7403
3419
3649
9846
7327
2080
2944
3846
7291
1644
9472
6872
1048
1002
1348
8016
3102
2662
296
9430
7911
2782
7201
1520
5998
5230
372
1546
8285
6956
8073
3018
6160
1524
5830
149
3276
4214
305
4454
2338
5574
1677
2010
6373
8193
1696
6898
8546
9133
9912
9574
8552
8801
8050
5743
7223
7151
3071
2683
8911
683
8861
343
211
1109
8248
5066
5748
7259
7338
8337
5735
1453
4305
8350
4441
7830
880
2118
8118
3007
2462
9529
9376
6665
1830
4269
8250
1677
7668
54
9439
7742
4063
5788
9310
9472
7333
1015
9691
9949
9565
7880
3232
5731
392
9566
4727
7097
1973
1614
5300
3592
905
4953
866
6160
1597
3209
6826
8456
3025
3750
3439
6588
4123
505
3238
8212
4864
7704
8485
7387
5542
3729
5794
292
7702
6354
767
2924
6235
3076
3117
3272
5867
5833
6609
7070
7750
693
6580
805
4482
9357
2010
7822
1643
8543
212
2062
2902
3148
7575
8978
8138
1764
3772
1260
8838
3247
4327
8170
4939
5327
8546
7152
8984
4160
1302
3165
4729
7497
290
8711
7927
7109
5482
3958
6573
4747
7073
8735
5574
8334
3111
7802
4794
5526
2014
2906
9704
5273
4332
2834
3767
9767
6748
9096
3010
8631
2772
8838
6553
9294
3589
9370
31
6876
2896
3490
8858
7381
4716
2165
2627
2954
4921
495
1882
6320
4768
3245
2300
4401
6559
4553
5938
796
3842
6866
5535
6900
9450
7531
4550
6965
3163
1979
491
6064
9772
3393
5138
269
599
1672
5719
108
1398
849
5733
6187
8809
977
2694
4858
8805
9516
3329
661
6448
5248
2857
4459
121
1082
2227
1798
8949
1975
1939
2098
2246
3339
2017
4988
625
6182
1650
2285
2610
537
7222
6403
6684
579
7159
6497
2890
7366
918
5220
564
2206
7908
1280
426
9385
913
3117
1048
3604
8027
1632
8153
2746
4575
4302
8727
4344
6140
9835
5993
3457
6026
4575
4819
5993
2280
2295
4652
7270
4515
3700
9345
1998
7331
6948
2562
5107
3319
4427
5588
37
1752
7020
5225
1337
4102
5175
3138
8983
336
4320
9492
2799
908
7795
4580
9492
8231
1617
6327
9909
8312
4212
4974
1762
9815
7890
7167
6169
3529
8557
3210
1431
2035
8166
434
123
9602
1494
4625
551
6973
5941
589
8367
5116
5760
6023
1087
7766
6361
382
5696
6044
9559
5774
3974
6987
4352
7998
815
2101
604
9797
4921
428
7542
5131
9856
861
7534
6159
3444
6875
5336
5230
7966
1998
7375
2960
1657
4698
1762
6068
165
8725
7709
6658
4554
2604
5651
4025
6951
7514
1402
7440
6756
4692
6002
5336
1180
1324
5094
5737
9966
324
6445
6272
8743
1462
1437
9489
2072
2109
1134
6015
8489
2714
4863
8062
1581
1365
284
5576
9894
4741
1145
3621
9342
4801
6126
8068
503
2089
3583
6194
3002
1923
8830
9487
1264
7820
3592
2437
4985
4004
2147
3607
2433
750
6589
1324
4482
1388
5450
7951
7845
3010
9379
1447
2324
1680
5851
473
2714
8472
3209
6265
6962
2452
5012
6593
911
927
5637
9767
5138
3134
1166
5068
851
2122
7906
5227
9312
7087
5526
6327
8778
398
7686
6906
3066
9973
9463
5161
713
8355
4871
3388
1814
1975
7038
2105
7156
3299
6809
3032
849
8528
6179
9484
5695
5956
4491
5512
7120
8614
279
6033
8155
7520
5937
1945
9615
6182
7577
9663
5220
3339
143
4966
2731
8713
2170
195
6000
8544
2536
3778
7556
5192
4261
7356
5949
6773
3582
4619
3427
2897
2444
4669
6745
4319
3979
9449
2010
9147
793
2539
4798
8219
8797
6032
5807
7416
7068
8029
6675
7028
3425
1030
3417
7500
3725
229
9324
1904
1103
3201
7297
9001
8401
9238
5033
5490
3168
7533
9788
9892
3206
8571
5522
2095
6475
3532
8297
9562
9571
2280
1506
5674
3318
4294
6158
4222
2869
6800
2286
7131
9113
846
7056
7214
565
7216
7111
7842
4760
3844
8570
3807
3044
4306
5773
4697
5277
2595
4074
7456
1029
9084
8774
4939
1475
2282
5988
6503
6055
777
8470
3232
6174
3432
3954
3379
2636
1772
3759
9496
5155
7843
1420
3556
1886
8234
7006
4989
7329
4130
6795
1616
8966
1764
3660
734
3540
8094
7104
6977
9948
6654
428
4804
3265
2778
87
7444
674
7443
3799
6897
70
1127
3654
9063
4401
2427
4380
6751
967
8334
7470
7564
9435
2723
4163
2733
2555
9896
2000
5563
5607
2198
1147
2928
1982
4150
7818
5935
2384
7602
4280
3770
9087
5199
2110
4222
1591
6183
5860
7778
6000
7706
2976
7259
3272
2658
693
5841
8177
711
9045
2972
513
6866
6238
8095
5920
7468
1168
3376
1809
6555
7484
9062
4999
4401
3967
2276
7125
6332
5880
6764
6174
8168
4766
8314
5527
9286
2308
2714
3739
8442
6197
5273
9739
9929
9156
122
9514
130
1414
8208
5335
4437
5941
1809
9233
7454
1456
8984
9116
3947
8793
3651
4635
5918
2027
6213
2783
8277
458
4274
4312
7011
34
4345
4202
3417
229
3804
8427
1242
7779
5610
5827
7973
2770
1063
4559
1882
871
3797
4604
9283
8524
5840
7534
3744
2297
6220
9081
726
9079
8839
5922
7088
1802
3434
5771
3006
5695
5330
7051
5988
5101
5029
2195
275
5179
3200
5839
7426
8227
6406
3108
5191
9764
6502
7269
941
482
9600
4531
4777
7228
1249
7484
5837
229
2245
4713
2366
5969
6877
3888
2976
7084
9749
2890
3656
9529
3190
3206
7593
9853
3711
112
2838
8098
1591
8605
7788
8891
5535
8902
9128
3378
5212
6354
7525
4184
9164
7022
9918
12
4508
3163
4384
7241
9172
4868
2371
7788
7820
5598
7752
9743
9453
6701
1058
8799
3426
2899
4724
5128
4802
3700
8792
6022
2920
6102
4224
2586
6333
2489
9174
1170
198
6969
3376
3492
2659
2291
2633
3552
6164
8809
9998
9981
9155
5845
5068
7067
7179
7670
6056
4356
8803
9233
1594
3447
4897
6026
6181
924
4455
1985
803
3176
5006
7551
4161
6592
2090
1755
7351
1045
6852
9693
7117
7184
3844
42
3836
1503
7305
8300
4268
7601
6731
5286
7131
7408
5821
4797
4500
9183
514
6942
6491
6267
4450
4480
7442
5804
1119
3586
5096
7742
6998
369
22
9788
6659
8964
7267
2646
6794
8823
7315
9119
525
2428
6071
5387
5883
7839
6617
1005
7570
4373
3206
2127
7497
8052
8163
3588
6481
9021
1729
1807
8359
3572
1529
7573
3211
8393
791
2315
4826
1120
9734
9513
5943
5583
9664
4219
9037
299
3461
7525
771
2690
4485
3561
5771
1589
3426
9752
6190
5507
7592
7845
8832
4171
5508
516
4414
1041
1221
8866
8516
4673
340
3534
7051
5210
3002
4704
393
653
927
8952
6956
2901
6894
6534
5980
3931
6591
7791
6687
4341
3911
8200
1207
5049
2170
8949
4301
8981
3596
5313
8771
7855
9664
1638
4666
5400
2648
4274
9591
7664
1585
7209
2821
1455
9132
6764
1863
237
4282
9711
213
4258
6883
1029
2246
7916
6780
6083
8234
2322
8212
7328
1663
5356
3428
291
4232
994
8065
5186
3504
6101
762
6404
9715
5235
6475
7656
285
6737
143
8476
744
434
8768
8954
4345
6108
4455
7704
1444
2507
8014
4051
3468
5073
8227
1243
7286
6769
9930
3690
952
2332
9885
4389
4315
5867
9113
3236
5767
9671
238
4220
7301
249
126
6598
5069
1069
9903
1103
5597
9767
3722
514
4432
2558
9110
240
6725
9898
5527
234
3088
3157
7869
5076
7495
6463
5702
3511
826
6070
9966
2575
3372
7795
5006
544
7306
4406
2227
1074
4746
4592
3924
7812
4528
2751
8488
9590
1129
5129
4708
9114
5178
2684
8874
9734
4596
2077
7534
5144
8461
9521
5515
9990
8423
4589
5249
3763
9893
5893
5080
9484
6330
7256
1375
5961
3137
6570
8597
3579
7733
4883
520
6147
6641
9593
8316
5682
4914
7798
6393
3028
7967
4412
4045
4630
5771
6251
855
4351
6828
903
7630
5865
1023
9638
3815
2066
1469
7034
5067
9407
7443
7666
261
4220
5827
6436
6858
3740
4968
3972
1220
2913
959
1295
6552
8452
8290
9839
5320
1167
6092
3297
7225
5645
7927
5696
4491
2677
1255
6539
1709
3488
8009
9301
3372
7029
2080
5756
461
9467
2179
5699
641
557
495
505
1661
4239
9625
2654
6090
9166
8893
5721
7503
1682
4558
8473
814
3836
8829
1118
8293
3994
7038
9792
826
5665
8995
5200
3634
186
5430
5513
4004
7097
5185
5639
4418
4273
2025
1540
4655
1957
2466
1950
3008
9712
9968
5379
1126
1471
5998
5234
6197
4172
9742
3148
1618
6324
2131
4760
5843
2386
9918
8574
8045
6843
785
6092
6191
1358
9787
6286
6458
5121
1243
4109
6747
7847
9480
8513
8926
1764
7688
8995
6259
5474
4760
7795
5454
6052
9578
5018
3653
978
514
3429
3179
9358
4440
3825
6728
5296
8193
1019
3525
3486
89
1839
7398
4070
6923
8173
5938
1830
7088
9419
4459
5104
4355
7052
8290
5406
9436
8446
3079
1601
8907
9908
4437
4368
9574
301
4713
3751
99
765
3518
1471
7473
8676
2575
372
3066
1023
7744
8891
7958
3677
9685
3871
4672
4401
6742
3060
6595
4382
5916
4691
2377
5794
5581
724
2041
746
5661
1174
6409
7
9105
3699
4914
9592
6123
204
4982
2038
6283
9612
6180
6841
1843
1871
3761
2568
6820
5200
2866
7506
7122
9082
6463
7851
4825
6990
3475
3533
367
5262
6265
7548
3033
484
7573
6654
139
3019
9468
5777
3799
3574
3647
5657
7145
3375
9504
6453
3774
8389
1061
5026
4427
5451
2879
3213
3659
5993
430
9539
2568
3303
3082
5316
5932
6556
8320
1338
3683
5451
5580
6806
2502
6976
6556
7700
3740
9717
2864
9112
1777
5613
6044
6933
384
5242
792
3544
9840
123
463
8966
5760
1547
2810
9009
6120
9820
1327
7228
9717
4557
2726
6989
931
1539
7016
6629
9842
9591
8786
7081
4998
823
2664
1158
9252
7751
9097
1864
9165
5143
2272
8559
6493
9620
1211
5999
287
2389
6101
3482
6397
1332
3964
1643
9343
7742
9224
231
1239
9077
258
4529
6784
1822
6704
2010
5662
3181
2863
1112
2674
4403
2685
4332
5992
1461
8867
6212
9725
3808
4345
2274
7814
9257
7100
6848
7212
6718
4652
1251
5442
1491
7748
1900
8671
4560
2396
4537
8753
2762
9275
5425
3967
7798
3331
401
5087
7984
8741
7959
4021
1582
705
3344
7616
4279
7470
5878
6281
2953
4630
2114
2486
8786
2651
6813
8455
578
5853
6245
4938
6083
7120
7709
4957
2595
9727
1463
1798
9659
5662
4940
5324
2037
4413
7648
4159
5705
1103
8407
3715
1963
1657
4056
1254
8431
2539
8406
3422
8334
8782
5119
5523
5492
4500
4931
1242
6350
1509
8153
1642
6590
7227
1174
4403
5436
6515
1441
7869
2754
7456
4535
8437
5936
3456
2711
8280
9949
9912
6225
9642
839
4556
2724
5401
7447
7662
5716
4498
6378
1542
5001
3920
6055
5982
514
9675
6169
3052
2039
9803
1110
8867
1033
9142
5657
8623
8158
393
4947
5528
229
3182
2395
7584
3993
8507
5138
7736
9423
596
6765
868
3606
8657
5540
9116
9186
8123
3494
7698
4605
7950
398
2321
638
2151
3000
959
2933
2946
7484
2062
585
4236
9179
2021
1549
8408
8034
7488
5675
7286
883
6544
5499
8532
6805
165
504
2616
1763
2043
7591
305
2151
2354
112
8181
7123
3100
3198
5883
7313
1569
9892
3132
574
5278
2178
1447
4821
2881
5596
248
9238
4610
4059
3992
8815
2887
3544
7548
341
9855
9189
7967
6053
1540
1705
4907
6355
9464
8043
2646
9620
1828
4818
3292
3504
6745
7347
8595
9465
5768
1663
2724
782
7209
2907
7225
264
7386
1895
1311
9573
9873
5087
9082
8338
2714
9239
3159
8369
7291
8397
1238
6290
386
8655
4930
4258
6017
3953
5074
7629
3445
6357
3467
9734
2547
6191
7672
3686
9304
1895
5079
6146
8576
5912
4535
9363
3429
7894
4890
3610
4556
359
5094
2463
2477
608
8691
9038
5741
1707
2887
5936
7850
2389
8317
7687
5720
9004
112
6777
2207
4863
807
7806
4848
5529
826
6428
4101
1479
4477
5374
2404
3057
6681
7725
1328
3613
7803
1769
6600
3975
130
4138
699
3075
8643
3066
1710
4556
2851
8973
2174
5442
9001
7047
6738
2256
686
5984
9660
7217
5004
3915
6926
2764
6852
2881
570
826
7394
4869
6218
2501
6704
4455
2335
5168
9073
9787
8204
5885
3494
4284
4812
5651
8470
7998
532
8843
8767
9024
9790
7225
619
4598
8081
5408
8323
5410
5098
9067
7991
2878
465
8622
3697
1891
894
4266
4569
7614
6854
3000
7503
3982
1094
1257
8134
861
264
621
6761
6491
7398
3892
650
320
3209
7500
9575
5004
731
4949
5450
9652
1795
8350
2336
5807
9672
1508
302
4170
1031
9318
2164
6024
7998
5327
3112
8316
3318
1492
321
4423
3967
3856
5174
4353
4038
2295
7897
7584
6948
2103
5165
9822
1598
5115
336
546
1960
73
262
4444
3885
3578
4786
6333
1400
4070
2125
3847
8139
4356
977
3646
9581
3989
5161
3009
7122
7601
7038
2960
1237
193
8874
2851
3596
7088
7725
5371
3975
278
745
6570
9732
1848
6631
4128
1357
6463
4548
4503
5963
2672
1536
7054
5546
6542
1736
5027
7947
1264
8698
2173
2772
6570
2315
3540
5406
5735
2153
5704
4755
4841
2196
8792
4437
3525
5823
1506
7722
9513
49
1491
1188
5692
8396
9633
1402
5186
6594
127
600
8878
229
7170
4710
9706
4834
9012
5121
9409
1354
4647
1876
3577
2850
3193
9847
6320
7880
6825
7720
3617
8974
8993
583
5224
9080
7889
448
2158
3690
4383
7268
944
315
2748
6686
3829
1138
3474
6483
5033
9398
6675
2977
3578
4109
7155
6503
2704
3183
3365
5013
1195
3393
2359
9743
2039
5237
1315
4231
7997
8695
4245
4866
3735
1048
8588
4098
9255
8391
7573
9040
6709
8222
4266
6667
9521
7477
3752
2957
8793
7477
1626
9424
5994
8984
4928
7869
4456
4279
4527
5250
568
5946
392
8540
1738
5903
9249
111
8408
6050
9312
9548
4284
9788
9787
8891
5358
3239
2241
1538
8295
7512
822
4507
4955
7851
8844
7118
8950
5356
3276
3651
2104
4800
4065
9324
6456
980
4959
3801
353
7109
9764
792
9752
7751
3225
5923
8553
1770
4959
5130
7484
8506
2173
7742
3959
3159
3138
2890
6438
2544
2838
9221
7875
4406
8241
4118
2466
5584
1080
5515
9773
3224
3261
1093
5430
422
3004
1627
801
9114
6121
8778
7306
6318
1151
6239
4060
8959
504
3971
6114
4769
2217
7428
4885
4362
9509
80
4724
5864
8802
6672
1251
9543
706
246
1055
2731
2980
7513
2932
8403
9405
2568
2513
9189
430
7451
9871
3647
2297
7958
699
2456
305
1919
8983
8935
794
3854
9147
7887
5738
6120
961
1651
8040
2747
4991
8285
664
6080
2402
9258
9096
9738
8209
9591
8389
1321
2126
1075
5236
8798
2026
2355
5396
4201
6258
7548
9642
4105
7787
1186
514
5587
1141
9591
3261
873
5040
4711
7878
9289
4663
3045
4128
2306
1821
5191
1055
1741
8570
5013
7664
8275
1000
4369
3908
5831
2286
2125
8394
5727
5949
6601
6126
2667
476
2886
8170
5443
2138
8300
5514
4707
9430
2261
6553
6313
2239
6050
5062
7701
6958
8573
7983
7668
8369
6753
6819
9741
1895
598
8892
3479
1893
7678
3046
9886
1401
3728
403
6847
7745
1914
2630
4528
3611
1955
9226
1919
5690
233
238
9381
7073
98
5458
8067
8233
1497
5292
768
443
3809
4751
3436
8696
8576
4386
2169
9148
1398
3761
9227
178
2831
237
1727
9509
9730
3735
9083
7861
9259
956
8338
1252
844
6683
8367
9656
6427
4819
781
699
772
6294
3148
9567
3544
3979
8243
4696
8482
3964
7320
7154
9666
6020
4113
8620
6002
7694
2327
1975
112
5756
9249
249
4540
1519
242
4296
8100
2077
9522
1323
2350
2032
4029
153
6440
211
6531
8204
6406
3593
7579
3528
1975
4036
1424
2110
7748
8784
381
2550
9962
5688
9868
1403
2591
2176
2533
7886
267
1848
6654
802
1297
8695
1898
4728
8092
8681
1203
7426
1611
9453
7511
3751
1220
2817
9712
4974
4949
5509
9975
1482
5230
9886
9573
4612
507
9771
7933
1524
9472
22
4325
8511
6865
3040
1333
4704
7398
3990
1645
2840
7498
5602
4408
7951
6137
1630
7126
6701
198
5205
2451
8628
7291
2553
8799
8495
4564
7787
8034
4148
94
2136
3143
2209
2444
516
8005
2421
3822
143
3402
2620
9554
9379
3482
6768
353
8891
200
2542
6981
9877
6981
47
5701
8980
7838
4959
4554
3908
9176
4532
2261
6593
6155
1797
2046
5313
4823
5722
3284
3435
5249
434
5449
9994
4279
5867
3933
8995
6235
2592
1397
873
9641
7454
2421
5992
6388
7469
3072
5049
6543
3006
7348
9382
5159
6058
2649
3465
6745
9970
6568
2233
1229
3788
1142
9991
4968
1037
9218
2505
6169
5751
8949
4375
6620
8486
7701
6834
669
8867
2186
7820
9090
8581
6641
422
1689
2730
375
5881
1818
257
7875
6138
7952
4417
5803
3161
8746
8417
6417
631
3123
5114
9795
4233
1408
5074
3911
3808
5450
914
2883
6358
4444
6406
6069
1023
1520
2216
111
9288
923
8540
1711
6568
2213
3245
3534
7476
7298
7633
5889
4121
9061
7425
503
9913
818
7106
8763
1525
4884
4771
3540
4092
111
2070
8513
1557
6450
1902
6360
2683
8165
7593
7678
1696
5946
7484
9259
8527
4026
5868
6260
9210
9038
2393
3295
6005
8073
4824
6856
9488
9155
392
8445
5824
630
6024
4403
858
89
158
2318
6976
9642
4262
3967
4321
7131
5225
1610
8153
6530
227
8788
5951
5716
1286
1700
2564
6587
2836
4293
4261
2069
9353
9233
3911
2908
9682
5155
6223
1075
4711
487
4056
2113
2335
2144
5619
1570
978
4531
4282
4765
8770
8847
2664
2176
2000
7911
7823
5203
7300
8163
606
2303
1048
2038
9196
8969
6185
1335
9725
3836
8280
8414
5470
2489
8992
358
4139
7772
1051
7031
7506
4439
7709
8793
3549
6390
5004
2910
9300
6811
125
8629
4976
6445
572
9403
9721
5639
6716
8474
9378
9754
234
4484
7514
1444
2855
911
5246
2892
6956
8751
5730
3914
5535
9104
2441
9595
3500
3585
7275
6274
3992
8671
9194
8799
5445
5618
5155
182
6412
8001
751
9384
6838
5314
9811
1979
2537
6622
4531
7095
6437
5394
9133
9022
2011
7765
5555
1471
3578
4516
1520
64
1281
8491
8987
7012
2640
1236
4149
4884
3394
1
6641
7348
5632
3388
7642
2963
8028
401
149
416
8929
6459
1458
9015
1852
8459
5923
350
906
8484
2853
7094
4178
7219
5128
9006
8260
2625
3879
5745
1574
6512
3629
1996
6861
4262
2664
1200
6852
5646
6277
4973
7166
227
6428
844
1180
2714
9103
4791
6728
7927
4678
2590
1030
8876
2220
6962
4179
6118
8575
5694
4180
3797
3971
8127
827
7173
9951
9173
9378
7898
941
2683
802
2732
2527
9823
7816
483
7702
7070
4596
7806
7820
4863
8420
8303
8337
4624
1538
3145
3679
2762
9797
7081
910
9508
9104
4228
5594
480
7853
6305
5985
2806
9755
7578
7248
4414
8119
1092
89
4542
1331
4640
1763
7368
8774
1208
3752
9887
4056
9286
4171
8479
3504
777
5423
8040
7491
1444
6359
5200
5565
3544
1772
2058
5160
9979
4939
3198
9951
8731
4077
789
7856
5921
4919
8984
7348
5917
4636
9578
1257
193
3771
2905
5219
1083
6350
8144
4202
4803
5079
2261
4999
7856
7072
4498
4180
4912
5715
4839
5449
3643
9750
8968
907
1407
9226
6659
1090
4733
5815
2318
343
802
7873
5316
4378
3900
3533
8564
514
438
1421
8771
165
483
4859
4026
1630
3277
6542
2264
2219
4111
5377
8453
4740
2124
3354
1794
2259
4479
293
2118
3019
3369
980
2832
5018
5692
438
7097
2231
8664
323
2683
18
6600
3006
695
558
4788
1911
287
6684
3704
8711
6858
4782
1625
9722
9283
1794
9976
4276
7877
9275
5716
2891
7615
2436
7452
1506
4301
2137
9978
7902
1614
2402
2321
2891
9048
4273
6262
1701
5181
3361
9742
4588
6350
1407
8950
345
6713
1518
6948
4860
7070
974
9976
8607
2572
9389
7920
9127
3422
7470
4047
2726
852
2149
8383
1227
9430
986
6022
2248
4195
9761
8589
5472
304
6556
2766
8898
7981
686
8399
9227
7011
9716
1463
9518
6053
231
151
6048
2496
6797
664
2087
5246
7227
3915
2702
6354
8965
9685
6684
9374
8055
3201
5059
5590
8033
7726
5057
5228
7936
3349
9003
2971
2630
8692
8550
3878
2402
2866
7834
4642
2139
8622
9979
3715
7015
4634
9017
7612
4383
3390
2162
288
7417
1558
7425
7481
7576
5896
9658
62
9270
4007
2835
4903
4414
8662
846
6544
4082
393
2780
3517
7195
4325
2860
5623
2432
8450
442
7850
8422
8510
5430
9181
8427
5169
7848
6995
468
8419
6032
1972
3754
3529
9104
3447
8270
1061
7239
4371
522
6168
4987
4972
2782
4823
1172
231
8607
2743
2367
1789
6733
9258
463
8414
459
7317
4248
1900
6472
8083
2820
1276
5954
2371
3979
9926
2680
5470
9358
977
5292
5841
8570
2074
1050
6738
796
4838
8331
8615
3590
4631
8408
7964
2315
9608
1069
4889
5028
4500
5549
6182
3982
1106
8259
2414
5245
9845
8267
2576
3270
179
9692
2657
6418
3313
2610
5855
7398
7170
2509
9781
2702
278
2179
8014
3693
9056
6383
6209
3911
9912
9715
697
7503
2834
4404
5157
2575
3845
6210
5013
7684
1611
7456
7481
9222
6563
3354
8758
6292
734
2181
5770
8271
2030
4822
9260
768
4537
1932
5903
8253
9663
4174
8290
3747
7109
5701
7678
9003
7417
353
1798
7948
6336
1379
1211
2964
1149
4542
5340
871
6151
9386
3771
4102
687
2605
4011
3152
6979
8242
6259
7701
1685
8208
5211
6054
9550
9131
6745
1243
1306
7126
3628
4679
3483
4865
4574
2117
1396
2000
8565
2530
2810
1898
4450
7461
3865
7811
8367
1843
8459
756
8061
493
3713
5124
913
149
4714
4844
9548
815
7806
5667
6777
9190
6590
7413
6464
43
8854
3307
4336
8759
1273
2799
2315
1543
338
229
4002
9952
3087
21
1873
9895
6201
4195
8034
7817
2380
5063
6744
2074
4682
514
8130
3910
835
5596
5479
4487
6784
9754
4618
3911
6239
2964
7833
1611
224
5242
7992
3131
2878
7580
3727
444
465
1204
3257
6605
6939
2799
1027
3603
5510
1352
2256
6124
6619
3093
6121
6328
815
96
6648
5816
4870
9992
337
1504
9986
5424
1500
4691
4775
9716
8996
9035
8488
1902
6495
2764
6831
305
9166
902
278
2229
4546
5192
8447
7395
859
2765
6689
6463
6639
7840
3095
8557
6784
6615
9710
7305
2205
4614
7427
1626
472
896
8614
200
5931
305
6706
5461
7698
4021
558
4199
3275
5528
7423
3683
5911
5826
6254
9955
2126
9580
3497
1574
7791
5033
9083
7267
1028
6664
2028
687
6068
4779
9594
3565
153
5280
6976
5059
4390
3617
2893
8271
8623
1330
3134
4117
42
3872
8839
991
6183
5658
9121
5744
8302
1186
880
463
5756
2746
785
9466
8835
437
3196
1612
7288
4430
1251
9896
8088
3201
3068
2181
2161
9205
34
4889
6540
5292
9526
5750
2829
7009
919
1459
7509
9483
8529
977
5025
706
4371
9456
7864
7698
6326
8390
7288
7556
7123
6205
4101
7686
1244
3956
3561
6570
7375
4913
2766
8708
3617
5962
6958
7179
2661
1379
1388
8433
8301
5454
5002
6879
2098
971
8681
9236
8980
7634
2807
8453
4081
5558
7606
4257
5879
4673
9654
5428
298
5481
9194
4882
2421
9123
7884
159
1610
3786
8059
6605
8862
4102
1816
8452
5373
7876
6580
6222
4333
1900
8224
5998
7220
1829
643
211
7365
8274
7001
8807
8572
9871
9222
8756
2437
1969
9649
3879
4307
6045
6382
6397
7556
3822
785
1862
503
7195
7405
7966
3679
1201
8095
3647
6679
1939
4238
1789
1037
160
2830
5177
9925
8063
6891
3671
6865
194
4777
3697
7209
5795
8985
5164
3836
5414
6686
7709
5056
5236
3792
8667
4444
7316
5954
7698
1231
1117
9601
1882
2502
3131
4131
198
2652
5237
6598
9822
9509
4513
2810
716
3819
9048
3879
7777
8475
2850
3728
4480
9325
5202
4210
7592
6747
5830
4768
51
977
2878
3427
9257
9423
4236
8500
9520
6889
6995
9770
7323
1125
3829
5618
4369
8804
7239
1165
9411
5748
8989
7591
6023
7298
8719
3072
3184
8290
7395
2102
8390
4879
6745
5520
3954
5714
272
951
233
2173
9664
8969
1811
7364
795
2931
637
2327
8884
7564
1645
4535
3983
789
7188
9803
9494
3277
2371
350
4503
8604
580
7009
5700
3208
6943
7840
1070
1448
4808
7347
7915
6895
6995
9809
7089
4962
4208
7437
4029
4859
9083
9877
8048
1639
8380
746
6898
8102
2477
885
5348
3302
3433
9013
539
5837
2243
8266
5984
6845
8161
9042
4842
4774
1535
5658
2397
4096
6684
2881
5903
3492
9565
7493
4897
9795
3590
3522
7480
1632
720
7464
7950
7620
3696
4717
5581
9699
8417
192
4988
1953
7430
4402
8152
4143
6126
1898
364
5729
9510
2746
5754
9555
3878
8042
2123
5117
9
1932
739
2638
3333
1963
3929
1143
6334
7894
5793
7231
1531
5926
1975
1033
9444
271
200
6898
2165
9815
7448
7808
2184
9006
9557
6601
471
8930
9979
784
3992
7951
3772
9219
802
8833
1010
9375
9547
8580
5334
651
1939
5321
642
3822
4815
6950
4167
480
9395
4536
733
2179
8895
2766
6138
4065
7519
5917
3990
927
8745
4810
408
2384
877
341
5427
3000
832
1477
7031
914
9025
2363
6481
8738
9859
3040
1645
7809
5825
8947
8700
6080
4502
8629
2102
4715
463
4835
4290
7984
7248
2610
5273
3565
9768
4627
7151
8888
1763
3354
5006
8856
789
5689
8492
7678
8401
1588
2045
5142
5852
880
4689
9784
5757
9129
4523
1738
4987
721
753
1703
1480
4752
7251
2537
1668
342
7633
7803
2373
2727
7492
6390
5114
8338
6035
9534
6780
4846
2616
5695
5606
3894
8034
5117
231
3985
666
1171
187
3296
4410
2093
9584
2354
8983
9864
3383
1042
1103
7209
8922
1730
5095
7297
1636
447
1359
4447
5302
428
9866
8711
8570
9245
6179
6342
9902
980
8614
211
6525
1265
3170
3775
7005
5639
392
2625
2624
729
1081
2150
4962
6543
2038
3404
4426
9899
2236
5180
5633
7620
2283
3488
1331
7820
3504
8483
7937
6071
8927
6556
7148
7014
3453
1196
8657
5517
2727
9956
3204
5939
9425
6388
2568
9631
3206
9307
825
1142
89
7808
433
9951
4319
2152
3902
3022
3694
6265
3042
8875
7214
3011
6126
1688
9946
9652
6659
8557
7512
8314
2659
8298
4924
395
469
3657
4344
9469
7537
1727
5038
7384
2466
4615
4629
2562
4282
7198
4282
204
1476
6898
3256
227
1184
4517
2441
8971
8844
7497
5678
5324
7477
9706
3715
5315
6188
2646
4573
1352
2750
4961
2176
1401
5235
9178
7297
8774
5917
6958
5952
5735
7812
2737
6827
5337
9847
7602
1776
4165
3131
579
6884
3865
1458
764
7940
6216
6369
1655
5801
7808
1321
3019
1056
8538
7380
4760
8383
3815
9345
6483
7866
7816
7545
1654
2548
5614
3642
4577
7120
9320
6084
7413
1260
8342
3123
3582
4124
6986
7325
2404
520
7541
2601
4747
2245
1843
9370
3247
9464
278
9489
4204
9474
728
5720
4004
3715
1620
3754
7083
966
6292
3707
513
2958
2108
5297
3682
3272
218
6891
6448
6054
9833
5517
4319
3297
9918
6423
6209
3134
9664
6454
8425
488
1430
2377
9163
6258
2714
6850
2922
8366
139
8254
4513
3585
1805
9111
7400
5637
1511
2994
480
4883
7887
2499
9108
7881
4736
1647
5220
142
1149
6469
6271
1192
7420
6144
466
8813
7550
4210
4376
1174
4502
7269
662
5025
2957
343
8251
8675
3286
2274
2277
5999
3594
4824
4560
4052
6427
3079
347
398
764
9762
894
5788
89
4326
1338
4871
2084
3112
2748
4570
9479
8691
2263
4755
3781
4954
2886
8601
8114
7209
5944
5268
3153
2563
5330
106
9185
3702
3289
2068
6976
8509
1295
7473
6725
5821
773
6527
2206
7070
984
9790
4363
8848
2762
145
1502
1483
8638
926
4988
7523
6258
5640
9941
5138
5248
9405
4564
4047
4437
4247
4319
9070
6384
9162
2721
2657
4860
6905
8267
3403
9678
7101
848
4392
1324
9890
7143
9311
516
657
1705
6351
8204
5680
9836
8910
7166
1202
3290
1082
2292
9805
702
2884
6895
9149
3513
4112
8254
1509
8447
842
3821
5479
1573
7142
2703
5945
7248
9949
9127
7333
8752
8487
327
3729
774
3295
9765
1341
1524
768
1635
9779
4043
7758
1845
4224
2653
7393
990
893
9581
6683
2993
6023
4530
6751
5363
7001
8712
9559
8095
9257
5541
6141
3046
9691
4100
3877
8552
8825
9010
1002
3913
985
9664
4002
939
3051
7641
208
9131
4503
9300
2148
8136
949
8939
2652
3411
9309
8425
2388
6428
2242
352
1108
5474
6209
1358
4039
871
9045
846
5285
504
7266
4162
561
8731
3334
3057
6230
9543
1796
9695
3264
6687
6534
3354
2161
2827
2265
7590
3378
1795
8454
336
5847
3550
159
9949
7567
7809
4447
2234
4123
8441
3024
2816
5812
9038
7081
9033
1653
6747
7184
1449
2119
6408
1335
6853
7428
1067
6169
5649
6279
122
9425
1798
9512
5105
3447
7948
7295
2433
9475
77
1463
9601
9626
5513
8909
2907
7053
56
9836
8561
9436
8255
6797
7925
5654
2597
361
6853
9317
9510
4915
4150
1009
335
4697
3964
4045
1288
1048
3900
1517
2023
3070
1830
4136
8456
3685
3454
9220
3797
9789
8941
924
8323
5211
4949
4875
7928
2364
6777
2150
2965
3329
7645
1828
5190
2253
2313
8570
8908
1570
525
5517
3094
2996
8490
8106
9739
915
9026
242
9176
2626
7803
9547
1155
7522
7184
6167
9710
629
9579
809
1875
8152
7355
612
7897
1268
1913
1987
7806
7863
468
4876
5683
6520
9728
3629
1388
2795
1424
6422
4517
8204
1920
4229
2946
36
2754
5903
2778
796
37
4559
9011
3621
7670
8883
7427
4875
6412
4846
5578
129
2445
8870
8959
5337
8371
8743
867
2448
8391
4118
1569
3725
5154
1585
9122
94
1657
9313
9580
9355
2628
6648
4070
6531
3024
5808
9874
2726
7898
5193
2605
2277
1884
1907
8864
5696
864
8508
9234
9332
2689
1985
8227
5951
4523
6516
1574
107
143
7572
8112
5178
231
8763
9964
6606
4531
2830
9220
322
640
152
7954
3621
6422
9290
1284
8342
3818
4627
3997
4256
446
5442
90
9903
9334
2069
1491
5985
2608
9867
1626
7884
7452
3346
3922
3235
1114
461
1472
9442
5237
515
8914
1418
4583
2595
3715
7195
9371
1676
6236
5381
3213
4591
3457
5729
7030
9641
1480
7403
5565
9464
9547
6845
9836
1823
3208
7831
7403
426
3084
6413
135
2580
7684
974
2609
1998
9338
3736
6445
7112
7754
2239
4647
1337
5049
3201
7937
8369
3401
8516
330
7367
1913
363
8598
4585
1604
8472
1975
7956
9552
4815
1214
7691
2325
9725
9863
5851
6353
135
9923
9520
6877
7975
7269
3321
2122
7687
7923
6720
982
1295
9225
7484
1258
2422
984
6830
215
151
1757
2988
8873
9677
8415
1431
2524
8453
1301
5817
6436
5476
976
7950
1358
8014
2380
3069
2341
6764
4705
5363
1019
4143
4925
6614
5580
1939
1553
8215
8263
1361
2229
1612
5694
8033
2050
8056
4858
1289
5043
7142
6631
6938
88
8775
4356
1989
8190
4614
4575
6961
6493
9641
3012
9045
2028
1814
1676
3419
3054
802
2502
236
9987
3363
9989
9012
1957
4652
3072
2802
4392
9001
2104
6247
7209
1807
1142
1882
1346
6769
4332
7809
8702
395
7758
218
4475
3310
2766
2647
54
3245
6527
5608
7959
6427
9358
4861
319
8034
9143
1393
7672
9537
4070
6809
3878
1375
4943
8562
517
4032
2658
2757
8279
2999
9413
8663
9493
5916
4829
373
2816
8720
9157
8357
211
9104
6733
262
9771
1288
12
1889
9616
6578
2083
9566
639
9302
4876
9137
2027
8674
148
1236
4231
6315
9404
4185
3477
3454
9480
5372
666
5766
4233
7289
5139
2637
5688
9068
7306
5905
1868
4053
9861
4974
5606
351
1034
1431
7787
4452
3334
4053
6970
5880
3133
392
6039
7809
4651
2673
7881
7138
4689
1857
8992
8109
3192
2541
3403
9501
3264
683
7384
6934
7808
648
9586
3138
9275
8640
3506
3131
6656
2370
7850
8534
5905
4410
6110
2747
4152
2156
5437
5830
6994
73
825
7005
7694
7591
2262
1628
9234
9984
9996
285
5225
8907
6529
6672
3289
517
8529
6793
2419
6102
6973
4250
143
7350
6359
1342
6989
5303
5475
1119
7663
1934
2399
9755
5962
3589
9734
8677
2658
7634
6534
4187
7470
5509
4922
1116
2986
1966
3046
7447
9669
7356
3368
227
8329
4372
8396
8355
8494
1142
4465
1526
6193
19
7586
3967
6617
6894
196
7598
6201
2631
9984
7779
2792
2785
4906
4263
8897
216
8741
2829
2288
8600
5579
7891
7883
3756
9764
8762
529
3822
2937
271
160
4881
9449
2012
5857
1604
2346
6614
1971
511
4448
2705
9833
4469
7336
6014
7462
4637
7823
7084
5045
1994
8605
400
4014
2835
3178
7654
5998
5753
149
4798
28
2372
9606
4956
5225
7408
8425
3445
1225
8933
6644
4579
5704
3846
4721
9230
73
9278
5714
719
7268
6396
1141
4342
7281
8374
5226
2266
1910
9203
169
9967
8238
9120
4357
6836
3051
7706
7576
7555
8484
4152
8344
1398
6026
7995
1165
6250
4618
5177
1192
7031
4452
3697
4035
2755
27
5165
1670
7456
3584
454
6219
7851
7951
5977
9074
1387
8879
4695
6881
8925
8629
6831
8313
8031
3936
6887
7031
8290
2077
3213
7776
3620
3734
8539
1673
202
3578
1511
4462
3818
4333
1952
298
3886
1386
7531
3101
966
7514
7992
2752
7656
3060
6154
3722
4538
2415
1732
4108
9431
4973
7753
8119
5910
7017
671
4161
1076
2552
3474
7812
935
7518
6464
1565
4592
9465
8095
6909
3725
3601
5432
8611
8073
3451
5677
6839
6417
6004
9326
674
7628
1298
8744
4273
3709
1903
2911
6920
1212
917
8676
5921
3334
4556
953
1298
9725
9095
3040
3407
8843
3445
8161
874
1238
4141
7002
1018
7501
9068
2765
8619
9998
3345
7769
4245
8252
6140
6631
4624
9921
8897
6876
7295
5911
922
5015
5269
5007
9480
7331
3201
1526
7073
9534
2795
7820
2258
2402
9919
6825
6811
2678
3876
3481
2398
4178
3265
782
3354
2070
5989
1434
8624
2663
3152
9678
8460
6566
2441
2349
9589
2598
8661
249
5599
4286
8959
7515
6581
54
5031
568
4507
3153
3137
9459
4637
4260
2623
811
3799
6543
5178
8108
7686
6868
6676
8566
4204
4306
8954
1534
1722
7045
1718
1718
5024
6264
4230
974
7952
9545
4904
9143
3688
4711
3502
9970
6605
5880
836
8285
7409
7420
6713
3227
9193
2523
5992
7862
2952
7192
6243
9244
2394
7995
3222
6795
434
5273
8482
7022
77
2328
9534
3529
6247
3670
5324
4991
7453
6705
155
1164
9261
7145
7548
908
6531
6260
1732
6678
3131
5733
8359
8387
6324
8262
5092
4965
7156
3904
2725
4321
9524
2496
2832
4158
8238
4869
2841
6024
6495
4669
675
2840
1082
3464
3275
4277
4695
9119
7270
2575
5388
6639
1789
944
6552
3224
8520
342
640
5972
7226
5833
6645
8117
5279
5872
1386
30
8851
9584
3620
1857
4839
4589
4541
5499
4846
8366
5959
8972
6213
8012
7748
3232
5446
3968
2116
2311
8807
2260
2938
1867
5873
5724
92
7869
4000
158
2064
6654
8431
7963
781
4079
4823
1418
509
4723
1159
7243
8257
7214
975
6725
454
9559
8636
8868
7197
2400
2907
3615
9471
9301
1627
7500
5826
408
1907
3263
1632
8295
3636
2254
9114
6753
8741
6161
7347
4365
3133
4189
6967
9246
3163
8781
6623
3336
9970
7394
9716
4325
8647
2159
4152
7216
673
2883
4410
1268
2433
6309
774
4869
4178
1693
4541
3658
1530
7165
3363
1610
5636
1717
3760
8935
1324
8684
9099
5423
4818
9353
5521
8169
2055
8323
9602
1703
7523
2204
8302
5997
4126
5245
2232
9344
3954
8340
867
4531
4721
841
2562
3204
939
3725
3019
2856
2248
3935
3136
6119
465
2988
7439
5507
7165
7918
1204
886
5253
6004
1782
5007
7617
2901
1836
5232
2177
9301
9840
4477
5682
69
9615
4778
7875
1135
7251
5091
3536
7617
2854
6629
4989
4588
3874
6189
8438
5806
5559
3994
4321
4828
7622
9124
137
1992
2785
5024
5989
6056
9529
2988
2105
2410
3196
1106
4535
514
8283
2336
7477
8513
9344
3019
2662
6267
5245
2152
1131
9280
4874
5398
4389
5693
1723
2960
238
9772
796
6609
8254
5513
8883
9038
881
2793
4356
8153
4547
5468
7631
4473
3849
4538
5571
2413
3421
2955
5202
4890
4049
7823
474
8643
7059
3522
8705
7188
5730
1225
8358
8073
2964
9462
312
3904
5624
7775
3458
4594
1823
8604
6866
5736
650
3297
4355
6918
7789
1025
834
3989
1679
333
5544
3033
1743
5758
6472
682
6594
3284
2540
3897
6285
1259
5254
6115
3617
3232
7915
5033
5274
1857
6089
7250
2605
4174
1491
9676
803
665
3797
6589
345
6242
9207
1886
412
5354
7856
6189
7193
7166
5524
1281
8091
3578
4207
6351
5103
9002
9374
7698
5234
4410
5720
759
442
300
8436
1825
4678
8424
8436
4399
4542
7686
8184
9447
8890
9088
7369
3547
5427
2219
9339
6254
3801
823
7186
9757
3339
7067
6836
3701
261
4253
5930
8317
8272
306
4398
743
89
8175
8695
6007
7758
7519
7829
9539
9708
7159
3917
9428
4951
8390
5669
7723
8162
3582
7403
2387
6019
2352
3872
7434
9822
1312
5122
8129
2220
5974
8927
498
5814
5026
5806
1894
2592
5850
261
1327
5297
9586
8875
1948
4102
1199
4729
2569
1728
2709
3859
2647
7462
5245
2050
6297
5387
4277
3807
3643
2429
3503
3725
4356
5297
3804
7170
641
8734
3754
2659
3893
9174
1262
9567
5513
5920
2684
6033
2940
312
1659
9459
6825
347
3824
6038
3984
3090
2859
9076
3664
7994
2136
7473
802
7142
1252
3522
1507
2086
6947
5935
3361
4863
1575
4039
2237
8977
6748
8610
4086
7752
8552
840
9055
1964
1418
4132
5940
7934
2202
3503
8715
6790
9503
1006
7734
571
8589
9115
9492
981
322
2890
542
8429
1616
811
3145
5023
7348
6728
2332
4365
4227
618
6265
8196
531
2658
6381
9387
57
2713
6139
686
3622
1973
6958
1365
7834
9475
2644
2803
3132
7520
8300
5443
969
5765
9954
7815
667
1892
8746
8613
9600
7708
8517
3888
2864
7648
7994
2165
4952
8206
8903
4487
2000
9198
1413
5462
7189
1714
4765
9171
3138
3146
2324
2186
1814
1265
2429
365
4527
4365
8686
9802
7803
2589
6522
9104
7652
7276
2508
9209
1714
6788
1607
8690
985
4486
4463
7417
7158
3544
818
5906
3990
4889
1255
8775
8316
256
1450
8300
7618
1158
7472
7773
1471
2150
9974
2055
848
5730
2232
1158
7927
7347
2743
1639
5334
7015
8778
3609
463
3151
5007
3458
470
9175
1460
852
634
3540
5751
5410
4559
9940
2840
4859
1285
8303
8047
9720
1294
3844
9142
7948
7948
2811
1358
8604
8975
2376
7473
2229
346
6644
5844
2480
7666
6097
3493
4342
3433
2927
4042
4112
4748
3233
3921
33
7067
5714
347
5362
48
9940
23
9011
1408
233
4360
9523
6581
9006
97
7411
8455
3351
9756
1673
1094
312
2537
4529
7879
1113
1383
8400
2996
7327
4657
5737
2924
7750
395
5282
9124
994
4315
7767
322
7787
5610
3851
8595
3256
4935
890
9668
713
3544
5006
5300
7047
1022
674
242
316
5942
6803
7250
3284
2260
5968
143
358
5490
4399
8584
264
4808
4338
747
7420
6792
8578
3607
2039
9276
235
5813
5123
4100
9623
7748
9169
1636
3283
4216
894
1357
8905
8309
1923
5126
6903
9438
4391
5270
8370
8002
8560
8603
2829
2242
6695
5984
3797
9700
7450
8983
0
4554
7906
4667
3296
6940
5794
2083
901
6828
7579
1701
459
221
398
5234
6620
3220
9944
7683
2010
3872
5827
5126
7527
9732
6003
9966
1521
9011
7886
9668
7122
5134
8626
6141
7726
6226
5398
2953
7054
9
5881
1620
6396
4478
6683
2617
9189
6188
7908
9246
8434
5086
4619
3509
3314
1493
9747
4170
4462
9113
975
1235
2063
1092
767
6723
2620
9947
6820
7823
1015
6887
5993
2426
2410
6862
424
7556
7390
7809
4948
672
6956
2339
4557
8869
7417
3801
3472
4356
5651
3681
1476
7418
2345
2071
5989
9571
2543
6698
6353
682
7694
8201
3146
7859
4733
5524
6687
6291
4812
7833
7643
9876
9886
4179
2742
7290
124
5114
8899
4674
7012
6529
4036
1145
3182
3485
1462
6948
8023
6221
4770
2623
3800
7883
9382
8168
4276
1955
3847
1764
1336
2650
6902
7509
6409
8261
724
2055
1653
8129
352
1225
9346
8920
7163
4761
2633
5103
9889
5275
5986
6165
1780
9756
6328
9363
9687
7066
3465
5097
5314
3739
3310
3507
8193
5183
2027
8484
9661
8537
4263
2554
2427
8468
3914
3035
4354
8690
8112
4743
9185
1158
1046
7268
6415
7059
8973
9458
3572
1357
4682
742
766
7917
2236
702
8395
8309
4460
3972
8221
4553
4195
5059
5466
3152
8426
9707
7938
1941
6036
3220
4635
557
7456
4311
3920
5065
8088
513
7600
1066
6293
7288
1368
2721
3285
572
1403
666
7963
7481
1053
9016
2492
9348
5346
6556
184
5850
130
2555
491
8260
3535
6973
8235
270
8405
4252
9304
9389
5748
1370
6332
8417
4943
5212
622
1804
4890
1841
8907
7316
7544
2197
806
7433
1524
4773
5959
5356
7111
4411
2197
815
3152
5653
6228
9096
4576
7564
2863
5179
7484
5475
6984
6501
341
9369
3257
6414
1996
8559
6312
2027
3289
9835
2619
8317
6347
5242
2586
4410
4928
1570
9802
1850
4156
2289
5743
4707
7709
660
7627
9932
4250
2077
7003
1366
6224
5250
750
1620
1757
2304
6559
6873