8285
8285
8285
8285
8285
8284
8283
8283
8280
8280
8279
8277
8277
8276
8276
8275
8275
8274
8272
8271
8271
8270
8270
8270
8268
8267
8267
8267
8266
8263
8263
8263
8262
8261
8261
8261
8260
8260
8260
8259
8259
8257
8257
8257
8257
8256
8255
8255
8255
8255
8254
8254
8254
8253
8252
8252
8251
8250
8250
8248
8245
8245
8244
8243
8242
8241
8239
8238
8238
8237
8235
8235
8234
8234
8233
8232
8231
8230
8229
8228
8228
8227
8227
8227
8227
8227
8227
8226
8224
8223
8222
8221
8220
8219
8217
8215
8212
8212
8211
8211
8209
8209
8208
8208
8206
8205
8204
8204
8204
8204
8204
8202
8202
8202
8201
8200
8196
8196
8196
8195
8195
8194
8194
8193
8193
8193
8190
8190
8184
8181
8181
8180
8179
8177
8175
8175
8175
8175
8173
8173
8170
8170
8170
8169
8168
8168
8168
8168
8167
8166
8166
8165
8163
8163
8162
8161
8161
8159
8158
8155
8154
8153
8153
8153
8153
8152
8152
8152
8148
8145
8145
8144
8144
8144
8139
8139
8139
8139
8138
8136
8134
8133
8131
8131
8131
8130
8130
8130
8129
8129
8129
8127
8126
8123
8123
8122
8122
8120
8119
8119
8118
8117
8115
8114
8112
8112
8112
8109
8108
8106
8104
8103
8103
8102
8100
8098
8098
8097
8095
8095
8095
8095
8095
8094
8092
8091
8088
8088
8088
8084
8083
8081
8081
8081
8081
8080
8078
8073
8073
8073
8073
8073
8068
8067
8065
8065
8063
8062
8061
8059
8059
8059
8059
8059
8056
8056
8055
8055
8053
8052
8050
8050
8048
8047
8045
8045
8045
8045
8043
8043
8042
8042
8042
8041
8040
8040
8038
8034
8034
8034
8034
8034
8033
8033
8033
8031
8030
8029
8028
8027
8027
8027
8026
8023
8022
8020
8019
8016
8015
8015
8014
8014
8014
8013
8012
8009
8009
8006
8006
8005
8005
8003
8002
8002
8001
8001
8001
7998
7998
7998
7998
7998
7997
7995
7995
7994
7994
7994
7994
7992
7992
7992
7991
7990
7988
7988
7987
7984
7984
7984
7984
7984
7984
7983
7983
7981
7980
7980
7977
7977
7975
7973
7970
7970
7967
7967
7967
7967
7966
7966
7964
7963
7963
7961
7959
7959
7959
7959
7958
7958
7958
7956
7955
7954
7953
7953
7953
7952
7952
7951
7951
7951
7951
7950
7950
7950
7948
7948
7948
7948
7948
7948
7948
7947
7942
7940
7939
7938
7938
7937
7937
7936
7934
7933
7930
7928
7928
7928
7927
7927
7927
7927
7927
7927
7925
7923
7923
7920
7920
7919
7918
7917
7916
7916
7916
7915
7915
7911
7911
7909
7909
7908
7908
7906
7906
7906
7902
7902
7900
7900
7900
7898
7898
7897
7897
7897
7897
7895
7894
7894
7894
7893
7892
7891
7891
7890
7889
7889
7887
7887
7886
7886
7884
7884
7884
7883
7883
7881
7881
7880
7880
7879
7879
7878
7877
7877
7876
7875
7875
7875
7873
7869
7869
7869
7869
7869
7866
7866
7866
7866
7864
7863
7863
7862
7861
7859
7859
7859
7856
7856
7856
7856
7855
7853
7853
7851
7851
7851
7850
7850
7850
7850
7848
7847
7845
7845
7844
7843
7842
7842
7842
7840
7840
7840
7839
7838
7838
7838
7837
7837
7834
7834
7834
7834
7834
7833
7833
7833
7833
7831
7831
7830
7830
7830
7829
7823
7823
7823
7823
7822
7820
7820
7820
7820
7820
7820
7820
7820
7820
7820
7818
7818
7818
7817
7817
7817
7817
7817
7816
7816
7816
7816
7815
7814
7813
7812
7812
7812
7811
7811
7809
7809
7809
7809
7809
7809
7808
7808
7808
7808
7808
7808
7808
7806
7806
7806
7806
7806
7806
7806
7805
7803
7803
7803
7803
7803
7802
7798
7798
7798
7798
7798
7798
7798
7795
7795
7795
7791
7791
7791
7789
7788
7788
7788
7788
7788
7787
7787
7787
7787
7781
7781
7779
7779
7778
7777
7777
7776
7775
7773
7773
7772
7769
7769
7767
7766
7766
7766
7765
7763
7762
7759
7758
7758
7758
7755
7755
7754
7753
7752
7752
7752
7751
7751
7751
7751
7751
7750
7750
7748
7748
7748
7748
7745
7745
7745
7745
7744
7743
7742
7742
7742
7742
7741
7739
7736
7734
7734
7734
7733
7727
7726
7726
7725
7725
7723
7722
7720
7720
7720
7719
7716
7715
7713
7712
7711
7709
7709
7709
7709
7709
7709
7708
7708
7706
7706
7706
7706
7704
7704
7704
7704
7702
7702
7702
7701
7701
7701
7701
7700
7698
7698
7698
7698
7698
7698
7698
7698
7698
7697
7695
7694
7694
7694
7691
7689
7688
7688
7687
7687
7686
7686
7686
7686
7686
7686
7684
7684
7684
7683
7678
7678
7678
7678
7675
7673
7673
7673
7673
7672
7672
7670
7670
7669
7669
7668
7668
7666
7666
7665
7664
7664
7664
7663
7662
7662
7662
7661
7656
7656
7656
7654
7652
7648
7648
7645
7645
7643
7642
7642
7641
7641
7638
7634
7634
7633
7633
7631
7631
7631
7630
7629
7628
7627
7623
7623
7622
7620
7620
7618
7617
7617
7616
7615
7615
7614
7614
7612
7612
7609
7606
7602
7602
7602
7601
7601
7600
7598
7598
7598
7598
7598
7593
7593
7592
7592
7591
7591
7591
7590
7590
7589
7589
7589
7587
7586
7584
7584
7584
7584
7583
7583
7583
7581
7581
7580
7579
7579
7579
7578
7577
7577
7576
7576
7576
7575
7575
7573
7573
7573
7572
7572
7570
7570
7570
7567
7567
7565
7564
7564
7564
7564
7564
7562
7562
7562
7562
7562
7562
7561
7558
7556
7556
7556
7556
7556
7555
7551
7550
7548
7548
7548
7548
7548
7548
7547
7545
7545
7545
7545
7545
7544
7542
7541
7537
7537
7536
7534
7534
7534
7534
7533
7533
7531
7531
7527
7527
7526
7525
7525
7525
7525
7525
7523
7523
7523
7523
7523
7522
7520
7520
7520
7520
7519
7519
7519
7519
7518
7516
7516
7515
7514
7514
7514
7514
7514
7513
7512
7512
7511
7509
7509
7509
7506
7506
7506
7503
7503
7503
7502
7502
7501
7500
7500
7500
7500
7498
7497
7497
7497
7497
7495
7495
7495
7493
7492
7492
7492
7492
7492
7492
7491
7491
7488
7484
7484
7484
7484
7484
7484
7484
7481
7481
7481
7481
7480
7479
7478
7477
7477
7477
7477
7476
7476
7475
7473
7473
7473
7473
7473
7472
7470
7470
7470
7470
7469
7469
7468
7468
7465
7464
7464
7462
7462
7462
7462
7461
7456
7456
7456
7456
7456
7456
7455
7454
7454
7453
7453
7452
7452
7451
7451
7450
7450
7448
7448
7447
7447
7447
7444
7444
7443
7443
7443
7443
7442
7440
7439
7439
7437
7437
7436
7434
7433
7431
7431
7430
7428
7428
7428
7427
7427
7426
7426
7426
7426
7426
7426
7425
7425
7425
7423
7423
7422
7420
7420
7420
7418
7418
7417
7417
7417
7417
7416
7416
7413
7413
7413
7411
7411
7409
7408
7408
7408
7408
7406
7405
7403
7403
7403
7403
7400
7398
7398
7398
7398
7398
7398
7395
7395
7395
7394
7394
7394
7394
7394
7394
7394
7393
7390
7390
7390
7390
7387
7386
7386
7386
7384
7384
7384
7381
7381
7380
7379
7375
7375
7369
7368
7368
7367
7366
7365
7364
7364
7364
7364
7363
7363
7359
7358
7356
7356
7356
7355
7355
7354
7351
7351
7350
7348
7348
7348
7348
7348
7347
7347
7347
7347
7347
7345
7345
7345
7344
7342
7340
7338
7336
7334
7333
7333
7331
7331
7331
7330
7329
7329
7329
7328
7328
7328
7327
7327
7327
7326
7325
7323
7322
7320
7320
7319
7317
7317
7317
7317
7316
7316
7315
7315
7313
7312
7311
7306
7306
7306
7306
7305
7305
7301
7300
7298
7298
7298
7298
7298
7297
7297
7297
7295
7295
7295
7293
7291
7291
7291
7291
7291
7290
7290
7289
7289
7289
7289
7288
7288
7288
7286
7286
7284
7283
7283
7281
7279
7276
7276
7276
7275
7273
7273
7273
7270
7270
7269
7269
7269
7268
7268
7268
7268
7267
7267
7267
7267
7266
7263
7261
7259
7259
7259
7256
7256
7255
7255
7255
7254
7254
7251
7251
7250
7250
7248
7248
7248
7248
7248
7247
7244
7243
7241
7240
7239
7239
7234
7234
7231
7229
7229
7228
7228
7228
7227
7227
7227
7226
7226
7226
7226
7225
7225
7225
7223
7222
7222
7220
7219
7218
7217
7217
7216
7216
7214
7214
7214
7213
7212
7212
7212
7209
7209
7209
7209
7209
7209
7209
7204
7202
7201
7201
7201
7201
7201
7200
7198
7197
7197
7197
7195
7195
7195
7195
7193
7192
7189
7188
7188
7188
7186
7184
7184
7184
7184
7181
7179
7179
7178
7173
7173
7170
7170
7170
7167
7166
7166
7166
7166
7165
7165
7163
7162
7162
7162
7159
7159
7159
7159
7158
7156
7156
7155
7155
7154
7154
7152
7152
7151
7151
7150
7150
7148
7148
7148
7148
7148
7148
7145
7145
7145
7145
7145
7145
7145
7144
7143
7143
7143
7143
7142
7142
7142
7142
7142
7142
7140
7138
7134
7134
7131
7131
7131
7131
7130
7129
7128
7126
7126
7125
7123
7123
7122
7122
7122
7120
7120
7120
7118
7118
7118
7117
7112
7111
7111
7109
7109
7109
7109
7109
7109
7109
7106
7106
7106
7106
7104
7102
7101
7100
7097
7097
7097
7095
7094
7094
7089
7089
7089
7089
7088
7088
7088
7087
7087
7086
7084
7084
7084
7084
7083
7081
7081
7081
7076
7073
7073
7073
7073
7073
7072
7072
7072
7072
7070
7070
7070
7070
7070
7070
7068
7068
7067
7067
7067
7067
7067
7067
7067
7066
7065
7059
7059
7056
7056
7056
7054
7054
7054
7054
7053
7053
7052
7052
7052
7052
7051
7051
7048
7048
7047
7047
7047
7045
7045
7045
7043
7042
7041
7038
7038
7038
7038
7038
7036
7034
7034
7034
7034
7034
7033
7031
7031
7031
7031
7031
7031
7031
7030
7029
7028
7028
7028
7026
7026
7023
7023
7022
7022
7020
7020
7020
7019
7019
7017
7017
7017
7016
7015
7015
7014
7013
7012
7012
7011
7011
7011
7009
7009
7009
7006
7005
7005
7005
7003
7002
7001
7001
7000
7000
6998
6998
6998
6995
6995
6995
6995
6995
6994
6993
6992
6990
6990
6989
6989
6989
6987
6987
6986
6984
6981
6981
6981
6981
6981
6979
6977
6977
6977
6976
6976
6976
6976
6973
6973
6973
6973
6973
6973
6973
6972
6970
6970
6970
6970
6969
6968
6968
6967
6965
6964
6964
6962
6962
6961
6961
6958
6958
6958
6958
6956
6956
6956
6956
6955
6951
6950
6950
6948
6948
6948
6948
6948
6948
6948
6948
6948
6947
6947
6947
6944
6943
6942
6942
6942
6940
6940
6939
6938
6936
6936
6934
6934
6933
6933
6926
6926
6925
6923
6920
6920
6920
6919
6918
6917
6909
6909
6909
6906
6906
6905
6905
6905
6903
6902
6901
6900
6900
6898
6898
6898
6898
6898
6897
6897
6895
6895
6895
6895
6894
6894
6891
6891
6890
6889
6889
6887
6887
6887
6884
6883
6883
6881
6881
6881
6881
6880
6879
6879
6879
6879
6879
6877
6877
6876
6876
6876
6875
6873
6873
6873
6873
6872
6868
6866
6866
6866
6865
6865
6865
6862
6861
6858
6858
6858
6856
6856
6855
6854
6854
6854
6853
6853
6853
6852
6852
6852
6851
6850
6850
6850
6848
6847
6845
6845
6845
6845
6844
6843
6841
6839
6839
6839
6838
6836
6836
6836
6834
6834
6831
6831
6830
6830
6828
6828
6828
6827
6826
6825
6825
6825
6825
6820
6820
6819
6815
6813
6812
6811
6811
6809
6809
6809
6809
6808
6808
6806
6806
6806
6805
6805
6803
6802
6802
6801
6800
6800
6798
6798
6797
6797
6797
6795
6795
6794
6793
6792
6792
6791
6790
6788
6787
6786
6784
6784
6784
6784
6781
6781
6781
6780
6780
6780
6778
6777
6777
6777
6777
6773
6773
6773
6773
6769
6769
6769
6769
6768
6768
6765
6765
6765
6765
6764
6764
6764
6764
6764
6761
6758
6758
6756
6755
6753
6753
6752
6752
6752
6751
6751
6748
6748
6747
6747
6747
6745
6745
6745
6745
6745
6745
6744
6743
6742
6739
6738
6738
6737
6737
6737
6734
6734
6734
6733
6733
6731
6730
6728
6728
6728
6728
6725
6725
6725
6723
6723
6720
6718
6718
6718
6716
6715
6715
6713
6713
6709
6709
6706
6705
6704
6704
6701
6701
6701
6698
6698
6695
6693
6693
6693
6689
6687
6687
6687
6686
6686
6686
6684
6684
6684
6684
6684
6684
6684
6684
6684
6684
6683
6683
6683
6681
6679
6678
6676
6676
6675
6675
6672
6672
6670
6667
6665
6665
6664
6664
6663
6663
6663
6659
6659
6659
6659
6659
6659
6658
6658
6658
6656
6656
6656
6654
6654
6654
6654
6654
6654
6648
6648
6645
6644
6644
6643
6643
6641
6641
6641
6641
6639
6639
6637
6636
6631
6631
6631
6631
6629
6629
6629
6627
6626
6623
6623
6623
6622
6622
6622
6620
6620
6620
6619
6617
6617
6617
6615
6615
6614
6614
6614
6612
6611
6611
6609
6609
6609
6606
6606
6606
6605
6605
6605
6601
6601
6601
6601
6601
6600
6600
6600
6600
6598
6598
6597
6597
6597
6595
6595
6594
6594
6593
6593
6592
6591
6590
6590
6589
6589
6589
6588
6587
6587
6584
6581
6581
6580
6580
6578
6573
6573
6572
6570
6570
6570
6570
6570
6570
6570
6568
6568
6566
6565
6563
6559
6559
6559
6559
6559
6556
6556
6556
6556
6556
6555
6555
6555
6553
6553
6552
6552
6545
6544
6544
6544
6543
6543
6543
6543
6542
6542
6542
6542
6541
6540
6539
6534
6534
6534
6534
6531
6531
6531
6531
6531
6530
6529
6529
6529
6528
6527
6527
6527
6526
6525
6522
6520
6520
6516
6516
6515
6512
6506
6505
6503
6503
6502
6501
6500
6497
6495
6495
6495
6494
6493
6493
6492
6491
6491
6489
6488
6484
6483
6483
6481
6481
6480
6479
6475
6475
6473
6472
6472
6470
6470
6469
6468
6468
6466
6466
6464
6464
6464
6464
6463
6463
6463
6463
6459
6458
6456
6454
6453
6450
6450
6448
6448
6447
6447
6445
6445
6445
6441
6441
6440
6440
6439
6438
6438
6437
6436
6436
6434
6433
6428
6428
6428
6427
6427
6427
6427
6426
6423
6423
6422
6422
6422
6420
6420
6420
6418
6417
6417
6415
6414
6414
6414
6414
6413
6412
6412
6412
6409
6409
6409
6408
6408
6406
6406
6406
6406
6406
6405
6404
6403
6403
6403
6401
6397
6397
6397
6397
6396
6396
6393
6393
6390
6390
6390
6390
6389
6388
6388
6384
6383
6382
6382
6381
6378
6375
6374
6374
6373
6373
6371
6371
6369
6369
6369
6367
6367
6364
6361
6360
6359
6359
6358
6357
6355
6354
6354
6354
6354
6353
6353
6351
6351
6351
6350
6350
6350
6347
6344
6342
6342
6342
6337
6337
6336
6336
6334
6334
6333
6333
6333
6332
6332
6330
6328
6328
6328
6328
6327
6327
6326
6324
6324
6324
6322
6321
6320
6320
6318
6318
6316
6316
6315
6313
6312
6312
6312
6310
6310
6309
6306
6306
6305
6305
6303
6300
6299
6297
6294
6293
6292
6292
6291
6290
6290
6286
6285
6285
6283
6283
6282
6282
6281
6279
6277
6277
6274
6272
6271
6270
6267
6267
6267
6267
6267
6265
6265
6265
6265
6265
6265
6265
6264
6262
6262
6260
6260
6259
6259
6259
6258
6258
6258
6255
6254
6254
6253
6251
6250
6248
6247
6247
6247
6245
6245
6245
6245
6245
6244
6244
6244
6243
6242
6242
6239
6239
6238
6236
6236
6235
6235
6230
6229
6228
6226
6225
6225
6225
6224
6223
6222
6222
6221
6221
6220
6220
6219
6218
6218
6218
6216
6216
6216
6213
6213
6212
6210
6209
6209
6209
6207
6205
6205
6201
6201
6201
6197
6197
6197
6194
6194
6194
6193
6192
6191
6191
6191
6190
6190
6189
6189
6188
6188
6187
6185
6183
6183
6182
6182
6182
6181
6181
6180
6179
6179
6179
6177
6176
6176
6176
6174
6174
6173
6173
6173
6169
6169
6169
6169
6169
6168
6167
6167
6165
6165
6164
6164
6164
6163
6163
6163
6162
6161
6161
6160
6160
6160
6159
6159
6158
6158
6158
6155
6154
6151
6150
6150
6148
6148
6147
6146
6146
6145
6144
6144
6141
6141
6140
6140
6139
6139
6138
6138
6137
6137
6135
6135
6135
6133
6129
6126
6126
6126
6126
6126
6126
6126
6124
6124
6123
6122
6121
6121
6121
6120
6120
6120
6120
6120
6119
6118
6115
6114
6112
6112
6110
6108
6103
6102
6102
6101
6101
6101
6101
6101
6101
6097
6096
6093
6092
6092
6092
6092
6091
6090
6089
6084
6084
6083
6083
6083
6082
6080
6080
6078
6075
6071
6071
6070
6069
6068
6068
6068
6064
6058
6057
6056
6056
6055
6055
6054
6054
6053
6053
6053
6052
6050
6050
6048
6046
6046
6046
6045
6044
6044
6043
6043
6042
6040
6039
6038
6036
6035
6033
6033
6033
6032
6032
6032
6030
6030
6029
6026
6026
6026
6024
6024
6024
6024
6023
6023
6023
6023
6022
6022
6022
6021
6020
6019
6018
6017
6016
6015
6014
6012
6007
6005
6005
6004
6004
6003
6003
6002
6002
6002
6002
6002
6001
6000
6000
5999
5999
5998
5998
5998
5998
5997
5997
5997
5994
5993
5993
5993
5993
5993
5993
5993
5992
5992
5992
5991
5991
5989
5989
5989
5988
5988
5988
5986
5986
5985
5985
5985
5984
5984
5984
5982
5980
5977
5977
5975
5974
5974
5974
5973
5972
5972
5970
5969
5969
5968
5968
5963
5962
5962
5961
5959
5959
5956
5954
5954
5953
5952
5951
5951
5951
5951
5949
5949
5946
5946
5945
5944
5943
5942
5941
5941
5940
5939
5938
5938
5938
5937
5937
5936
5936
5936
5936
5935
5935
5935
5932
5931
5930
5926
5923
5923
5922
5921
5921
5921
5920
5920
5918
5918
5917
5917
5917
5917
5916
5916
5915
5912
5911
5911
5910
5908
5908
5908
5906
5905
5905
5905
5903
5903
5903
5903
5900
5900
5897
5896
5896
5896
5893
5892
5891
5890
5890
5889
5885
5885
5885
5883
5883
5881
5881
5880
5880
5880
5879
5879
5878
5877
5877
5876
5873
5872
5870
5869
5868
5867
5867
5867
5867
5865
5865
5864
5864
5860
5860
5860
5858
5857
5855
5853
5852
5851
5851
5851
5850
5850
5850
5850
5847
5845
5844
5843
5841
5841
5841
5840
5839
5837
5837
5836
5834
5833
5833
5833
5831
5830
5830
5830
5830
5828
5827
5827
5827
5826
5826
5825
5824
5823
5821
5821
5817
5817
5817
5817
5816
5815
5815
5815
5814
5813
5813
5813
5812
5810
5808
5807
5807
5806
5806
5804
5803
5801
5801
5798
5797
5796
5796
5796
5795
5795
5794
5794
5794
5794
5794
5794
5793
5793
5790
5788
5788
5788
5784
5784
5782
5781
5779
5779
5777
5777
5775
5774
5774
5774
5774
5773
5771
5771
5771
5771
5770
5769
5768
5768
5767
5766
5766
5765
5761
5761
5760
5760
5760
5758
5758
5757
5756
5756
5756
5754
5754
5754
5753
5751
5751
5750
5749
5748
5748
5748
5748
5745
5744
5743
5743
5743
5741
5739
5738
5738
5738
5737
5737
5736
5735
5735
5735
5733
5733
5733
5732
5731
5730
5730
5730
5730
5729
5729
5729
5729
5727
5726
5726
5726
5724
5723
5722
5721
5720
5720
5720
5720
5719
5719
5716
5716
5716
5715
5715
5714
5714
5714
5714
5710
5709
5705
5704
5704
5704
5702
5701
5701
5700
5700
5699
5699
5699
5696
5696
5696
5696
5696
5696
5695
5695
5695
5695
5695
5694
5694
5694
5693
5693
5693
5692
5692
5692
5691
5690
5689
5688
5688
5688
5688
5684
5683
5682
5682
5680
5678
5678
5677
5677
5677
5675
5675
5674
5674
5673
5672
5669
5667
5665
5665
5662
5662
5661
5659
5658
5658
5658
5657
5657
5655
5654
5653
5652
5651
5651
5651
5651
5649
5648
5646
5645
5645
5641
5640
5639
5639
5639
5639
5637
5637
5637
5636
5636
5635
5635
5633
5632
5631
5627
5627
5626
5624
5624
5623
5621
5619
5618
5618
5616
5614
5614
5613
5613
5613
5613
5611
5611
5610
5610
5609
5609
5609
5609
5608
5607
5606
5606
5602
5602
5602
5600
5600
5600
5599
5598
5598
5597
5597
5597
5597
5597
5596
5596
5596
5594
5594
5591
5590
5588
5588
5587
5587
5584
5584
5583
5581
5581
5581
5581
5580
5580
5579
5579
5578
5576
5576
5574
5574
5574
5573
5571
5568
5565
5565
5565
5563
5559
5559
5559
5559
5559
5558
5557
5555
5555
5554
5554
5554
5553
5552
5549
5548
5546
5546
5546
5545
5545
5544
5544
5544
5543
5542
5542
5542
5541
5541
5540
5539
5537
5535
5535
5535
5533
5533
5533
5529
5529
5528
5528
5527
5527
5526
5526
5525
5525
5525
5524
5524
5523
5522
5521
5520
5519
5517
5517
5517
5515
5515
5515
5514
5513
5513
5513
5513
5513
5512
5512
5510
5509
5509
5508
5508
5507
5507
5505
5502
5501
5499
5499
5499
5497
5497
5495
5495
5495
5492
5492
5492
5490
5490
5487
5484
5484
5482
5481
5481
5480
5480
5480
5479
5479
5476
5476
5476
5475
5475
5475
5475
5475
5474
5474
5472
5472
5472
5470
5470
5468
5468
5467
5467
5466
5465
5462
5462
5461
5458
5454
5454
5454
5453
5452
5451
5451
5450
5450
5450
5449
5449
5446
5446
5446
5445
5445
5445
5445
5443
5443
5442
5442
5442
5442
5441
5437
5436
5432
5432
5430
5430
5430
5430
5430
5428
5427
5427
5425
5425
5425
5425
5424
5423
5423
5415
5414
5414
5410
5410
5408
5406
5406
5406
5404
5404
5403
5403
5401
5400
5398
5398
5396
5395
5395
5394
5393
5391
5389
5388
5387
5387
5386
5381
5379
5377
5375
5374
5373
5372
5372
5371
5371
5366
5365
5363
5363
5363
5362
5362
5360
5360
5358
5358
5356
5356
5356
5356
5356
5356
5355
5354
5354
5354
5352
5348
5346
5340
5340
5338
5338
5337
5337
5336
5336
5335
5334
5334
5334
5334
5333
5333
5333
5330
5330
5330
5330
5327
5327
5327
5327
5325
5324
5324
5324
5324
5324
5323
5321
5321
5321
5321
5320
5317
5316
5316
5315
5315
5314
5314
5313
5313
5313
5309
5307
5303
5303
5302
5301
5300
5300
5299
5297
5297
5297
5296
5292
5292
5292
5292
5289
5288
5286
5285
5282
5280
5279
5279
5279
5278
5277
5277
5275
5275
5274
5274
5273
5273
5273
5273
5273
5271
5270
5269
5268
5264
5262
5261
5254
5254
5253
5251
5250
5250
5249
5249
5248
5248
5247
5246
5246
5245
5245
5245
5245
5242
5242
5242
5242
5242
5242
5240
5239
5237
5237
5237
5236
5236
5236
5235
5235
5235
5234
5234
5234
5232
5232
5230
5230
5230
5230
5230
5228
5228
5227
5227
5226
5225
5225
5225
5225
5225
5224
5220
5220
5220
5220
5219
5219
5218
5217
5217
5214
5214
5212
5212
5212
5211
5211
5211
5211
5211
5210
5210
5210
5210
5208
5207
5205
5203
5203
5203
5203
5202
5202
5202
5200
5200
5200
5199
5198
5194
5194
5193
5192
5192
5191
5191
5190
5190
5186
5186
5185
5183
5183
5181
5180
5180
5179
5179
5179
5179
5179
5178
5178
5178
5177
5177
5176
5175
5175
5175
5174
5174
5169
5168
5165
5165
5165
5164
5164
5161
5161
5161
5161
5160
5160
5159
5158
5157
5155
5155
5155
5154
5153
5153
5152
5150
5150
5148
5146
5144
5144
5144
5143
5142
5142
5142
5142
5139
5138
5138
5138
5138
5138
5134
5131
5131
5130
5129
5128
5128
5126
5126
5124
5123
5122
5122
5122
5121
5121
5120
5119
5119
5117
5117
5116
5116
5115
5115
5114
5114
5114
5109
5107
5107
5106
5105
5104
5103
5103
5103
5101
5099
5099
5098
5097
5097
5097
5096
5096
5096
5095
5094
5094
5094
5092
5091
5088
5087
5087
5087
5087
5086
5086
5086
5086
5086
5080
5079
5079
5076
5076
5076
5076
5076
5076
5074
5074
5073
5071
5069
5069
5068
5068
5068
5067
5067
5066
5066
5066
5066
5065
5064
5064
5063
5062
5060
5060
5060
5060
5059
5059
5059
5059
5057
5056
5055
5051
5049
5049
5049
5049
5048
5046
5045
5045
5043
5041
5041
5041
5040
5040
5040
5040
5038
5037
5033
5033
5033
5033
5033
5033
5031
5030
5029
5029
5028
5027
5027
5026
5026
5025
5025
5024
5024
5023
5020
5020
5018
5018
5017
5015
5013
5013
5013
5013
5012
5007
5007
5007
5007
5007
5007
5007
5006
5006
5006
5006
5004
5004
5004
5004
5004
5002
5001
4999
4999
4999
4998
4998
4995
4991
4991
4990
4989
4989
4988
4988
4988
4988
4987
4987
4987
4985
4983
4983
4983
4982
4978
4977
4976
4975
4974
4974
4974
4974
4973
4973
4972
4972
4971
4968
4968
4968
4967
4966
4965
4965
4965
4965
4964
4962
4962
4961
4959
4959
4959
4957
4956
4955
4954
4953
4952
4951
4950
4949
4949
4949
4948
4948
4947
4946
4946
4946
4946
4943
4943
4940
4939
4939
4939
4939
4938
4936
4935
4932
4931
4930
4929
4928
4928
4925
4924
4924
4922
4922
4921
4921
4921
4920
4919
4919
4919
4919
4915
4914
4914
4913
4912
4908
4907
4907
4907
4906
4904
4903
4901
4898
4897
4897
4896
4892
4890
4890
4890
4890
4889
4889
4889
4889
4888
4887
4886
4885
4884
4884
4883
4883
4883
4882
4881
4881
4879
4879
4879
4876
4876
4876
4876
4875
4875
4874
4871
4871
4870
4869
4869
4869
4869
4868
4868
4867
4866
4866
4865
4864
4863
4863
4863
4863
4861
4860
4860
4860
4860
4859
4859
4859
4858
4858
4858
4856
4856
4856
4856
4856
4853
4850
4848
4848
4848
4847
4846
4846
4846
4844
4844
4842
4842
4842
4841
4839
4839
4839
4839
4838
4835
4834
4833
4833
4832
4829
4828
4828
4826
4826
4825
4824
4824
4824
4823
4823
4823
4823
4822
4821
4819
4819
4818
4818
4818
4816
4815
4815
4815
4814
4814
4812
4812
4812
4812
4810
4808
4808
4806
4804
4804
4803
4802
4801
4801
4800
4800
4799
4798
4798
4798
4797
4794
4792
4792
4791
4790
4788
4786
4786
4784
4782
4780
4779
4779
4778
4777
4777
4777
4775
4775
4775
4774
4774
4773
4771
4770
4769
4768
4768
4766
4765
4765
4761
4760
4760
4760
4760
4759
4755
4755
4755
4752
4751
4748
4747
4747
4746
4746
4744
4743
4741
4740
4736
4735
4734
4733
4733
4729
4729
4728
4727
4724
4724
4723
4723
4723
4722
4722
4722
4721
4721
4721
4719
4719
4717
4717
4717
4716
4716
4715
4715
4714
4714
4714
4713
4713
4713
4713
4711
4711
4711
4711
4711
4710
4708
4707
4707
4707
4707
4706
4705
4704
4704
4704
4702
4701
4698
4697
4697
4696
4695
4695
4694
4693
4693
4692
4691
4691
4689
4689
4686
4685
4685
4685
4682
4682
4682
4681
4679
4678
4678
4676
4675
4674
4673
4673
4672
4670
4670
4670
4669
4669
4667
4667
4667
4666
4665
4664
4663
4659
4659
4659
4657
4655
4652
4652
4652
4651
4650
4648
4648
4647
4647
4647
4647
4646
4645
4642
4640
4637
4637
4637
4637
4637
4636
4635
4635
4635
4634
4632
4631
4631
4630
4630
4629
4628
4627
4627
4625
4624
4624
4624
4622
4622
4621
4619
4619
4619
4618
4618
4618
4618
4615
4614
4614
4612
4612
4611
4610
4610
4605
4605
4604
4602
4598
4598
4596
4596
4594
4593
4593
4593
4592
4592
4591
4591
4589
4589
4588
4588
4586
4585
4585
4584
4583
4583
4583
4580
4580
4579
4577
4577
4577
4577
4576
4575
4575
4575
4575
4574
4574
4574
4574
4573
4572
4570
4569
4567
4567
4565
4565
4564
4564
4562
4562
4561
4560
4560
4559
4559
4559
4559
4559
4558
4558
4557
4557
4556
4556
4556
4556
4556
4554
4554
4554
4554
4554
4553
4553
4553
4552
4550
4550
4550
4549
4548
4547
4546
4542
4542
4542
4542
4541
4541
4541
4541
4540
4538
4538
4538
4538
4537
4537
4537
4536
4535
4535
4535
4535
4532
4532
4532
4531
4531
4531
4531
4531
4531
4530
4530
4529
4529
4528
4528
4527
4527
4523
4523
4518
4518
4517
4517
4516
4515
4515
4515
4513
4513
4509
4508
4507
4507
4507
4505
4503
4503
4503
4502
4502
4502
4500
4500
4500
4499
4499
4498
4498
4497
4495
4493
4493
4493
4491
4491
4491
4491
4489
4487
4487
4486
4485
4484
4482
4482
4482
4481
4480
4480
4479
4478
4477
4477
4476
4475
4475
4473
4473
4473
4470
4469
4467
4465
4465
4464
4463
4462
4462
4462
4462
4462
4462
4460
4460
4459
4459
4459
4456
4456
4455
4455
4455
4455
4454
4453
4452
4452
4451
4451
4450
4450
4450
4448
4448
4447
4447
4444
4444
4444
4444
4441
4441
4440
4439
4439
4437
4437
4437
4437
4432
4430
4428
4428
4427
4427
4427
4426
4426
4425
4423
4423
4421
4419
4419
4418
4417
4415
4414
4414
4414
4413
4413
4413
4412
4412
4411
4410
4410
4410
4410
4410
4408
4406
4406
4404
4403
4403
4403
4403
4403
4402
4401
4401
4401
4401
4401
4399
4399
4398
4398
4397
4394
4393
4392
4392
4391
4390
4389
4389
4389
4388
4387
4386
4384
4383
4383
4383
4382
4382
4382
4382
4382
4380
4380
4380
4378
4376
4376
4376
4376
4375
4373
4372
4371
4371
4369
4369
4368
4367
4367
4365
4365
4365
4363
4362
4362
4360
4357
4356
4356
4356
4356
4356
4356
4356
4356
4355
4355
4354
4354
4353
4352
4352
4351
4350
4349
4348
4345
4345
4345
4345
4344
4344
4344
4342
4342
4341
4338
4336
4335
4333
4333
4332
4332
4332
4332
4329
4327
4327
4326
4325
4325
4325
4322
4321
4321
4321
4320
4320
4319
4319
4319
4319
4317
4317
4315
4315
4312
4311
4307
4306
4306
4305
4304
4303
4303
4302
4302
4301
4301
4301
4301
4301
4301
4301
4300
4296
4296
4296
4294
4294
4294
4294
4293
4290
4290
4288
4286
4284
4284
4282
4282
4282
4282
4280
4280
4280
4279
4279
4279
4277
4277
4276
4276
4274
4274
4273
4273
4273
4273
4272
4269
4269
4268
4268
4266
4266
4266
4263
4263
4262
4262
4261
4261
4260
4260
4258
4258
4258
4257
4256
4254
4253
4252
4250
4250
4249
4248
4247
4247
4245
4245
4244
4239
4238
4236
4236
4236
4235
4234
4234
4233
4233
4233
4232
4231
4231
4230
4230
4229
4229
4228
4228
4227
4224
4224
4224
4224
4222
4222
4222
4220
4220
4219
4219
4216
4214
4214
4212
4210
4210
4208
4207
4204
4204
4204
4202
4202
4202
4201
4201
4199
4199
4197
4195
4195
4195
4189
4188
4188
4187
4186
4185
4184
4184
4184
4180
4180
4179
4179
4178
4178
4178
4178
4174
4174
4172
4171
4171
4170
4170
4168
4167
4166
4165
4165
4163
4163
4162
4162
4161
4161
4161
4160
4159
4158
4157
4157
4156
4156
4152
4152
4152
4150
4150
4150
4149
4148
4148
4146
4146
4143
4143
4141
4140
4140
4140
4139
4138
4136
4136
4133
4132
4132
4131
4130
4129
4128
4128
4128
4127
4126
4126
4124
4123
4123
4123
4123
4121
4118
4118
4118
4117
4117
4116
4116
4114
4113
4113
4112
4112
4112
4112
4111
4111
4111
4109
4109
4109
4108
4105
4105
4102
4102
4102
4102
4102
4102
4102
4102
4102
4101
4101
4100
4100
4100
4098
4098
4096
4095
4094
4092
4089
4086
4086
4084
4083
4083
4083
4083
4082
4081
4079
4079
4079
4077
4074
4074
4072
4070
4070
4070
4070
4070
4070
4069
4065
4065
4065
4063
4063
4060
4059
4058
4058
4056
4056
4056
4056
4056
4054
4054
4053
4053
4053
4052
4051
4049
4047
4047
4047
4047
4045
4045
4045
4044
4043
4043
4043
4043
4042
4042
4039
4039
4038
4038
4036
4036
4036
4035
4032
4029
4029
4029
4027
4026
4026
4025
4024
4021
4021
4020
4019
4018
4017
4015
4014
4014
4011
4009
4007
4007
4004
4004
4004
4002
4002
4001
4000
3997
3997
3994
3994
3994
3994
3993
3993
3992
3992
3992
3990
3990
3990
3990
3990
3989
3989
3989
3988
3985
3984
3984
3984
3983
3982
3982
3979
3979
3979
3978
3978
3976
3975
3975
3974
3972
3972
3972
3971
3971
3971
3969
3969
3968
3968
3967
3967
3967
3967
3967
3967
3967
3967
3964
3964
3964
3964
3961
3961
3959
3958
3957
3956
3956
3954
3954
3954
3954
3954
3953
3951
3947
3947
3946
3945
3945
3945
3942
3939
3936
3936
3935
3933
3931
3931
3929
3924
3922
3921
3920
3920
3917
3917
3915
3915
3915
3914
3914
3913
3913
3911
3911
3911
3911
3911
3911
3911
3911
3910
3910
3910
3908
3908
3908
3908
3904
3904
3904
3902
3900
3900
3897
3897
3895
3894
3894
3894
3893
3893
3892
3890
3890
3890
3888
3888
3886
3886
3886
3885
3884
3883
3881
3881
3879
3879
3879
3879
3878
3878
3878
3877
3876
3875
3875
3874
3872
3872
3872
3872
3871
3865
3865
3863
3859
3859
3857
3856
3854
3853
3851
3850
3849
3849
3847
3847
3846
3846
3846
3846
3845
3844
3844
3844
3844
3843
3842
3842
3842
3842
3839
3836
3836
3836
3836
3833
3831
3829
3829
3829
3827
3825
3824
3822
3822
3822
3822
3822
3821
3821
3820
3819
3819
3818
3818
3815
3815
3815
3811
3811
3811
3809
3808
3808
3807
3807
3804
3804
3804
3803
3802
3801
3801
3801
3801
3801
3801
3800
3800
3799
3799
3799
3797
3797
3797
3797
3797
3795
3795
3795
3795
3795
3794
3792
3790
3788
3788
3786
3786
3781
3779
3778
3777
3775
3774
3774
3774
3774
3772
3772
3771
3771
3770
3768
3767
3767
3767
3763
3761
3761
3761
3761
3760
3760
3760
3759
3759
3758
3756
3754
3754
3754
3754
3754
3752
3752
3752
3751
3751
3750
3750
3747
3745
3744
3744
3744
3740
3740
3740
3739
3739
3738
3736
3735
3735
3734
3733
3729
3729
3729
3728
3728
3728
3727
3726
3725
3725
3725
3725
3725
3724
3722
3722
3722
3722
3722
3720
3715
3715
3715
3715
3715
3715
3713
3711
3709
3708
3707
3707
3704
3704
3702
3702
3702
3702
3701
3701
3700
3700
3700
3699
3699
3697
3697
3697
3696
3694
3693
3693
3690
3690
3688
3686
3685
3683
3683
3682
3681
3681
3681
3681
3679
3679
3679
3679
3679
3678
3677
3676
3675
3671
3670
3667
3664
3660
3659
3659
3659
3658
3657
3656
3656
3656
3656
3654
3654
3654
3654
3653
3653
3653
3653
3653
3652
3651
3651
3651
3649
3647
3647
3647
3647
3647
3647
3647
3647
3647
3647
3647
3646
3645
3645
3645
3644
3643
3643
3643
3643
3642
3640
3636
3635
3634
3634
3629
3629
3629
3628
3622
3621
3621
3621
3621
3620
3620
3620
3617
3617
3617
3617
3617
3615
3613
3613
3611
3610
3609
3609
3609
3607
3607
3606
3604
3604
3604
3603
3603
3602
3601
3599
3597
3597
3597
3597
3596
3596
3596
3596
3595
3594
3593
3592
3592
3590
3590
3589
3589
3588
3586
3586
3585
3585
3584
3583
3582
3582
3582
3581
3581
3579
3579
3578
3578
3578
3578
3578
3577
3574
3572
3572
3572
3565
3565
3565
3563
3561
3561
3559
3559
3557
3556
3556
3553
3552
3550
3549
3547
3547
3547
3545
3544
3544
3544
3544
3544
3544
3544
3540
3540
3540
3540
3540
3536
3536
3535
3534
3534
3534
3533
3533
3533
3533
3532
3532
3532
3532
3529
3529
3529
3528
3528
3525
3525
3522
3522
3522
3522
3522
3520
3518
3517
3513
3511
3511
3509
3509
3507
3506
3506
3506
3506
3506
3504
3504
3504
3504
3504
3503
3503
3502
3500
3499
3499
3497
3497
3494
3494
3493
3493
3493
3492
3492
3492
3490
3488
3488
3488
3488
3486
3485
3483
3483
3482
3482
3481
3479
3479
3477
3476
3475
3475
3474
3474
3472
3472
3470
3468
3468
3468
3467
3465
3465
3465
3464
3463
3461
3461
3458
3458
3458
3457
3457
3456
3454
3454
3453
3452
3451
3451
3450
3449
3447
3447
3447
3445
3445
3445
3444
3442
3439
3438
3436
3436
3436
3436
3435
3434
3433
3433
3433
3432
3432
3429
3429
3429
3428
3428
3427
3427
3426
3426
3425
3422
3422
3421
3419
3419
3417
3417
3417
3417
3417
3415
3415
3411
3411
3409
3409
3408
3407
3404
3403
3403
3403
3402
3401
3396
3394
3393
3393
3390
3390
3390
3390
3388
3388
3388
3385
3383
3379
3378
3378
3377
3376
3376
3376
3375
3372
3372
3372
3372
3372
3370
3369
3369
3368
3365
3363
3363
3361
3361
3361
3359
3354
3354
3354
3354
3354
3351
3351
3349
3349
3349
3346
3345
3345
3345
3344
3344
3343
3339
3339
3339
3336
3334
3334
3334
3333
3333
3331
3329
3329
3329
3328
3322
3321
3319
3318
3318
3318
3318
3314
3314
3313
3310
3310
3308
3308
3307
3304
3304
3304
3303
3302
3299
3299
3297
3297
3297
3296
3296
3296
3296
3295
3295
3292
3290
3290
3290
3290
3289
3289
3289
3286
3285
3284
3284
3284
3283
3281
3279
3279
3277
3277
3276
3276
3276
3275
3275
3275
3275
3272
3272
3272
3272
3272
3272
3270
3270
3265
3265
3264
3264
3263
3263
3261
3261
3261
3260
3259
3257
3257
3257
3256
3256
3254
3253
3247
3247
3247
3247
3246
3245
3245
3245
3240
3239
3238
3238
3236
3235
3235
3234
3234
3233
3233
3233
3233
3232
3232
3232
3232
3227
3225
3224
3224
3222
3220
3220
3220
3220
3220
3218
3215
3215
3215
3213
3213
3213
3211
3210
3210
3209
3209
3209
3209
3209
3208
3208
3208
3208
3208
3207
3206
3206
3206
3206
3204
3204
3204
3204
3201
3201
3201
3201
3201
3200
3200
3200
3199
3198
3198
3196
3196
3196
3193
3192
3192
3192
3192
3190
3186
3185
3184
3183
3182
3182
3181
3179
3179
3178
3177
3176
3176
3175
3170
3169
3168
3168
3165
3163
3163
3163
3163
3161
3161
3159
3159
3159
3158
3157
3153
3153
3152
3152
3152
3152
3152
3152
3152
3151
3151
3148
3148
3148
3148
3146
3146
3145
3145
3144
3143
3143
3143
3142
3142
3141
3140
3138
3138
3138
3138
3138
3137
3137
3136
3136
3136
3134
3134
3134
3133
3133
3132
3132
3132
3132
3132
3132
3131
3131
3131
3131
3131
3130
3130
3129
3126
3123
3123
3122
3119
3119
3117
3117
3114
3112
3112
3111
3110
3108
3106
3102
3101
3100
3100
3096
3095
3094
3094
3093
3093
3093
3092
3092
3090
3090
3088
3087
3084
3082
3079
3079
3079
3078
3076
3075
3072
3072
3072
3071
3070
3069
3069
3069
3068
3067
3066
3066
3066
3066
3066
3060
3060
3060
3060
3058
3057
3057
3054
3052
3051
3051
3051
3049
3046
3046
3046
3045
3044
3042
3042
3042
3040
3040
3040
3038
3036
3035
3033
3033
3032
3032
3028
3028
3025
3025
3024
3024
3024
3024
3023
3022
3019
3019
3019
3019
3019
3019
3019
3018
3015
3012
3011
3010
3010
3010
3009
3008
3007
3006
3006
3006
3004
3002
3002
3000
3000
3000
3000
3000
3000
2999
2999
2999
2997
2996
2996
2996
2994
2993
2988
2988
2988
2987
2986
2980
2980
2979
2978
2978
2977
2977
2976
2976
2975
2972
2972
2972
2971
2971
2971
2967
2965
2964
2964
2964
2963
2963
2960
2960
2960
2960
2958
2957
2957
2955
2954
2953
2953
2953
2952
2952
2951
2950
2950
2946
2946
2946
2944
2944
2944
2943
2941
2940
2938
2937
2933
2933
2933
2933
2932
2931
2928
2927
2927
2927
2926
2924
2924
2924
2924
2922
2920
2919
2917
2913
2911
2910
2908
2907
2907
2907
2907
2906
2905
2905
2905
2902
2901
2901
2899
2898
2897
2897
2897
2897
2896
2895
2895
2894
2894
2894
2893
2892
2892
2891
2891
2890
2890
2890
2890
2890
2887
2887
2886
2886
2885
2884
2883
2883
2883
2883
2882
2881
2881
2881
2880
2879
2878
2878
2878
2878
2878
2875
2869
2866
2866
2864
2864
2863
2863
2862
2862
2860
2859
2857
2856
2855
2855
2854
2853
2852
2851
2851
2850
2850
2848
2847
2845
2841
2840
2840
2840
2840
2838
2838
2838
2836
2836
2836
2836
2835
2835
2834
2834
2834
2833
2832
2832
2831
2831
2830
2830
2829
2829
2829
2829
2827
2823
2822
2821
2821
2820
2820
2820
2820
2817
2816
2816
2811
2810
2810
2810
2807
2807
2806
2806
2804
2803
2802
2799
2799
2799
2799
2796
2795
2795
2795
2793
2792
2788
2785
2785
2785
2783
2782
2782
2780
2780
2779
2778
2778
2774
2773
2772
2772
2770
2767
2766
2766
2766
2766
2765
2765
2764
2764
2762
2762
2762
2759
2759
2759
2757
2755
2754
2754
2753
2752
2751
2751
2750
2748
2748
2748
2748
2747
2747
2746
2746
2746
2743
2743
2743
2742
2742
2737
2736
2736
2736
2736
2733
2732
2731
2731
2730
2727
2727
2727
2726
2726
2726
2726
2726
2726
2725
2724
2724
2723
2723
2722
2721
2721
2718
2718
2715
2714
2714
2714
2714
2714
2714
2714
2714
2713
2711
2709
2705
2704
2704
2703
2702
2702
2699
2699
2695
2694
2691
2690
2690
2690
2689
2688
2687
2685
2684
2684
2683
2683
2683
2683
2683
2681
2680
2680
2680
2678
2678
2678
2677
2677
2676
2675
2674
2673
2673
2673
2672
2672
2672
2671
2670
2667
2664
2664
2664
2664
2664
2664
2663
2662
2662
2662
2661
2660
2659
2659
2659
2658
2658
2658
2658
2658
2657
2657
2657
2654
2654
2653
2652
2652
2651
2650
2649
2649
2648
2647
2647
2646
2646
2646
2645
2644
2644
2643
2642
2641
2641
2640
2638
2637
2636
2636
2635
2633
2633
2631
2630
2630
2630
2628
2627
2626
2626
2625
2625
2624
2624
2623
2623
2623
2622
2622
2620
2620
2620
2619
2618
2617
2616
2616
2615
2615
2615
2614
2610
2610
2610
2609
2608
2607
2605
2605
2605
2605
2604
2602
2601
2598
2597
2597
2596
2595
2595
2595
2592
2592
2591
2590
2589
2588
2588
2586
2586
2586
2585
2580
2580
2579
2578
2578
2578
2576
2576
2576
2575
2575
2575
2575
2574
2574
2572
2571
2569
2569
2568
2568
2568
2568
2567
2566
2566
2565
2564
2563
2562
2562
2562
2562
2558
2558
2555
2555
2554
2553
2552
2552
2550
2550
2550
2548
2547
2547
2545
2544
2543
2543
2542
2541
2540
2540
2539
2539
2537
2537
2537
2536
2536
2536
2536
2536
2535
2535
2533
2531
2530
2530
2530
2527
2527
2525
2524
2523
2523
2523
2520
2519
2519
2516
2513
2512
2510
2509
2509
2509
2508
2507
2505
2503
2502
2502
2502
2501
2500
2500
2500
2499
2499
2496
2496
2492
2492
2492
2492
2492
2492
2489
2489
2489
2486
2480
2480
2477
2477
2477
2475
2475
2468
2466
2466
2466
2464
2464
2464
2464
2464
2464
2463
2463
2462
2462
2462
2461
2461
2460
2458
2457
2457
2456
2455
2453
2452
2451
2451
2448
2446
2445
2444
2444
2444
2444
2442
2441
2441
2441
2441
2439
2439
2437
2437
2437
2436
2435
2433
2433
2433
2433
2433
2432
2432
2429
2429
2428
2427
2427
2426
2422
2421
2421
2421
2421
2421
2420
2420
2420
2419
2419
2417
2416
2416
2415
2414
2414
2413
2412
2410
2410
2404
2404
2404
2402
2402
2402
2402
2402
2400
2400
2400
2399
2399
2398
2397
2396
2396
2395
2395
2394
2393
2392
2392
2391
2389
2389
2388
2387
2386
2386
2385
2384
2384
2382
2380
2380
2377
2377
2377
2377
2376
2376
2374
2374
2374
2373
2372
2371
2371
2371
2371
2371
2370
2370
2368
2367
2366
2365
2365
2364
2363
2363
2363
2359
2359
2357
2357
2357
2357
2356
2355
2354
2354
2352
2352
2352
2352
2350
2349
2349
2346
2346
2345
2345
2344
2343
2341
2340
2339
2339
2339
2338
2336
2336
2335
2335
2332
2332
2332
2330
2328
2327
2327
2327
2327
2326
2325
2324
2324
2323
2322
2322
2322
2321
2321
2320
2318
2318
2318
2317
2317
2315
2315
2315
2315
2315
2315
2313
2311
2311
2309
2308
2308
2306
2304
2303
2303
2302
2301
2300
2297
2297
2297
2295
2295
2295
2293
2292
2291
2291
2289
2289
2289
2288
2288
2288
2288
2286
2286
2285
2285
2285
2283
2282
2281
2280
2280
2280
2277
2277
2276
2274
2274
2272
2272
2270
2268
2267
2266
2266
2265
2264
2263
2263
2263
2262
2261
2261
2261
2260
2260
2259
2258
2257
2257
2256
2256
2256
2256
2255
2254
2254
2254
2253
2252
2248
2248
2248
2246
2246
2246
2245
2245
2245
2243
2243
2242
2242
2241
2241
2240
2239
2239
2237
2236
2236
2235
2234
2233
2233
2232
2232
2231
2229
2229
2229
2228
2228
2227
2227
2225
2220
2220
2219
2219
2217
2217
2217
2217
2216
2216
2216
2216
2216
2213
2213
2209
2209
2209
2208
2208
2207
2207
2206
2206
2206
2205
2205
2204
2203
2202
2201
2201
2198
2197
2197
2196
2195
2195
2194
2194
2193
2190
2186
2186
2184
2183
2181
2181
2180
2179
2179
2179
2179
2178
2178
2177
2176
2176
2176
2174
2174
2173
2173
2173
2173
2173
2173
2171
2170
2170
2170
2169
2169
2169
2168
2165
2165
2165
2165
2165
2165
2165
2165
2165
2164
2164
2164
2162
2162
2161
2161
2161
2159
2159
2159
2158
2156
2156
2154
2153
2152
2152
2151
2151
2151
2150
2150
2150
2149
2148
2147
2144
2143
2139
2139
2138
2137
2136
2136
2136
2136
2133
2131
2127
2126
2126
2126
2125
2125
2125
2124
2123
2122
2122
2119
2119
2119
2118
2118
2117
2117
2116
2116
2114
2113
2113
2112
2110
2110
2109
2109
2108
2106
2105
2105
2104
2104
2104
2104
2104
2104
2104
2104
2104
2103
2103
2103
2103
2102
2102
2101
2099
2098
2098
2095
2095
2094
2093
2093
2093
2092
2090
2089
2089
2087
2086
2084
2083
2083
2081
2080
2080
2078
2077
2077
2077
2077
2077
2077
2074
2074
2074
2072
2072
2072
2072
2071
2071
2070
2070
2070
2069
2069
2068
2068
2066
2066
2066
2064
2063
2063
2062
2062
2059
2058
2055
2055
2055
2055
2055
2055
2054
2051
2050
2050
2047
2046
2045
2043
2042
2041
2039
2039
2039
2038
2038
2038
2037
2035
2032
2032
2030
2028
2028
2028
2027
2027
2027
2027
2027
2026
2025
2025
2023
2023
2021
2019
2017
2017
2014
2012
2012
2012
2011
2010
2010
2010
2010
2010
2007
2007
2005
2005
2000
2000
2000
2000
1998
1998
1998
1998
1998
1996
1996
1996
1995
1995
1994
1992
1991
1989
1987
1985
1985
1982
1982
1980
1979
1979
1975
1975
1975
1975
1975
1975
1975
1973
1973
1973
1973
1972
1971
1971
1970
1969
1969
1968
1967
1966
1964
1964
1963
1963
1963
1963
1963
1961
1960
1960
1957
1957
1957
1955
1955
1953
1952
1950
1948
1947
1945
1945
1941
1939
1939
1939
1939
1939
1939
1936
1936
1935
1935
1934
1932
1932
1932
1932
1932
1932
1930
1929
1925
1923
1923
1923
1921
1920
1919
1919
1916
1914
1913
1913
1911
1910
1910
1907
1907
1905
1905
1905
1904
1903
1902
1902
1902
1902
1900
1900
1900
1900
1898
1898
1898
1895
1895
1895
1895
1894
1893
1893
1893
1892
1892
1891
1891
1889
1889
1889
1889
1886
1886
1885
1885
1884
1882
1882
1882
1882
1882
1882
1882
1876
1875
1873
1873
1873
1871
1871
1868
1867
1866
1864
1864
1864
1864
1864
1864
1864
1863
1863
1862
1857
1857
1857
1857
1857
1855
1853
1853
1852
1852
1852
1850
1848
1848
1848
1845
1845
1843
1843
1843
1843
1841
1839
1839
1836
1832
1830
1830
1830
1830
1829
1828
1828
1828
1828
1827
1826
1825
1823
1823
1822
1821
1818
1818
1816
1814
1814
1814
1814
1811
1811
1811
1810
1809
1809
1809
1807
1807
1807
1805
1804
1802
1801
1798
1798
1798
1798
1798
1797
1796
1796
1796
1795
1795
1794
1794
1794
1794
1794
1793
1792
1792
1792
1789
1789
1789
1789
1788
1788
1784
1784
1784
1782
1782
1780
1780
1778
1778
1777
1777
1777
1777
1776
1776
1776
1772
1772
1772
1772
1770
1769
1764
1764
1764
1764
1764
1764
1763
1763
1763
1763
1763
1763
1762
1762
1759
1757
1757
1755
1753
1753
1753
1752
1752
1752
1750
1747
1743
1741
1739
1738
1738
1736
1732
1732
1730
1729
1729
1728
1727
1727
1723
1723
1723
1722
1721
1719
1718
1718
1718
1718
1717
1714
1714
1714
1712
1711
1711
1710
1709
1709
1707
1705
1705
1705
1705
1703
1703
1702
1701
1701
1700
1698
1696
1696
1695
1693
1692
1691
1689
1689
1688
1685
1685
1682
1680
1680
1679
1677
1677
1676
1676
1675
1675
1673
1673
1672
1670
1668
1663
1663
1663
1661
1660
1660
1659
1657
1657
1657
1655
1654
1653
1653
1652
1651
1651
1651
1650
1647
1647
1645
1645
1645
1645
1644
1643
1643
1642
1639
1639
1639
1638
1638
1638
1637
1636
1636
1635
1635
1635
1634
1632
1632
1632
1630
1630
1628
1627
1627
1627
1627
1627
1626
1626
1626
1625
1622
1621
1620
1620
1620
1620
1618
1617
1617
1616
1616
1614
1614
1614
1613
1612
1612
1611
1611
1611
1610
1610
1610
1610
1610
1607
1607
1607
1607
1607
1607
1604
1604
1604
1603
1602
1601
1601
1600
1598
1598
1597
1594
1594
1592
1591
1591
1589
1589
1589
1588
1586
1586
1585
1585
1583
1582
1582
1582
1581
1580
1575
1575
1574
1574
1574
1573
1570
1570
1570
1570
1570
1570
1569
1569
1569
1565
1561
1558
1558
1557
1556
1555
1553
1553
1552
1549
1547
1546
1546
1546
1546
1543
1543
1543
1542
1540
1540
1539
1538
1538
1537
1536
1536
1535
1535
1534
1534
1531
1530
1530
1530
1529
1526
1526
1525
1525
1524
1524
1524
1524
1524
1522
1522
1521
1521
1520
1520
1520
1519
1518
1517
1515
1513
1511
1511
1511
1510
1509
1509
1508
1507
1507
1507
1507
1506
1506
1506
1505
1505
1505
1504
1503
1502
1501
1500
1499
1497
1494
1493
1493
1492
1492
1491
1491
1491
1491
1491
1484
1483
1482
1482
1480
1480
1479
1478
1478
1477
1476
1476
1475
1474
1472
1471
1471
1471
1471
1469
1467
1467
1467
1464
1463
1463
1463
1462
1462
1462
1461
1460
1459
1458
1458
1458
1458
1457
1456
1455
1453
1450
1450
1450
1449
1448
1447
1447
1446
1446
1444
1444
1444
1441
1439
1437
1437
1434
1432
1431
1431
1431
1431
1430
1425
1424
1424
1424
1424
1423
1423
1423
1421
1421
1421
1420
1420
1419
1419
1419
1419
1419
1418
1418
1418
1416
1414
1413
1408
1408
1407
1407
1403
1403
1402
1402
1402
1401
1401
1400
1400
1398
1398
1398
1397
1397
1396
1396
1393
1392
1388
1388
1388
1388
1388
1387
1387
1387
1386
1386
1386
1383
1382
1380
1379
1379
1375
1375
1375
1370
1370
1368
1367
1366
1365
1365
1364
1361
1361
1359
1358
1358
1358
1358
1357
1357
1357
1357
1354
1353
1352
1352
1350
1348
1346
1345
1342
1341
1341
1338
1338
1337
1337
1337
1336
1335
1335
1333
1333
1333
1333
1332
1331
1331
1330
1329
1328
1328
1327
1327
1327
1326
1325
1324
1324
1324
1324
1323
1323
1321
1321
1321
1321
1320
1319
1318
1315
1313
1312
1312
1311
1308
1306
1302
1302
1301
1298
1298
1297
1295
1295
1295
1295
1294
1293
1293
1291
1291
1291
1291
1289
1289
1289
1289
1288
1288
1286
1285
1285
1285
1284
1283
1281
1281
1281
1280
1280
1280
1279
1276
1273
1272
1269
1268
1268
1267
1265
1265
1264
1264
1264
1264
1262
1261
1260
1260
1260
1259
1258
1257
1257
1255
1255
1255
1255
1254
1254
1252
1252
1251
1251
1251
1251
1249
1248
1244
1243
1243
1243
1243
1243
1243
1242
1242
1241
1241
1239
1239
1238
1238
1238
1237
1236
1236
1235
1235
1233
1233
1231
1231
1230
1229
1228
1227
1227
1227
1226
1225
1225
1225
1223
1221
1220
1220
1220
1218
1215
1214
1212
1212
1211
1211
1208
1207
1205
1204
1204
1203
1202
1201
1200
1200
1199
1196
1195
1194
1194
1194
1194
1192
1192
1192
1191
1191
1188
1188
1188
1186
1186
1184
1182
1180
1180
1177
1177
1177
1177
1174
1174
1174
1172
1171
1170
1168
1167
1166
1166
1165
1165
1164
1163
1159
1158
1158
1158
1158
1155
1154
1151
1149
1149
1149
1147
1145
1145
1145
1144
1143
1143
1142
1142
1142
1142
1142
1141
1141
1139
1138
1137
1135
1134
1134
1131
1129
1127
1127
1126
1125
1125
1125
1122
1121
1121
1120
1120
1119
1119
1119
1119
1119
1119
1118
1118
1117
1116
1115
1115
1114
1114
1113
1113
1112
1110
1109
1108
1108
1106
1106
1103
1103
1103
1103
1096
1096
1096
1094
1094
1093
1092
1092
1091
1090
1089
1087
1083
1082
1082
1082
1081
1080
1078
1076
1075
1075
1075
1074
1073
1070
1069
1069
1069
1067
1067
1067
1067
1067
1066
1063
1063
1063
1063
1061
1061
1061
1060
1058
1056
1056
1055
1055
1053
1052
1052
1051
1051
1051
1050
1050
1049
1049
1048
1048
1048
1048
1048
1047
1047
1046
1046
1046
1045
1042
1041
1041
1038
1038
1038
1038
1037
1037
1037
1037
1035
1034
1034
1033
1033
1033
1032
1031
1031
1031
1031
1031
1030
1030
1030
1030
1029
1029
1029
1028
1027
1025
1023
1023
1023
1022
1019
1019
1019
1019
1018
1015
1015
1015
1014
1011
1010
1009
1009
1009
1006
1005
1002
1002
1002
1001
1000
997
996
994
994
994
991
990
986
985
985
984
984
982
981
980
980
980
978
978
978
978
977
977
977
977
977
977
977
976
976
975
975
974
974
974
971
971
969
968
967
966
966
961
961
961
961
960
960
960
959
959
956
956
956
953
952
951
949
949
949
944
944
944
944
941
941
940
939
939
939
939
936
935
931
927
927
927
927
927
926
926
924
924
923
922
919
918
918
918
917
915
915
914
914
913
913
911
911
910
908
908
907
906
905
905
903
903
902
902
902
902
901
900
897
897
896
894
894
894
893
892
891
890
888
886
885
883
881
881
880
880
880
880
878
877
877
876
874
873
873
871
871
871
868
867
867
866
865
864
864
861
861
859
858
858
855
855
855
852
852
851
849
849
848
848
848
847
846
846
846
846
846
844
844
844
842
842
841
840
840
839
839
836
836
836
836
835
834
834
833
832
832
827
827
826
826
826
826
826
826
826
825
825
824
823
823
822
818
818
815
815
815
815
814
814
814
814
811
811
809
807
807
806
805
803
803
802
802
802
802
802
802
802
802
801
801
796
796
796
796
796
796
795
794
794
794
793
792
792
791
791
791
790
789
789
789
785
785
785
785
784
784
783
782
782
782
782
782
782
781
781
780
780
779
777
777
777
774
774
773
772
771
769
768
768
768
768
767
767
767
767
766
766
765
764
764
763
762
759
758
756
755
754
753
752
751
751
750
750
747
747
746
746
745
744
744
743
743
742
742
742
740
739
737
737
737
736
735
734
734
733
732
732
731
731
729
728
727
726
726
724
724
724
721
720
719
719
718
718
718
716
716
713
713
712
711
707
706
706
706
705
704
702
702
702
699
699
699
699
699
699
697
695
695
693
693
693
693
692
690
689
687
687
686
686
686
683
683
682
682
678
676
675
674
674
674
673
672
671
669
669
668
667
667
667
666
666
666
665
665
664
664
664
663
662
662
661
661
660
659
657
657
655
654
653
651
650
650
650
648
647
646
643
642
641
641
640
640
640
639
638
637
635
634
631
631
630
630
629
629
625
625
624
622
621
621
619
619
619
618
617
616
614
614
612
612
611
608
608
607
606
604
600
600
599
599
598
598
598
596
595
593
593
592
590
589
587
585
585
583
581
580
579
579
578
578
576
574
573
572
572
572
572
571
570
568
568
568
568
565
565
564
563
563
563
561
560
560
559
559
559
558
558
557
557
555
554
551
551
551
546
546
546
544
544
542
541
541
539
537
537
537
534
534
534
532
532
531
531
530
529
526
526
525
525
522
522
520
520
520
517
517
516
516
516
516
516
515
514
514
514
514
514
514
514
514
514
514
514
514
514
513
513
513
511
509
509
509
508
508
507
505
505
505
505
505
504
504
504
503
503
503
503
503
500
498
495
495
493
492
491
491
490
490
488
487
484
484
483
483
482
482
482
480
480
480
480
478
476
476
474
473
472
472
471
471
471
470
470
469
468
468
466
465
465
465
463
463
463
463
463
463
463
463
463
462
462
461
461
461
459
459
458
458
458
457
454
454
451
448
448
447
446
445
445
444
443
442
442
438
438
437
434
434
434
434
433
433
433
432
430
430
430
430
429
428
428
428
426
426
426
426
424
422
422
417
416
412
411
411
409
408
408
408
403
401
401
401
401
401
400
398
398
398
398
395
395
395
393
393
393
393
393
393
392
392
392
392
392
388
388
386
386
385
384
383
383
382
381
379
378
378
376
376
375
373
372
372
369
367
367
365
364
363
361
360
360
359
358
358
358
358
356
353
353
353
352
352
351
351
350
350
350
347
347
347
346
345
345
345
345
343
343
343
343
343
342
342
342
342
341
341
341
340
340
338
338
337
337
336
336
336
335
335
333
330
330
328
328
327
324
324
324
323
323
322
322
322
321
320
319
319
317
316
316
316
315
315
315
314
313
313
313
312
312
312
308
308
308
306
306
306
305
305
305
305
305
305
305
304
302
301
301
300
299
299
299
298
298
296
295
295
295
293
292
291
290
288
287
287
285
285
285
284
281
280
280
279
279
278
278
278
278
277
275
275
272
272
271
271
271
270
269
267
264
264
264
264
264
262
262
262
261
261
261
258
257
257
256
256
252
250
249
249
249
248
248
248
246
244
242
242
242
240
240
238
238
238
238
237
237
237
236
236
235
234
234
234
234
233
233
233
231
231
231
231
231
229
229
229
229
229
229
229
227
227
227
227
227
227
225
224
224
221
221
219
218
218
216
216
216
215
215
214
213
212
211
211
211
211
211
208
206
204
204
204
204
204
204
202
200
200
200
200
200
200
199
198
198
198
196
195
194
194
194
193
193
193
192
192
192
190
187
186
186
184
184
183
182
181
181
181
179
178
178
176
172
171
170
169
167
165
165
165
165
163
161
161
160
160
159
159
159
158
158
158
155
155
153
153
153
152
151
151
151
151
149
149
149
149
149
148
145
143
143
143
143
143
143
143
143
142
141
140
140
140
139
139
139
137
135
135
133
130
130
130
130
129
127
126
125
125
124
123
123
122
122
122
122
122
121
119
118
117
112
112
112
112
112
112
112
111
111
111
108
108
107
107
106
104
104
99
99
98
97
96
96
94
94
94
92
90
89
89
89
89
89
89
88
87
87
83
83
80
79
79
77
77
74
73
73
73
73
72
72
72
71
70
70
69
69
69
68
65
65
64
62
59
59
57
56
54
54
54
53
53
52
51
50
50
50
50
49
48
48
47
46
46
43
43
42
42
37
37
36
35
35
34
34
34
34
33
32
31
30
28
27
24
23
22
22
22
22
21
21
19
18
17
12
12
11
11
10
9
9
7
3
2
1
1
0