9996
9988
9984
9974
9974
9973
9973
9973
9971
9962
9961
9951
9951
9950
9930
9921
9916
9914
9912
9903
9903
9903
9896
9884
9884
9872
9858
9835
9811
9770
9770
9770
9768
9751
9742
9739
9723
9706
9706
9706
9689
9689
9675
9660
9656
9639
9609
9605
9603
9596
9594
9578
9578
9569
9560
9560
9548
9548
9517
9516
9516
9508
9507
9495
9491
9459
9459
9455
9444
9444
9421
9408
9408
9408
9380
9375
9372
9368
9352
9346
9346
9346
9344
9344
9309
9309
9302
9294
9294
9287
9287
9287
9277
9276
9269
9254
9254
9236
9230
9214
9214
9208
9206
9164
9164
9157
9141
9139
9139
9123
9096
9078
9072
9072
9071
9054
9054
9031
8992
8992
8991
8991
8989
8952
8947
8922
8922
8899
8897
8897
8892
8892
8889
8884
8884
8878
8878
8878
8878
8849
8845
8845
8839
8839
8821
8820
8820
8820
8815
8815
8813
8794
8791
8790
8778
8767
8749
8739
8739
8739
8739
8734
8730
8728
8728
8728
8727
8698
8698
8681
8680
8680
8676
8676
8675
8669
8669
8650
8646
8638
8638
8624
8624
8618
8603
8603
8599
8599
8596
8596
8596
8591
8585
8585
8556
8550
8550
8544
8541
8541
8536
8536
8534
8523
8517
8517
8495
8495
8495
8475
8465
8457
8445
8440
8423
8423
8412
8411
8411
8398
8384
8377
8375
8360
8352
8314
8312
8290
8290
8290
8286
8283
8278
8262
8228
8212
8206
8181
8173
8161
8156
8156
8156
8131
8131
8122
8114
8111
8109
8094
8094
8088
8088
8083
8083
8079
8078
8075
8066
8066
8065
8042
8042
8025
7995
7988
7978
7978
7968
7964
7964
7956
7956
7951
7947
7941
7940
7934
7934
7934
7934
7926
7922
7920
7915
7911
7884
7884
7881
7880
7875
7859
7856
7856
7853
7853
7808
7801
7776
7766
7766
7766
7744
7742
7727
7719
7717
7717
7695
7694
7687
7684
7681
7681
7673
7669
7663
7659
7634
7629
7629
7609
7608
7600
7600
7594
7593
7581
7578
7570
7565
7556
7547
7547
7537
7534
7501
7488
7478
7478
7478
7461
7443
7423
7419
7419
7416
7414
7413
7406
7402
7402
7402
7397
7395
7395
7394
7394
7379
7334
7325
7318
7318
7316
7308
7308
7308
7304
7298
7298
7298
7298
7295
7295
7286
7278
7216
7216
7216
7208
7179
7166
7144
7136
7120
7120
7108
7108
7093
7066
7065
7064
7052
7048
7041
7034
7031
7022
7011
7006
7002
6984
6984
6981
6981
6975
6973
6973
6967
6958
6948
6943
6939
6930
6927
6926
6912
6905
6905
6904
6898
6897
6880
6863
6848
6814
6798
6793
6793
6791
6791
6778
6762
6759
6756
6754
6742
6728
6723
6723
6720
6720
6706
6690
6690
6681
6681
6680
6653
6648
6644
6642
6633
6622
6608
6605
6605
6589
6589
6589
6589
6564
6550
6542
6542
6539
6534
6530
6530
6529
6529
6526
6526
6509
6506
6506
6501
6501
6492
6491
6486
6484
6484
6484
6483
6478
6478
6472
6472
6472
6472
6466
6459
6458
6458
6453
6434
6431
6431
6423
6418
6411
6411
6411
6406
6406
6405
6404
6375
6369
6354
6333
6321
6321
6310
6280
6278
6271
6268
6262
6253
6253
6248
6220
6220
6194
6194
6179
6171
6169
6168
6156
6132
6123
6118
6116
6116
6110
6110
6099
6099
6078
6072
6072
6068
6062
6046
6039
6039
6031
6012
5997
5991
5982
5971
5963
5955
5911
5908
5897
5890
5890
5889
5884
5874
5847
5838
5835
5827
5827
5820
5820
5818
5818
5797
5752
5752
5752
5752
5750
5750
5750
5740
5734
5729
5727
5727
5717
5710
5710
5689
5672
5663
5661
5659
5659
5656
5634
5633
5633
5611
5611
5608
5595
5595
5591
5582
5578
5569
5559
5556
5551
5551
5543
5541
5523
5507
5501
5500
5469
5435
5428
5413
5413
5395
5373
5353
5327
5285
5279
5250
5241
5225
5208
5198
5183
5178
5175
5156
5132
5128
5128
5127
5122
5094
5071
5071
5065
5049
5049
5043
5039
5031
5026
5022
4999
4997
4986
4970
4949
4935
4935
4907
4907
4884
4860
4860
4850
4845
4842
4842
4839
4839
4837
4837
4823
4823
4815
4812
4805
4805
4805
4805
4799
4790
4790
4768
4760
4751
4748
4748
4744
4740
4737
4731
4726
4718
4698
4687
4656
4651
4640
4638
4627
4625
4624
4624
4620
4606
4597
4590
4590
4577
4563
4562
4561
4557
4557
4530
4530
4522
4522
4517
4517
4511
4493
4488
4488
4483
4478
4451
4439
4436
4416
4394
4389
4359
4324
4316
4285
4285
4247
4246
4234
4222
4222
4177
4170
4155
4155
4154
4137
4135
4129
4129
4119
4119
4119
4117
4092
4077
4077
4052
4052
4049
4044
4034
4029
4020
4019
4008
4008
4002
4002
3997
3997
3997
3986
3986
3984
3979
3979
3971
3971
3967
3967
3965
3965
3964
3964
3964
3958
3954
3954
3954
3947
3947
3947
3936
3933
3926
3922
3914
3914
3914
3911
3911
3911
3907
3900
3897
3890
3882
3872
3861
3861
3859
3859
3839
3811
3788
3769
3765
3754
3745
3729
3729
3726
3726
3717
3717
3717
3715
3714
3702
3679
3669
3669
3668
3640
3615
3613
3611
3609
3590
3590
3581
3572
3572
3557
3553
3539
3539
3539
3536
3536
3536
3535
3490
3490
3479
3468
3464
3454
3454
3447
3447
3447
3444
3426
3418
3407
3390
3376
3372
3367
3357
3347
3320
3317
3313
3297
3261
3254
3254
3254
3252
3249
3245
3229
3229
3228
3228
3227
3227
3227
3222
3218
3218
3182
3181
3181
3155
3125
3125
3119
3107
3076
3076
3073
3062
3060
3060
3060
3056
3056
3056
3039
3036
3033
3025
3025
3011
3011
3011
3000
3000
2996
2992
2991
2991
2983
2982
2981
2978
2965
2952
2949
2949
2946
2943
2943
2935
2931
2930
2930
2925
2925
2925
2902
2902
2898
2891
2883
2877
2876
2853
2839
2839
2839
2831
2831
2825
2821
2806
2806
2802
2802
2799
2799
2795
2787
2776
2751
2750
2746
2724
2693
2693
2689
2689
2662
2659
2649
2649
2649
2646
2643
2643
2643
2639
2636
2636
2633
2622
2620
2619
2612
2610
2606