15
32
49
49
51
65
68
82
91
96
107
137
137
140
149
149
167
175
177
179
179
193
200
218
218
223
224
238
238
245
247
248
249
260
271
274
275
309
309
312
312
322
331
337
345
350
350
359
387
393
393
408
411
417
421
432
437
440
451
457
476
479
493
501
501
501
501
501
526
534
598
600
608
628
628
628
628
628
631
641
643
647
662
674
680
680
704
730
765
767
778
778
784
784
784
792
794
824
851
858
865
865
869
869
884
884
884
885
936
936
997
1008
1010
1010
1027
1027
1035
1053
1053
1071
1071
1071
1079
1081
1081
1082
1083
1109
1125
1134
1146
1146
1174
1184
1185
1189
1192
1193
1195
1220
1222
1252
1269
1274
1277
1277
1281
1281
1306
1342
1360
1365
1368
1373
1376
1376
1384
1405
1415
1417
1421
1430
1433
1435
1459
1482
1482
1501
1501
1501
1508
1515
1527
1527
1555
1562
1565
1575
1591
1593
1593
1605
1605
1632
1634
1657
1657
1673
1676
1682
1693
1693
1696
1696
1723
1723
1723
1734
1734
1737
1779
1804
1804
1817
1823
1838
1847
1847
1857
1860
1872
1885
1894
1907
1926
1927
1930
1930
1935
1953
1982
1982
1997
2004
2007
2009
2009
2013
2013
2030
2030
2030
2039
2044
2063
2063
2069
2082
2094
2094
2094
2105
2105
2108
2110
2110
2115
2131
2156
2156
2166
2166
2166
2171
2172
2172
2180
2180
2184
2217
2249
2277
2284
2303
2303
2303
2303
2312
2312
2313
2332
2334
2335
2342
2352
2355
2365
2377
2389
2452
2463
2463
2469
2469
2476
2491
2508
2508
2512
2512
2512
2524
2525
2525
2534
2534
2545
2549
2559
2566
2568
2573
2573
2576
2576
2583
2583
2583
2606
2610
2612
2619
2620
2622
2633
2636
2636
2639
2643
2643
2643
2646
2649
2649
2649
2659
2662
2689
2689
2693
2693
2724
2746
2750
2751
2776
2787
2795
2799
2799
2802
2802
2806
2806
2821
2825
2831
2831
2839
2839
2839
2853
2876
2877
2883
2891
2898
2902
2902
2925
2925
2925
2930
2930
2931
2935
2943
2943
2946
2949
2949
2952
2965
2978
2981
2982
2983
2991
2991
2992
2996
3000
3000
3011
3011
3011
3025
3025
3033
3036
3039
3056
3056
3056
3060
3060
3060
3062
3073
3076
3076
3107
3119
3125
3125
3155
3181
3181
3182
3218
3218
3222
3227
3227
3227
3228
3228
3229
3229
3245
3249
3252
3254
3254
3254
3261
3297
3313
3317
3320
3347
3357
3367
3372
3376
3390
3407
3418
3426
3444
3447
3447
3447
3454
3454
3464
3468
3479
3490
3490
3535
3536
3536
3536
3539
3539
3539
3553
3557
3572
3572
3581
3590
3590
3609
3611
3613
3615
3640
3668
3669
3669
3679
3702
3714
3715
3717
3717
3717
3726
3726
3729
3729
3745
3754
3765
3769
3788
3811
3839
3859
3859
3861
3861
3872
3882
3890
3897
3900
3907
3911
3911
3911
3914
3914
3914
3922
3926
3933
3936
3947
3947
3947
3954
3954
3954
3958
3964
3964
3964
3965
3965
3967
3967
3971
3971
3979
3979
3984
3986
3986
3997
3997
3997
4002
4002
4008
4008
4019
4020
4029
4034
4044
4049
4052
4052
4077
4077
4092
4117
4119
4119
4119
4129
4129
4135
4137
4154
4155
4155
4170
4177
4222
4222
4234
4246
4247
4285
4285
4316
4324
4359
4389
4394
4416
4436
4439
4451
4478
4483
4488
4488
4493
4511
4517
4517
4522
4522
4530
4530
4557
4557
4561
4562
4563
4577
4590
4590
4597
4606
4620
4624
4624
4625
4627
4638
4640
4651
4656
4687
4698
4718
4726
4731
4737
4740
4744
4748
4748
4751
4760
4768
4790
4790
4799
4805
4805
4805
4805
4812
4815
4823
4823
4837
4837
4839
4839
4842
4842
4845
4850
4860
4860
4884
4907
4907
4935
4935
4949
4970
4986
4997
4999
5022
5026
5031
5039
5043
5049
5049
5065
5071
5071
5094
5122
5127
5128
5128
5132
5156
5175
5178
5183
5198
5208
5225
5241
5250
5279
5285
5327
5353
5373
5395
5413
5413
5428
5435
5469
5500
5501
5507
5523
5541
5543
5551
5551
5556
5559
5569
5578
5582
5591
5595
5595
5608
5611
5611
5633
5633
5634
5656
5659
5659
5661
5663
5672
5689
5710
5710
5717
5727
5727
5729
5734
5740
5750
5750
5750
5752
5752
5752
5752
5797
5818
5818
5820
5820
5827
5827
5835
5838
5847
5874
5884
5889
5890
5890
5897
5908
5911
5955
5963
5971
5982
5991
5997
6012
6031
6039
6039
6046
6062
6068
6072
6072
6078
6099
6099
6110
6110
6116
6116
6118
6123
6132
6156
6168
6169
6171
6179
6194
6194
6220
6220
6248
6253
6253
6262
6268
6271
6278
6280
6310
6321
6321
6333
6354
6369
6375
6404
6405
6406
6406
6411
6411
6411
6418
6423
6431
6431
6434
6453
6458
6458
6459
6466
6472
6472
6472
6472
6478
6478
6483
6484
6484
6484
6486
6491
6492
6501
6501
6506
6506
6509
6526
6526
6529
6529
6530
6530
6534
6539
6542
6542
6550
6564
6589
6589
6589
6589
6605
6605
6608
6622
6633
6642
6644
6648
6653
6680
6681
6681
6690
6690
6706
6720
6720
6723
6723
6728
6742
6754
6756
6759
6762
6778
6791
6791
6793
6793
6798
6814
6848
6863
6880
6897
6898
6904
6905
6905
6912
6926
6927
6930
6939
6943
6948
6958
6967
6973
6973
6975
6981
6981
6984
6984
7002
7006
7011
7022
7031
7034
7041
7048
7052
7064
7065
7066
7093
7108
7108
7120
7120
7136
7144
7166
7179
7208
7216
7216
7216
7278
7286
7295
7295
7298
7298
7298
7298
7304
7308
7308
7308
7316
7318
7318
7325
7334
7379
7394
7394
7395
7395
7397
7402
7402
7402
7406
7413
7414
7416
7419
7419
7423
7443
7461
7478
7478
7478
7488
7501
7534
7537
7547
7547
7556
7565
7570
7578
7581
7593
7594
7600
7600
7608
7609
7629
7629
7634
7659
7663
7669
7673
7681
7681
7684
7687
7694
7695