0
1
1
2
3
7
9
9
10
11
11
12
12
17
18
19
21
21
22
22
22
22
23
24
27
28
30
31
32
33
34
34
34
34
35
35
36
37
37
42
42
43
43
46
46
47
48
48
49
50
50
50
50
51
52
53
53
54
54
54
56
57
59
59
62
64
65
65
68
69
69
69
70
70
71
72
72
72
73
73
73
73
74
77
77
79
79
80
83
83
87
87
88
89
89
89
89
89
89
90
92
94
94
94
96
96
97
98
99
99
104
104
106
107
107
108
108
111
111
111
112
112
112
112
112
112
112
117
118
119
121
122
122
122
122
122
123
123
124
125
125
126
127
129
130
130
130
130
133
135
135
137
139
139
139
140
140
140
141
142
143
143
143
143
143
143
143
143
145
148
149
149
149
149
149
151
151
151
151
152
153
153
153
155
155
158
158
158
159
159
159
160
160
161
161
163
165
165
165
165
167
169
170
171
172
176
178
178
179
181
181
181
182
183
184
184
186
186
187
190
192
192
192
193
193
193
194
194
194
195
196
198
198
198
199
200
200
200
200
200
200
202
204
204
204
204
204
204
206
208
211
211
211
211
211
212
213
214
215
215
216
216
216
218
218
219
221
221
224
224
225
227
227
227
227
227
227
229
229
229
229
229
229
229
231
231
231
231
231
233
233
233
234
234
234
234
235
236
236
237
237
237
238
238
238
238
240
240
242
242
242
244
246
248
248
248
249
249
249
250
252
256
256
257
257
258
261
261
261
262
262
262
264
264
264
264
264
267
269
270
271
271
271
272
272
275
275
277
278
278
278
278
279
279
280
280
281
284
285
285
285
287
287
288
290
291
292
293
295
295
295
296
298
298
299
299
299
300
301
301
302
304
305
305
305
305
305
305
305
306
306
306
308
308
308
312
312
312
313
313
313
314
315
315
315
316
316
316
317
319
319
320
321
322
322
322
323
323
324
324
324
327
328
328
330
330
333
335
335
336
336
336
337
337
338
338
340
340
341
341
341
342
342
342
342
343
343
343
343
343
345
345
345
345
346
347
347
347
350
350
350
351
351
352
352
353
353
353
356
358
358
358
358
359
360
360
361
363
364
365
367
367
369
372
372
373
375
376
376
378
378
379
381
382
383
383
384
385
386
386
388
388
392
392
392
392
392
393
393
393
393
393
393
395
395
395
398
398
398
398
400
401
401
401
401
401
403
408
408
408
409
411
411
412
416
417
422
422
424
426
426
426
426
428
428
428
429
430
430
430
430
432
433
433
433
434
434
434
434
437
438
438
442
442
443
444
445
445
446
447
448
448
451
454
454
457
458
458
458
459
459
461
461
461
462
462
463
463
463
463
463
463
463
463
463
465
465
465
466
468
468
469
470
470
471
471
471
472
472
473
474
476
476
478
480
480
480
480
482
482
482
483
483
484
484
487
488
490
490
491
491
492
493
495
495
498
500
503
503
503
503
503
504
504
504
505
505
505
505
505
507
508
508
509
509
509
511
513
513
513
514
514
514
514
514
514
514
514
514
514
514
514
514
515
516
516
516
516
516
517
517
520
520
520
522
522
525
525
526
526
529
530
531
531
532
532
534
534
534
537
537
537
539
541
541
542
544
544
546
546
546
551
551
551
554
555
557
557
558
558
559
559
559
560
560
561
563
563
563
564
565
565
568
568
568
568
570
571
572
572
572
572
573
574
576
578
578
579
579
580
581
583
585
585
587
589
590
592
593
593
595
596
598
598
598
599
599
600
600
604
606
607
608
608
611
612
612
614
614
616
617
618
619
619
619
621
621
622
624
625
625
629
629
630
630
631
631
634
635
637
638
639
640
640
640
641
641
642
643
646
647
648
650
650
650
651
653
654
655
657
657
659
660
661
661
662
662
663
664
664
664
665
665
666
666
666
667
667
667
668
669
669
671
672
673
674
674
674
675
676
678
682
682
683
683
686
686
686
687
687
689
690
692
693
693
693
693
695
695
697
699
699
699
699
699
699
702
702
702
704
705
706
706
706
707
711
712
713
713
716
716
718
718
718
719
719
720
721
724
724
724
726
726
727
728
729
731
731
732
732
733
734
734
735
736
737
737
737
739
740
742
742
742
743
743
744
744
745
746
746
747
747
750
750
751
751
752
753
754
755
756
758
759
762
763
764
764
765
766
766
767
767
767
767
768
768
768
768
769
771
772
773
774
774
777
777
777
779
780
780
781
781
782
782
782
782
782
782
783
784
784
785
785
785
785
789
789
789
790
791
791
791
792
792
793
794
794
794
795
796
796
796
796
796
796
801
801
802
802
802
802
802
802
802
802
803
803
805
806
807
807
809
811
811
814
814
814
814
815
815
815
815
818
818
822
823
823
824
825
825
826
826
826
826
826
826
826
827
827
832
832
833
834
834
835
836
836
836
836
839
839
840
840
841
842
842
844
844
844
846
846
846
846
846
847
848
848
848
849
849
851
852
852
855
855
855
858
858
859
861
861
864
864
865
866
867
867
868
871
871
871
873
873
874
876
877
877
878
880
880
880
880
881
881
883
885
886
888
890
891
892
893
894
894
894
896
897
897
900
901
902
902
902
902
903
903
905
905
906
907
908
908
910
911
911
913
913
914
914
915
915
917
918
918
918
919
922
923
924
924
926
926
927
927
927
927
927
931
935
936
939
939
939
939
940
941
941
944
944
944
944
949
949
949
951
952
953
956
956
956
959
959
960
960
960
961
961
961
961
966
966
967
968
969
971
971
974
974
974
975
975
976
976
977
977
977
977
977
977
977
978
978
978
978
980
980
980
981
982
984
984
985
985
986
990
991
994
994
994
996
997
1000
1001
1002
1002
1002
1005
1006
1009
1009
1009
1010
1011
1014
1015
1015
1015
1018
1019
1019
1019
1019
1022
1023
1023
1023
1025
1027
1028
1029
1029
1029
1030
1030
1030
1030
1031
1031
1031
1031
1031
1032
1033
1033
1033
1034
1034
1035
1037
1037
1037
1037
1038
1038
1038
1038
1041
1041
1042
1045
1046
1046
1046
1047
1047
1048
1048
1048
1048
1048
1049
1049
1050
1050
1051
1051
1051
1052
1052
1053
1055
1055
1056
1056
1058
1060
1061
1061
1061
1063
1063
1063
1063
1066
1067
1067
1067
1067
1067
1069
1069
1069
1070
1073
1074
1075
1075
1075
1076
1078
1080
1081
1082
1082
1082
1083
1087
1089
1090
1091
1092
1092
1093
1094
1094
1096
1096
1096
1103
1103
1103
1103
1106
1106
1108
1108
1109
1110
1112
1113
1113
1114
1114
1115
1115
1116
1117
1118
1118
1119
1119
1119
1119
1119
1119
1120
1120
1121
1121
1122
1125
1125
1125
1126
1127
1127
1129
1131
1134
1134
1135
1137
1138
1139
1141
1141
1142
1142
1142
1142
1142
1143
1143
1144
1145
1145
1145
1147
1149
1149
1149
1151
1154
1155
1158
1158
1158
1158
1159
1163
1164
1165
1165
1166
1166
1167
1168
1170
1171
1172
1174
1174
1174
1177
1177
1177
1177
1180
1180
1182
1184
1186
1186
1188
1188
1188
1191
1191
1192
1192
1192
1194
1194
1194
1194
1195
1196
1199
1200
1200
1201
1202
1203
1204
1204
1205
1207
1208
1211
1211
1212
1212
1214
1215
1218
1220
1220
1220
1221
1223
1225
1225
1225
1226
1227
1227
1227
1228
1229
1230
1231
1231
1233
1233
1235
1235
1236
1236
1237
1238
1238
1238
1239
1239
1241
1241
1242
1242
1243
1243
1243
1243
1243
1243
1244
1248
1249
1251
1251
1251
1251
1252
1252
1254
1254
1255
1255
1255
1255
1257
1257
1258
1259
1260
1260
1260
1261
1262
1264
1264
1264
1264
1265
1265
1267
1268
1268
1269
1272
1273
1276
1279
1280
1280
1280
1281
1281
1281
1283
1284
1285
1285
1285
1286
1288
1288
1289
1289
1289
1289
1291
1291
1291
1291
1293
1293
1294
1295
1295
1295
1295
1297
1298
1298
1301
1302
1302
1306
1308
1311
1312
1312
1313
1315
1318
1319
1320
1321
1321
1321
1321
1323
1323
1324
1324
1324
1324
1325
1326
1327
1327
1327
1328
1328
1329
1330
1331
1331
1332
1333
1333
1333
1333
1335
1335
1336
1337
1337
1337
1338
1338
1341
1341
1342
1345
1346
1348
1350
1352
1352
1353
1354
1357
1357
1357
1357
1358
1358
1358
1358
1359
1361
1361
1364
1365
1365
1366
1367
1368
1370
1370
1375
1375
1375
1379
1379
1380
1382
1383
1386
1386
1386
1387
1387
1387
1388
1388
1388
1388
1388
1392
1393
1396
1396
1397
1397
1398
1398
1398
1400
1400
1401
1401
1402
1402
1402
1403
1403
1407
1407
1408
1408
1413
1414
1416
1418
1418
1418
1419
1419
1419
1419
1419
1420
1420
1421
1421
1421
1423
1423
1423
1424
1424
1424
1424
1425
1430
1431
1431
1431
1431
1432
1434
1437
1437
1439
1441
1444
1444
1444
1446
1446
1447
1447
1448
1449
1450
1450
1450
1453
1455
1456
1457
1458
1458
1458
1458
1459
1460
1461
1462
1462
1462
1463
1463
1463
1464
1467
1467
1467
1469
1471
1471
1471
1471
1472
1474
1475
1476
1476
1477
1478
1478
1479
1480
1480
1482
1482
1483
1484
1491
1491
1491
1491
1491
1492
1492
1493
1493
1494
1497
1499
1500
1501
1502
1503
1504
1505
1505
1505
1506
1506
1506
1507
1507
1507
1507
1508
1509
1509
1510
1511
1511
1511
1513
1515
1517
1518
1519
1520
1520
1520
1521
1521
1522
1522
1524
1524
1524
1524
1524
1525
1525
1526
1526
1529
1530
1530
1530
1531
1534
1534
1535
1535
1536
1536
1537
1538
1538
1539
1540
1540
1542
1543
1543
1543
1546
1546
1546
1546
1547
1549
1552
1553
1553
1555
1556
1557
1558
1558
1561
1565
1569
1569
1569
1570
1570
1570
1570
1570
1570
1573
1574
1574
1574
1575
1575
1580
1581
1582
1582
1582
1583
1585
1585
1586
1586
1588
1589
1589
1589
1591
1591
1592
1594
1594
1597
1598
1598
1600
1601
1601
1602
1603
1604
1604
1604
1607
1607
1607
1607
1607
1607
1610
1610
1610
1610
1610
1611
1611
1611
1612
1612
1613
1614
1614
1614
1616
1616
1617
1617
1618
1620
1620
1620
1620
1621
1622
1625
1626
1626
1626
1627
1627
1627
1627
1627
1628
1630
1630
1632
1632
1632
1634
1635
1635
1635
1636
1636
1637
1638
1638
1638
1639
1639
1639
1642
1643
1643
1644
1645
1645
1645
1645
1647
1647
1650
1651
1651
1651
1652
1653
1653
1654
1655
1657
1657
1657
1659
1660
1660
1661
1663
1663
1663
1668
1670
1672
1673
1673
1675
1675
1676
1676
1677
1677
1679
1680
1680
1682
1685
1685
1688
1689
1689
1691
1692
1693
1695
1696
1696
1698
1700
1701
1701
1702
1703
1703
1705
1705
1705
1705
1707
1709
1709
1710
1711
1711
1712
1714
1714
1714
1717
1718
1718
1718
1718
1719
1721
1722
1723
1723
1723
1727
1727
1728
1729
1729
1730
1732
1732
1736
1738
1738
1739
1741
1743
1747
1750
1752
1752
1752
1753
1753
1753
1755
1757
1757
1759
1762
1762
1763
1763
1763
1763
1763
1763
1764
1764
1764
1764
1764
1764
1769
1770
1772
1772
1772
1772
1776
1776
1776
1777
1777
1777
1777
1778
1778
1780
1780
1782
1782
1784
1784
1784
1788
1788
1789
1789
1789
1789
1792
1792
1792
1793
1794
1794
1794
1794
1794
1795
1795
1796
1796
1796
1797
1798
1798
1798
1798
1798
1801
1802
1804
1805
1807
1807
1807
1809
1809
1809
1810
1811
1811
1811
1814
1814
1814
1814
1816
1818
1818
1821
1822
1823
1823
1825
1826
1827
1828
1828
1828
1828
1829
1830
1830
1830
1830
1832
1836
1839
1839
1841
1843
1843
1843
1843
1845
1845
1848
1848
1848
1850
1852
1852
1852
1853
1853
1855
1857
1857
1857
1857
1857
1862
1863
1863
1864
1864
1864
1864
1864
1864
1864
1866
1867
1868
1871
1871
1873
1873
1873
1875
1876
1882
1882
1882
1882
1882
1882
1882
1884
1885
1885
1886
1886
1889
1889
1889
1889
1891
1891
1892
1892
1893
1893
1893
1894
1895
1895
1895
1895
1898
1898
1898
1900
1900
1900
1900
1902
1902
1902
1902
1903
1904
1905
1905
1905
1907
1907
1910
1910
1911
1913
1913
1914
1916
1919
1919
1920
1921
1923
1923
1923
1925
1929
1930
1932
1932
1932
1932
1932
1932
1934
1935
1935
1936
1936
1939
1939
1939
1939
1939
1939
1941
1945
1945
1947
1948
1950
1952
1953
1955
1955
1957
1957
1957
1960
1960
1961
1963
1963
1963
1963
1963
1964
1964
1966
1967
1968
1969
1969
1970
1971
1971
1972
1973
1973
1973
1973
1975
1975
1975
1975
1975
1975
1975
1979
1979
1980
1982
1982
1985
1985
1987
1989
1991
1992
1994
1995
1995
1996
1996
1996
1998
1998
1998
1998
1998
2000
2000
2000
2000
2005
2005
2007
2007
2010
2010
2010
2010
2010
2011
2012
2012
2012
2014
2017
2017
2019
2021
2023
2023
2025
2025
2026
2027
2027
2027
2027
2027
2028
2028
2028
2030
2032
2032
2035
2037
2038
2038
2038
2039
2039
2039
2041
2042
2043
2045
2046
2047
2050
2050
2051
2054
2055
2055
2055
2055
2055
2055
2058
2059
2062
2062
2063
2063
2064
2066
2066
2066
2068
2068
2069
2069
2070
2070
2070
2071
2071
2072
2072
2072
2072
2074
2074
2074
2077
2077
2077
2077
2077
2077
2078
2080
2080
2081
2083
2083
2084
2086
2087
2089
2089
2090
2092
2093
2093
2093
2094
2095
2095
2098
2098
2099
2101
2102
2102
2103
2103
2103
2103
2104
2104
2104
2104
2104
2104
2104
2104
2104
2105
2105
2106
2108
2109
2109
2110
2110
2112
2113
2113
2114
2116
2116
2117
2117
2118
2118
2119
2119
2119
2122
2122
2123
2124
2125
2125
2125
2126
2126
2126
2127
2131
2133
2136
2136
2136
2136
2137
2138
2139
2139
2143
2144
2147
2148
2149
2150
2150
2150
2151
2151
2151
2152
2152
2153
2154
2156
2156
2158
2159
2159
2159
2161
2161
2161
2162
2162
2164
2164
2164
2165
2165
2165
2165
2165
2165
2165
2165
2165
2168
2169
2169
2169
2170
2170
2170
2171
2173
2173
2173
2173
2173
2173
2174
2174
2176
2176
2176
2177
2178
2178
2179
2179
2179
2179
2180
2181
2181
2183
2184
2186
2186
2190
2193
2194
2194
2195
2195
2196
2197
2197
2198
2201
2201
2202
2203
2204
2205
2205
2206
2206
2206
2207
2207
2208
2208
2209
2209
2209
2213
2213
2216
2216
2216
2216
2216
2217
2217
2217
2217
2219
2219
2220
2220
2225
2227
2227
2228
2228
2229
2229
2229
2231
2232
2232
2233
2233
2234
2235
2236
2236
2237
2239
2239
2240
2241
2241
2242
2242
2243
2243
2245
2245
2245
2246
2246
2246
2248
2248
2248
2252
2253
2254
2254
2254
2255
2256
2256
2256
2256
2257
2257
2258
2259
2260
2260
2261
2261
2261
2262
2263
2263
2263
2264
2265
2266
2266
2267
2268
2270
2272
2272
2274
2274
2276
2277
2277
2280
2280
2280
2281
2282
2283
2285
2285
2285
2286
2286
2288
2288
2288
2288
2289
2289
2289
2291
2291
2292
2293
2295
2295
2295
2297
2297
2297
2300
2301
2302
2303
2303
2304
2306
2308
2308
2309
2311
2311
2313
2315
2315
2315
2315
2315
2315
2317
2317
2318
2318
2318
2320
2321
2321
2322
2322
2322
2323
2324
2324
2325
2326
2327
2327
2327
2327
2328
2330
2332
2332
2332
2335
2335
2336
2336
2338
2339
2339
2339
2340
2341
2343
2344
2345
2345
2346
2346
2349
2349
2350
2352
2352
2352
2352
2354
2354
2355
2356
2357
2357
2357
2357
2359
2359
2363
2363
2363
2364
2365
2365
2366
2367
2368
2370
2370
2371
2371
2371
2371
2371
2372
2373
2374
2374
2374
2376
2376
2377
2377
2377
2377
2380
2380
2382
2384
2384
2385
2386
2386
2387
2388
2389
2389
2391
2392
2392
2393
2394
2395
2395
2396
2396
2397
2398
2399
2399
2400
2400
2400
2402
2402
2402
2402
2402
2404
2404
2404
2410
2410
2412
2413
2414
2414
2415
2416
2416
2417
2419
2419
2420
2420
2420
2421
2421
2421
2421
2421
2422
2426
2427
2427
2428
2429
2429
2432
2432
2433
2433
2433
2433
2433
2435
2436
2437
2437
2437
2439
2439
2441
2441
2441
2441
2442
2444
2444
2444
2444
2445
2446
2448
2451
2451
2452
2453
2455
2456
2457
2457
2458
2460
2461
2461
2462
2462
2462
2463
2463
2464
2464
2464
2464
2464
2464
2466
2466
2466
2468
2475
2475
2477
2477
2477
2480
2480
2486
2489
2489
2489
2492
2492
2492
2492
2492
2492
2496
2496
2499
2499
2500
2500
2500
2501
2502
2502
2502
2503
2505
2507
2508
2509
2509
2509
2510
2512
2513
2516
2519
2519
2520
2523
2523
2523
2524
2525
2527
2527
2530
2530
2530
2531
2533
2535
2535
2536
2536
2536
2536
2536
2537
2537
2537
2539
2539
2540
2540
2541
2542
2543
2543
2544
2545
2547
2547
2548
2550
2550
2550
2552
2552
2553
2554
2555
2555
2558
2558
2562
2562
2562
2562
2563
2564
2565
2566
2566
2567
2568
2568
2568
2568
2569
2569
2571
2572
2574
2574
2575
2575
2575
2575
2576
2576
2576
2578
2578
2578
2579
2580
2580
2585
2586
2586
2586
2588
2588
2589
2590
2591
2592
2592
2595
2595
2595
2596
2597
2597
2598
2601
2602
2604
2605
2605
2605
2605
2607
2608
2609
2610
2610
2610
2614
2615
2615
2615
2616
2616
2617
2618
2619
2620
2620
2620
2622
2622
2623
2623
2623
2624
2624
2625
2625
2626
2626
2627
2628
2630
2630
2630
2631
2633
2633
2635
2636
2636
2637
2638
2640
2641
2641
2642
2643
2644
2644
2645
2646
2646
2646
2647
2647
2648
2649
2649
2650
2651
2652
2652
2653
2654
2654
2657
2657
2657
2658
2658
2658
2658
2658
2659
2659
2659
2660
2661
2662
2662
2662
2663
2664
2664
2664
2664
2664
2664
2667
2670
2671
2672
2672
2672
2673
2673
2673
2674
2675
2676
2677
2677
2678
2678
2678
2680
2680
2680
2681
2683
2683
2683
2683
2683
2684
2684
2685
2687
2688
2689
2690
2690
2690
2691
2694
2695
2699
2699
2702
2702
2703
2704
2704
2705
2709
2711
2713
2714
2714
2714
2714
2714
2714
2714
2714
2715
2718
2718
2721
2721
2722
2723
2723
2724
2724
2725
2726
2726
2726
2726
2726
2726
2727
2727
2727
2730
2731
2731
2732
2733
2736
2736
2736
2736
2737
2742
2742
2743
2743
2743
2746
2746
2746
2747
2747
2748
2748
2748
2748
2750
2751
2751
2752
2753
2754
2754
2755
2757
2759
2759
2759
2762
2762
2762
2764
2764
2765
2765
2766
2766
2766
2766
2767
2770
2772
2772
2773
2774
2778
2778
2779
2780
2780
2782
2782
2783
2785
2785
2785
2788
2792
2793
2795
2795
2795
2796
2799
2799
2799
2799
2802
2803
2804
2806
2806
2807
2807
2810
2810
2810
2811
2816
2816
2817
2820
2820
2820
2820
2821
2821
2822
2823
2827
2829
2829
2829
2829
2830
2830
2831
2831
2832
2832
2833
2834
2834
2834
2835
2835
2836
2836
2836
2836
2838
2838
2838
2840
2840
2840
2840
2841
2845
2847
2848
2850
2850
2851
2851
2852
2853
2854
2855
2855
2856
2857
2859
2860
2862
2862
2863
2863
2864
2864
2866
2866
2869
2875
2878
2878
2878
2878
2878
2879
2880
2881
2881
2881
2882
2883
2883
2883
2883
2884
2885
2886
2886
2887
2887
2890
2890
2890
2890
2890
2891
2891
2892
2892
2893
2894
2894
2894
2895
2895
2896
2897
2897
2897
2897
2898
2899
2901
2901
2902
2905
2905
2905
2906
2907
2907
2907
2907
2908
2910
2911
2913
2917
2919
2920
2922
2924
2924
2924
2924
2926
2927
2927
2927
2928
2931
2932
2933
2933
2933
2933
2937
2938
2940
2941
2943
2944
2944
2944
2946
2946
2946
2950
2950
2951
2952
2952
2953
2953
2953
2954
2955
2957
2957
2958
2960
2960
2960
2960
2963
2963
2964
2964
2964
2965
2967
2971
2971
2971
2972
2972
2972
2975
2976
2976
2977
2977
2978
2978
2979
2980
2980
2986
2987
2988
2988
2988
2993
2994
2996
2996
2996
2997
2999
2999
2999
3000
3000
3000
3000
3000
3000
3002
3002
3004
3006
3006
3006
3007
3008
3009
3010
3010
3010
3011
3012
3015
3018
3019
3019
3019
3019
3019
3019
3019
3022
3023
3024
3024
3024
3024
3025
3025
3028
3028
3032
3032
3033
3033
3035
3036
3038
3040
3040
3040
3042
3042
3042
3044
3045
3046
3046
3046
3049
3051
3051
3051
3052
3054
3057
3057
3058
3060
3060
3060
3060
3066
3066
3066
3066
3066
3067
3068
3069
3069
3069
3070
3071
3072
3072
3072
3075
3076
3078
3079
3079
3079
3082
3084
3087
3088
3090
3090
3092
3092
3093
3093
3093
3094
3094
3095
3096
3100
3100
3101
3102
3106
3108
3110
3111
3112
3112
3114
3117
3117
3119
3119
3122
3123
3123
3126
3129
3130
3130
3131
3131
3131
3131
3131
3132
3132
3132
3132
3132
3132
3133
3133
3134
3134
3134
3136
3136
3136
3137
3137
3138
3138
3138
3138
3138
3140
3141
3142
3142
3143
3143
3143
3144
3145
3145
3146
3146
3148
3148
3148
3148
3151
3151
3152
3152
3152
3152
3152
3152
3152
3153
3153
3157
3158
3159
3159
3159
3161
3161
3163
3163
3163
3163
3165
3168
3168
3169
3170
3175
3176
3176
3177
3178
3179
3179
3181
3182
3182
3183
3184
3185
3186
3190
3192
3192
3192
3192
3193
3196
3196
3196
3198
3198
3199
3200
3200
3200
3201
3201
3201
3201
3201
3204
3204
3204
3204
3206
3206
3206
3206
3207
3208
3208
3208
3208
3208
3209
3209
3209
3209
3209
3210
3210
3211
3213
3213
3213
3215
3215
3215
3218
3220
3220
3220
3220
3220
3222
3224
3224
3225
3227
3232
3232
3232
3232
3233
3233
3233
3233
3234
3234
3235
3235
3236
3238
3238
3239
3240
3245
3245
3245
3246
3247
3247
3247
3247
3253
3254
3256
3256
3257
3257
3257
3259
3260
3261
3261
3261
3263
3263
3264
3264
3265
3265
3270
3270
3272
3272
3272
3272
3272
3272
3275
3275
3275
3275
3276
3276
3276
3277
3277
3279
3279
3281
3283
3284
3284
3284
3285
3286
3289
3289
3289
3290
3290
3290
3290
3292
3295
3295
3296
3296
3296
3296
3297
3297
3297
3299
3299
3302
3303
3304
3304
3304
3307
3308
3308
3310
3310
3313
3314
3314
3318
3318
3318
3318
3319
3321
3322
3328
3329
3329
3329
3331
3333
3333
3334
3334
3334
3336
3339
3339
3339
3343
3344
3344
3345
3345
3345
3346
3349
3349
3349
3351
3351
3354
3354
3354
3354
3354
3359
3361
3361
3361
3363
3363
3365
3368
3369
3369
3370
3372
3372
3372
3372
3372
3375
3376
3376
3376
3377
3378
3378
3379
3383
3385
3388
3388
3388
3390
3390
3390
3390
3393
3393
3394
3396
3401
3402
3403
3403
3403
3404
3407
3408
3409
3409
3411
3411
3415
3415
3417
3417
3417
3417
3417
3419
3419
3421
3422
3422
3425
3426
3426
3427
3427
3428
3428
3429
3429
3429
3432
3432
3433
3433
3433
3434
3435
3436
3436
3436
3436
3438
3439
3442
3444
3445
3445
3445
3447
3447
3447
3449
3450
3451
3451
3452
3453
3454
3454
3456
3457
3457
3458
3458
3458
3461
3461
3463
3464
3465
3465
3465
3467
3468
3468
3468
3470
3472
3472
3474
3474
3475
3475
3476
3477
3479
3479
3481
3482
3482
3483
3483
3485
3486
3488
3488
3488
3488
3490
3492
3492
3492
3493
3493
3493
3494
3494
3497
3497
3499
3499
3500
3502
3503
3503
3504
3504
3504
3504
3504
3506
3506
3506
3506
3506
3507
3509
3509
3511
3511
3513
3517
3518
3520
3522
3522
3522
3522
3522
3525
3525
3528
3528
3529
3529
3529
3532
3532
3532
3532
3533
3533
3533
3533
3534
3534
3534
3535
3536
3536
3540
3540
3540
3540
3540
3544
3544
3544
3544
3544
3544
3544
3545
3547
3547
3547
3549
3550
3552
3553
3556
3556
3557
3559
3559
3561
3561
3563
3565
3565
3565
3572
3572
3572
3574
3577
3578
3578
3578
3578
3578
3579
3579
3581
3581
3582
3582
3582
3583
3584
3585
3585
3586
3586
3588
3589
3589
3590
3590
3592
3592
3593
3594
3595
3596
3596
3596
3596
3597
3597
3597
3597
3599
3601
3602
3603
3603
3604
3604
3604
3606
3607
3607
3609
3609
3609
3610
3611
3613
3613
3615
3617
3617
3617
3617
3617
3620
3620
3620
3621
3621
3621
3621
3622
3628
3629
3629
3629
3634
3634
3635
3636
3640
3642
3643
3643
3643
3643
3644
3645
3645
3645
3646
3647
3647
3647
3647
3647
3647
3647
3647
3647
3647
3647
3649
3651
3651
3651
3652
3653
3653
3653
3653
3653
3654
3654
3654
3654
3656
3656
3656
3656
3657
3658
3659
3659
3659
3660
3664
3667
3670
3671
3675
3676
3677
3678
3679
3679
3679
3679
3679
3681
3681
3681
3681
3682
3683
3683
3685
3686
3688
3690
3690
3693
3693
3694
3696
3697
3697
3697
3699
3699
3700
3700
3700
3701
3701
3702
3702
3702
3702
3704
3704
3707
3707
3708
3709
3711
3713
3715
3715
3715
3715
3715
3715
3720
3722
3722
3722
3722
3722
3724
3725
3725
3725
3725
3725
3726
3727
3728
3728
3728
3729
3729
3729
3733
3734
3735
3735
3736
3738
3739
3739
3740
3740
3740
3744
3744
3744
3745
3747
3750
3750
3751
3751
3752
3752
3752
3754
3754
3754
3754
3754
3756
3758
3759
3759
3760
3760
3760
3761
3761
3761
3761
3763
3767
3767
3767
3768
3770
3771
3771
3772
3772
3774
3774
3774
3774
3775
3777
3778
3779
3781
3786
3786
3788
3788
3790
3792
3794
3795
3795
3795
3795
3795
3797
3797
3797
3797
3797
3799
3799
3799
3800
3800
3801
3801
3801
3801
3801
3801
3802
3803
3804
3804
3804
3807
3807
3808
3808
3809
3811
3811
3811
3815
3815
3815
3818
3818
3819
3819
3820
3821
3821
3822
3822
3822
3822
3822
3824
3825
3827
3829
3829
3829
3831
3833
3836
3836
3836
3836
3839
3842
3842
3842
3842
3843
3844
3844
3844
3844
3845
3846
3846
3846
3846
3847
3847
3849
3849
3850
3851
3853
3854
3856
3857
3859
3859
3863
3865
3865
3871
3872
3872
3872
3872
3874
3875
3875
3876
3877
3878
3878
3878
3879
3879
3879
3879
3881
3881
3883
3884
3885
3886
3886
3886
3888
3888
3890
3890
3890
3892
3893
3893
3894
3894
3894
3895
3897
3897
3900
3900
3902
3904
3904
3904
3908
3908
3908
3908
3910
3910
3910
3911
3911
3911
3911
3911
3911
3911
3911
3913
3913
3914
3914
3915
3915
3915
3917
3917
3920
3920
3921
3922
3924
3929
3931
3931
3933
3935
3936
3936
3939
3942
3945
3945
3945
3946
3947
3947
3951
3953
3954
3954
3954
3954
3954
3956
3956
3957
3958
3959
3961
3961
3964
3964
3964
3964
3967
3967
3967
3967
3967
3967
3967
3967
3968
3968
3969
3969
3971
3971
3971
3972
3972
3972
3974
3975
3975
3976
3978
3978
3979
3979
3979
3982
3982
3983
3984
3984
3984
3985
3988
3989
3989
3989
3990
3990
3990
3990
3990
3992
3992
3992
3993
3993
3994
3994
3994
3994
3997
3997
4000
4001
4002
4002
4004
4004
4004
4007
4007
4009
4011
4014
4014
4015
4017
4018
4019
4020
4021
4021
4024
4025
4026
4026
4027
4029
4029
4029
4032
4035
4036
4036
4036
4038
4038
4039
4039
4042
4042
4043
4043
4043
4043
4044
4045
4045
4045
4047
4047
4047
4047
4049
4051
4052
4053
4053
4053
4054
4054
4056
4056
4056
4056
4056
4058
4058
4059
4060
4063
4063
4065
4065
4065
4069
4070
4070
4070
4070
4070
4070
4072
4074
4074
4077
4079
4079
4079
4081
4082
4083
4083
4083
4083
4084
4086
4086
4089
4092
4094
4095
4096
4098
4098
4100
4100
4100
4101
4101
4102
4102
4102
4102
4102
4102
4102
4102
4102
4105
4105
4108
4109
4109
4109
4111
4111
4111
4112
4112
4112
4112
4113
4113
4114
4116
4116
4117
4117
4118
4118
4118
4121
4123
4123
4123
4123
4124
4126
4126
4127
4128
4128
4128
4129
4130
4131
4132
4132
4133
4136
4136
4138
4139
4140
4140
4140
4141
4143
4143
4146
4146
4148
4148
4149
4150
4150
4150
4152
4152
4152
4156
4156
4157
4157
4158
4159
4160
4161
4161
4161
4162
4162
4163
4163
4165
4165
4166
4167
4168
4170
4170
4171
4171
4172
4174
4174
4178
4178
4178
4178
4179
4179
4180
4180
4184
4184
4184
4185
4186
4187
4188
4188
4189
4195
4195
4195
4197
4199
4199
4201
4201
4202
4202
4202
4204
4204
4204
4207
4208
4210
4210
4212
4214
4214
4216
4219
4219
4220
4220
4222
4222
4222
4224
4224
4224
4224
4227
4228
4228
4229
4229
4230
4230
4231
4231
4232
4233
4233
4233
4234
4234
4235
4236
4236
4236
4238
4239
4244
4245
4245
4247
4247
4248
4249
4250
4250
4252
4253
4254
4256
4257
4258
4258
4258
4260
4260
4261
4261
4262
4262
4263
4263
4266
4266
4266
4268
4268
4269
4269
4272
4273
4273
4273
4273
4274
4274
4276
4276
4277
4277
4279
4279
4279
4280
4280
4280
4282
4282
4282
4282
4284
4284
4286
4288
4290
4290
4293
4294
4294
4294
4294
4296
4296
4296
4300
4301
4301
4301
4301
4301
4301
4301
4302
4302
4303
4303
4304
4305
4306
4306
4307
4311
4312
4315
4315
4317
4317
4319
4319
4319
4319
4320
4320
4321
4321
4321
4322
4325
4325
4325
4326
4327
4327
4329
4332
4332
4332
4332
4333
4333
4335
4336
4338
4341
4342
4342
4344
4344
4344
4345
4345
4345
4345
4348
4349
4350
4351
4352
4352
4353
4354
4354
4355
4355
4356
4356
4356
4356
4356
4356
4356
4356
4357
4360
4362
4362
4363
4365
4365
4365
4367
4367
4368
4369
4369
4371
4371
4372
4373
4375
4376
4376
4376
4376
4378
4380
4380
4380
4382
4382
4382
4382
4382
4383
4383
4383
4384
4386
4387
4388
4389
4389
4389
4390
4391
4392
4392
4393
4394
4397
4398
4398
4399
4399
4401
4401
4401
4401
4401
4402
4403
4403
4403
4403
4403
4404
4406
4406
4408
4410
4410
4410
4410
4410
4411
4412
4412
4413
4413
4413
4414
4414
4414
4415
4417
4418
4419
4419
4421
4423
4423
4425
4426
4426
4427
4427
4427
4428
4428
4430
4432
4437
4437
4437
4437
4439
4439
4440
4441
4441
4444
4444
4444
4444
4447
4447
4448
4448
4450
4450
4450
4451
4451
4452
4452
4453
4454
4455
4455
4455
4455
4456
4456
4459
4459
4459
4460
4460
4462
4462
4462
4462
4462
4462
4463
4464
4465
4465
4467
4469
4470
4473
4473
4473
4475
4475
4476
4477
4477
4478
4479
4480
4480
4481
4482
4482
4482
4484
4485
4486
4487
4487
4489
4491
4491
4491
4491
4493
4493
4493
4495
4497
4498
4498
4499
4499
4500
4500
4500
4502
4502
4502
4503
4503
4503
4505
4507
4507
4507
4508
4509
4513
4513
4515
4515
4515
4516
4517
4517
4518
4518
4523
4523
4527
4527
4528
4528
4529
4529
4530
4530
4531
4531
4531
4531
4531
4531
4532
4532
4532
4535
4535
4535
4535
4536
4537
4537
4537
4538
4538
4538
4538
4540
4541
4541
4541
4541
4542
4542
4542
4542
4546
4547
4548
4549
4550
4550
4550
4552
4553
4553
4553
4554
4554
4554
4554
4554
4556
4556
4556
4556
4556
4557
4557
4558
4558
4559
4559
4559
4559
4559
4560
4560
4561
4562
4562
4564
4564
4565
4565
4567
4567
4569
4570
4572
4573
4574
4574
4574
4574
4575
4575
4575
4575
4576
4577
4577
4577
4577
4579
4580
4580
4583
4583
4583
4584
4585
4585
4586
4588
4588
4589
4589
4591
4591
4592
4592
4593
4593
4593
4594
4596
4596
4598
4598
4602
4604
4605
4605
4610
4610
4611
4612
4612
4614
4614
4615
4618
4618
4618
4618
4619
4619
4619
4621
4622
4622
4624
4624
4624
4625
4627
4627
4628
4629
4630
4630
4631
4631
4632
4634
4635
4635
4635
4636
4637
4637
4637
4637
4637
4640
4642
4645
4646
4647
4647
4647
4647
4648
4648
4650
4651
4652
4652
4652
4655
4657
4659
4659
4659
4663
4664
4665
4666
4667
4667
4667
4669
4669
4670
4670
4670
4672
4673
4673
4674
4675
4676
4678
4678
4679
4681
4682
4682
4682
4685
4685
4685
4686
4689
4689
4691
4691
4692
4693
4693
4694
4695
4695
4696
4697
4697
4698
4701
4702
4704
4704
4704
4705
4706
4707
4707
4707
4707
4708
4710
4711
4711
4711
4711
4711
4713
4713
4713
4713
4714
4714
4714
4715
4715
4716
4716
4717
4717
4717
4719
4719
4721
4721
4721
4722
4722
4722
4723
4723
4723
4724
4724
4727
4728
4729
4729
4733
4733
4734
4735
4736
4740
4741
4743
4744
4746
4746
4747
4747
4748
4751
4752
4755
4755
4755
4759
4760
4760
4760
4760
4761
4765
4765
4766
4768
4768
4769
4770
4771
4773
4774
4774
4775
4775
4775
4777
4777
4777
4778
4779
4779
4780
4782
4784
4786
4786
4788
4790
4791
4792
4792
4794
4797
4798
4798
4798
4799
4800
4800
4801
4801
4802
4803
4804
4804
4806
4808
4808
4810
4812
4812
4812
4812
4814
4814
4815
4815
4815
4816
4818
4818
4818
4819
4819
4821
4822
4823
4823
4823
4823
4824
4824
4824
4825
4826
4826
4828
4828
4829
4832
4833
4833
4834
4835
4838
4839
4839
4839
4839
4841
4842
4842
4842
4844
4844
4846
4846
4846
4847
4848
4848
4848
4850
4853
4856
4856
4856
4856
4856
4858
4858
4858
4859
4859
4859
4860
4860
4860
4860
4861
4863
4863
4863
4863
4864
4865
4866
4866
4867
4868
4868
4869
4869
4869
4869
4870
4871
4871
4874
4875
4875
4876
4876
4876
4876
4879
4879
4879
4881
4881
4882
4883
4883
4883
4884
4884
4885
4886
4887
4888
4889
4889
4889
4889
4890
4890
4890
4890
4892
4896
4897
4897
4898
4901
4903
4904
4906
4907
4907
4907
4908
4912
4913
4914
4914
4915
4919
4919
4919
4919
4920
4921
4921
4921
4922
4922
4924
4924
4925
4928
4928
4929
4930
4931
4932
4935
4936
4938
4939
4939
4939
4939
4940
4943
4943
4946
4946
4946
4946
4947
4948
4948
4949
4949
4949
4950
4951
4952
4953
4954
4955
4956
4957
4959
4959
4959
4961
4962
4962
4964
4965
4965
4965
4965
4966
4967
4968
4968
4968
4971
4972
4972
4973
4973
4974
4974
4974
4974
4975
4976
4977
4978
4982
4983
4983
4983
4985
4987
4987
4987
4988
4988
4988
4988
4989
4989
4990
4991
4991
4995
4998
4998
4999
4999
4999
5001
5002
5004
5004
5004
5004
5004
5006
5006
5006
5006
5007
5007
5007
5007
5007
5007
5007
5012
5013
5013
5013
5013
5015
5017
5018
5018
5020
5020
5023
5024
5024
5025
5025
5026
5026
5027
5027
5028
5029
5029
5030
5031
5033
5033
5033
5033
5033
5033
5037
5038
5040
5040
5040
5040
5041
5041
5041
5043
5045
5045
5046
5048
5049
5049
5049
5049
5051
5055
5056
5057
5059
5059
5059
5059
5060
5060
5060
5060
5062
5063
5064
5064
5065
5066
5066
5066
5066
5067
5067
5068
5068
5068
5069
5069
5071
5073
5074
5074
5076
5076
5076
5076
5076
5076
5079
5079
5080
5086
5086
5086
5086
5086
5087
5087
5087
5087
5088
5091
5092
5094
5094
5094
5095
5096
5096
5096
5097
5097
5097
5098
5099
5099
5101
5103
5103
5103
5104
5105
5106
5107
5107
5109
5114
5114
5114
5115
5115
5116
5116
5117
5117
5119
5119
5120
5121
5121
5122
5122
5122
5123
5124
5126
5126
5128
5128
5129
5130
5131
5131
5134
5138
5138
5138
5138
5138
5139
5142
5142
5142
5142
5143
5144
5144
5144
5146
5148
5150
5150
5152
5153
5153
5154
5155
5155
5155
5157
5158
5159
5160
5160
5161
5161
5161
5161
5164
5164
5165
5165
5165
5168
5169
5174
5174
5175
5175
5175
5176
5177
5177
5178
5178
5178
5179
5179
5179
5179
5179
5180
5180
5181
5183
5183
5185
5186
5186
5190
5190
5191
5191
5192
5192
5193
5194
5194
5198
5199
5200
5200
5200
5202
5202
5202
5203
5203
5203
5203
5205
5207
5208
5210
5210
5210
5210
5211
5211
5211
5211
5211
5212
5212
5212
5214
5214
5217
5217
5218
5219
5219
5220
5220
5220
5220
5224
5225
5225
5225
5225
5225
5226
5227
5227
5228
5228
5230
5230
5230
5230
5230
5232
5232
5234
5234
5234
5235
5235
5235
5236
5236
5236
5237
5237
5237
5239
5240
5242
5242
5242
5242
5242
5242
5245
5245
5245
5245
5246
5246
5247
5248
5248
5249
5249
5250
5250
5251
5253
5254
5254
5261
5262
5264
5268
5269
5270
5271
5273
5273
5273
5273
5273
5274
5274
5275
5275
5277
5277
5278
5279
5279
5279
5280
5282
5285
5286
5288
5289
5292
5292
5292
5292
5296
5297
5297
5297
5299
5300
5300
5301
5302
5303
5303
5307
5309
5313
5313
5313
5314
5314
5315
5315
5316
5316
5317
5320
5321
5321
5321
5321
5323
5324
5324
5324
5324
5324
5325
5327
5327
5327
5327
5330
5330
5330
5330
5333
5333
5333
5334
5334
5334
5334
5335
5336
5336
5337
5337
5338
5338
5340
5340
5346
5348
5352
5354
5354
5354
5355
5356
5356
5356
5356
5356
5356
5358
5358
5360
5360
5362
5362
5363
5363
5363
5365
5366
5371
5371
5372
5372
5373
5374
5375
5377
5379
5381
5386
5387
5387
5388
5389
5391
5393
5394
5395
5395
5396
5398
5398
5400
5401
5403
5403
5404
5404
5406
5406
5406
5408
5410
5410
5414
5414
5415
5423
5423
5424
5425
5425
5425
5425
5427
5427
5428
5430
5430
5430
5430
5430
5432
5432
5436
5437
5441
5442
5442
5442
5442
5443
5443
5445
5445
5445
5445
5446
5446
5446
5449
5449
5450
5450
5450
5451
5451
5452
5453
5454
5454
5454
5458
5461
5462
5462
5465
5466
5467
5467
5468
5468
5470
5470
5472
5472
5472
5474
5474
5475
5475
5475
5475
5475
5476
5476
5476
5479
5479
5480
5480
5480
5481
5481
5482
5484
5484
5487
5490
5490
5492
5492
5492
5495
5495
5495
5497
5497
5499
5499
5499
5501
5502
5505
5507
5507
5508
5508
5509
5509
5510
5512
5512
5513
5513
5513
5513
5513
5514
5515
5515
5515
5517
5517
5517
5519
5520
5521
5522
5523
5524
5524
5525
5525
5525
5526
5526
5527
5527
5528
5528
5529
5529
5533
5533
5533
5535
5535
5535
5537
5539
5540
5541
5541
5542
5542
5542
5543
5544
5544
5544
5545
5545
5546
5546
5546
5548
5549
5552
5553
5554
5554
5554
5555
5555
5557
5558
5559
5559
5559
5559
5559
5563
5565
5565
5565
5568
5571
5573
5574
5574
5574
5576
5576
5578
5579
5579
5580
5580
5581
5581
5581
5581
5583
5584
5584
5587
5587
5588
5588
5590
5591
5594
5594
5596
5596
5596
5597
5597
5597
5597
5597
5598
5598
5599
5600
5600
5600
5602
5602
5602
5606
5606
5607
5608
5609
5609
5609
5609
5610
5610
5611
5611
5613
5613
5613
5613
5614
5614
5616
5618
5618
5619
5621
5623
5624
5624
5626
5627
5627
5631
5632
5633
5635
5635
5636
5636
5637
5637
5637
5639
5639
5639
5639
5640
5641
5645
5645
5646
5648
5649
5651
5651
5651
5651
5652
5653
5654
5655
5657
5657
5658
5658
5658
5659
5661
5662
5662
5665
5665
5667
5669
5672
5673
5674
5674
5675
5675
5677
5677
5677
5678
5678
5680
5682
5682
5683
5684
5688
5688
5688
5688
5689
5690
5691
5692
5692
5692
5693
5693
5693
5694
5694
5694
5695
5695
5695
5695
5695
5696
5696
5696
5696
5696
5696
5699
5699
5699
5700
5700
5701
5701
5702
5704
5704
5704
5705
5709
5710
5714
5714
5714
5714
5715
5715
5716
5716
5716
5719
5719
5720
5720
5720
5720
5721
5722
5723
5724
5726
5726
5726
5727
5729
5729
5729
5729
5730
5730
5730
5730
5731
5732
5733
5733
5733
5735
5735
5735
5736
5737
5737
5738
5738
5738
5739
5741
5743
5743
5743
5744
5745
5748
5748
5748
5748
5749
5750
5751
5751
5753
5754
5754
5754
5756
5756
5756
5757
5758
5758
5760
5760
5760
5761
5761
5765
5766
5766
5767
5768
5768
5769
5770
5771
5771
5771
5771
5773
5774
5774
5774
5774
5775
5777
5777
5779
5779
5781
5782
5784
5784
5788
5788
5788
5790
5793
5793
5794
5794
5794
5794
5794
5794
5795
5795
5796
5796
5796
5797
5798
5801
5801
5803
5804
5806
5806
5807
5807
5808
5810
5812
5813
5813
5813
5814
5815
5815
5815
5816
5817
5817
5817
5817
5821
5821
5823
5824
5825
5826
5826
5827
5827
5827
5828
5830
5830
5830
5830
5831
5833
5833
5833
5834
5836
5837
5837
5839
5840
5841
5841
5841
5843
5844
5845
5847
5850
5850
5850
5850
5851
5851
5851
5852
5853
5855
5857
5858
5860
5860
5860
5864
5864
5865
5865
5867
5867
5867
5867
5868
5869
5870
5872
5873
5876
5877
5877
5878
5879
5879
5880
5880
5880
5881
5881
5883
5883
5885
5885
5885
5889
5890
5890
5891
5892
5893
5896
5896
5896
5897
5900
5900
5903
5903
5903
5903
5905
5905
5905
5906
5908
5908
5908
5910
5911
5911
5912
5915
5916
5916
5917
5917
5917
5917
5918
5918
5920
5920
5921
5921
5921
5922
5923
5923
5926
5930
5931
5932
5935
5935
5935
5936
5936
5936
5936
5937
5937
5938
5938
5938
5939
5940
5941
5941
5942
5943
5944
5945
5946
5946
5949
5949
5951
5951
5951
5951
5952
5953
5954
5954
5956
5959
5959
5961
5962
5962
5963
5968
5968
5969
5969
5970
5972
5972
5973
5974
5974
5974
5975
5977
5977
5980
5982
5984
5984
5984
5985
5985
5985
5986
5986
5988
5988
5988
5989
5989
5989
5991
5991
5992
5992
5992
5993
5993
5993
5993
5993
5993
5993
5994
5997
5997
5997
5998
5998
5998
5998
5999
5999
6000
6000
6001
6002
6002
6002
6002
6002
6003
6003
6004
6004
6005
6005
6007
6012
6014
6015
6016
6017
6018
6019
6020
6021
6022
6022
6022
6023
6023
6023
6023
6024
6024
6024
6024
6026
6026
6026
6029
6030
6030
6032
6032
6032
6033
6033
6033
6035
6036
6038
6039
6040
6042
6043
6043
6044
6044
6045
6046
6046
6046
6048
6050
6050
6052
6053
6053
6053
6054
6054
6055
6055
6056
6056
6057
6058
6064
6068
6068
6068
6069
6070
6071
6071
6075
6078
6080
6080
6082
6083
6083
6083
6084
6084
6089
6090
6091
6092
6092
6092
6092
6093
6096
6097
6101
6101
6101
6101
6101
6101
6102
6102
6103
6108
6110
6112
6112
6114
6115
6118
6119
6120
6120
6120
6120
6120
6121
6121
6121
6122
6123
6124
6124
6126
6126
6126
6126
6126
6126
6126
6129
6133
6135
6135
6135
6137
6137
6138
6138
6139
6139
6140
6140
6141
6141
6144
6144
6145
6146
6146
6147
6148
6148
6150
6150
6151
6154
6155
6158
6158
6158
6159
6159
6160
6160
6160
6161
6161
6162
6163
6163
6163
6164
6164
6164
6165
6165
6167
6167
6168
6169
6169
6169
6169
6169
6173
6173
6173
6174
6174
6176
6176
6176
6177
6179
6179
6179
6180
6181
6181
6182
6182
6182
6183
6183
6185
6187
6188
6188
6189
6189
6190
6190
6191
6191
6191
6192
6193
6194
6194
6194
6197
6197
6197
6201
6201
6201
6205
6205
6207
6209
6209
6209
6210
6212
6213
6213
6216
6216
6216
6218
6218
6218
6219
6220
6220
6221
6221
6222
6222
6223
6224
6225
6225
6225
6226
6228
6229
6230
6235
6235
6236
6236
6238
6239
6239
6242
6242
6243
6244
6244
6244
6245
6245
6245
6245
6245
6247
6247
6247
6248
6250
6251
6253
6254
6254
6255
6258
6258
6258
6259
6259
6259
6260
6260
6262
6262
6264
6265
6265
6265
6265
6265
6265
6265
6267
6267
6267
6267
6267
6270
6271
6272
6274
6277
6277
6279
6281
6282
6282
6283
6283
6285
6285
6286
6290
6290
6291
6292
6292
6293
6294
6297
6299
6300
6303
6305
6305
6306
6306
6309
6310
6310
6312
6312
6312
6313
6315
6316
6316
6318
6318
6320
6320
6321
6322
6324
6324
6324
6326
6327
6327
6328
6328
6328
6328
6330
6332
6332
6333
6333
6333
6334
6334
6336
6336
6337
6337
6342
6342
6342
6344
6347
6350
6350
6350
6351
6351
6351
6353
6353
6354
6354
6354
6354
6355
6357
6358
6359
6359
6360
6361
6364
6367
6367
6369
6369
6369
6371
6371
6373
6373
6374
6374
6375
6378
6381
6382
6382
6383
6384
6388
6388
6389
6390
6390
6390
6390
6393
6393
6396
6396
6397
6397
6397
6397
6401
6403
6403
6403
6404
6405
6406
6406
6406
6406
6406
6408
6408
6409
6409
6409
6412
6412
6412
6413
6414
6414
6414
6414
6415
6417
6417
6418
6420
6420
6420
6422
6422
6422
6423
6423
6426
6427
6427
6427
6427
6428
6428
6428
6433
6434
6436
6436
6437
6438
6438
6439
6440
6440
6441
6441
6445
6445
6445
6447
6447
6448
6448
6450
6450
6453
6454
6456
6458
6459
6463
6463
6463
6463
6464
6464
6464
6464
6466
6466
6468
6468
6469
6470
6470
6472
6472
6473
6475
6475
6479
6480
6481
6481
6483
6483
6484
6488
6489
6491
6491
6492
6493
6493
6494
6495
6495
6495
6497
6500
6501
6502
6503
6503
6505
6506
6512
6515
6516
6516
6520
6520
6522
6525
6526
6527
6527
6527
6528
6529
6529
6529
6530
6531
6531
6531
6531
6531
6534
6534
6534
6534
6539
6540
6541
6542
6542
6542
6542
6543
6543
6543
6543
6544
6544
6544
6545
6552
6552
6553
6553
6555
6555
6555
6556
6556
6556
6556
6556
6559
6559
6559
6559
6559
6563
6565
6566
6568
6568
6570
6570
6570
6570
6570
6570
6570
6572
6573
6573
6578
6580
6580
6581
6581
6584
6587
6587
6588
6589
6589
6589
6590
6590
6591
6592
6593
6593
6594
6594
6595
6595
6597
6597
6597
6598
6598
6600
6600
6600
6600
6601
6601
6601
6601
6601
6605
6605
6605
6606
6606
6606
6609
6609
6609
6611
6611
6612
6614
6614
6614
6615
6615
6617
6617
6617
6619
6620
6620
6620
6622
6622
6622
6623
6623
6623
6626
6627
6629
6629
6629
6631
6631
6631
6631
6636
6637
6639
6639
6641
6641
6641
6641
6643
6643
6644
6644
6645
6648
6648
6654
6654
6654
6654
6654
6654
6656
6656
6656
6658
6658
6658
6659
6659
6659
6659
6659
6659
6663
6663
6663
6664
6664
6665
6665
6667
6670
6672
6672
6675
6675
6676
6676
6678
6679
6681
6683
6683
6683
6684
6684
6684
6684
6684
6684
6684
6684
6684
6684
6686
6686
6686
6687
6687
6687
6689
6693
6693
6693
6695
6698
6698
6701
6701
6701
6704
6704
6705
6706
6709
6709
6713
6713
6715
6715
6716
6718
6718
6718
6720
6723
6723
6725
6725
6725
6728
6728
6728
6728
6730
6731
6733
6733
6734
6734
6734
6737
6737
6737
6738
6738
6739
6742
6743
6744
6745
6745
6745
6745
6745
6745
6747
6747
6747
6748
6748
6751
6751
6752
6752
6752
6753
6753
6755
6756
6758
6758
6761
6764
6764
6764
6764
6764
6765
6765
6765
6765
6768
6768
6769
6769
6769
6769
6773
6773
6773
6773
6777
6777
6777
6777
6778
6780
6780
6780
6781
6781
6781
6784
6784
6784
6784
6786
6787
6788
6790
6791
6792
6792
6793
6794
6795
6795
6797
6797
6797
6798
6798
6800
6800
6801
6802
6802
6803
6805
6805
6806
6806
6806
6808
6808
6809
6809
6809
6809
6811
6811
6812
6813
6815
6819
6820
6820
6825
6825
6825
6825
6826
6827
6828
6828
6828
6830
6830
6831
6831
6834
6834
6836
6836
6836
6838
6839
6839
6839
6841
6843
6844
6845
6845
6845
6845
6847
6848
6850
6850
6850
6851
6852
6852
6852
6853
6853
6853
6854
6854
6854
6855
6856
6856
6858
6858
6858
6861
6862
6865
6865
6865
6866
6866
6866
6868
6872
6873
6873
6873
6873
6875
6876
6876
6876
6877
6877
6879
6879
6879
6879
6879
6880
6881
6881
6881
6881
6883
6883
6884
6887
6887
6887
6889
6889
6890
6891
6891
6894
6894
6895
6895
6895
6895
6897
6897
6898
6898
6898
6898
6898
6900
6900
6901
6902
6903
6905
6905
6905
6906
6906
6909
6909
6909
6917
6918
6919
6920
6920
6920
6923
6925
6926
6926
6933
6933
6934
6934
6936
6936
6938
6939
6940
6940
6942
6942
6942
6943
6944
6947
6947
6947
6948
6948
6948
6948
6948
6948
6948
6948
6948
6950
6950
6951
6955
6956
6956
6956
6956
6958
6958
6958
6958
6961
6961
6962
6962
6964
6964
6965
6967
6968
6968
6969
6970
6970
6970
6970
6972
6973
6973
6973
6973
6973
6973
6973
6976
6976
6976
6976
6977
6977
6977
6979
6981
6981
6981
6981
6981
6984
6986
6987
6987
6989
6989
6989
6990
6990
6992
6993
6994
6995
6995
6995
6995
6995
6998
6998
6998
7000
7000
7001
7001
7002
7003
7005
7005
7005
7006
7009
7009
7009
7011
7011
7011
7012
7012
7013
7014
7015
7015
7016
7017
7017
7017
7019
7019
7020
7020
7020
7022
7022
7023
7023
7026
7026
7028
7028
7028
7029
7030
7031
7031
7031
7031
7031
7031
7031
7033
7034
7034
7034
7034
7034
7036
7038
7038
7038
7038
7038
7041
7042
7043
7045
7045
7045
7047
7047
7047
7048
7048
7051
7051
7052
7052
7052
7052
7053
7053
7054
7054
7054
7054
7056
7056
7056
7059
7059
7065
7066
7067
7067
7067
7067
7067
7067
7067
7068
7068
7070
7070
7070
7070
7070
7070
7072
7072
7072
7072
7073
7073
7073
7073
7073
7076
7081
7081
7081
7083
7084
7084
7084
7084
7086
7087
7087
7088
7088
7088
7089
7089
7089
7089
7094
7094
7095
7097
7097
7097
7100
7101
7102
7104
7106
7106
7106
7106
7109
7109
7109
7109
7109
7109
7109
7111
7111
7112
7117
7118
7118
7118
7120
7120
7120
7122
7122
7122
7123
7123
7125
7126
7126
7128
7129
7130
7131
7131
7131
7131
7134
7134
7138
7140
7142
7142
7142
7142
7142
7142
7143
7143
7143
7143
7144
7145
7145
7145
7145
7145
7145
7145
7148
7148
7148
7148
7148
7148
7150
7150
7151
7151
7152
7152
7154
7154
7155
7155
7156
7156
7158
7159
7159
7159
7159
7162
7162
7162
7163
7165
7165
7166
7166
7166
7166
7167
7170
7170
7170
7173
7173
7178
7179
7179
7181
7184
7184
7184
7184
7186
7188
7188
7188
7189
7192
7193
7195
7195
7195
7195
7197
7197
7197
7198
7200
7201
7201
7201
7201
7201
7202
7204
7209
7209
7209
7209
7209
7209
7209
7212
7212
7212
7213
7214
7214
7214
7216
7216
7217
7217
7218
7219
7220
7222
7222
7223
7225
7225
7225
7226
7226
7226
7226
7227
7227
7227
7228
7228
7228
7229
7229
7231
7234
7234
7239
7239
7240
7241
7243
7244
7247
7248
7248
7248
7248
7248
7250
7250
7251
7251
7254
7254
7255
7255
7255
7256
7256
7259
7259
7259
7261
7263
7266
7267
7267
7267
7267
7268
7268
7268
7268
7269
7269
7269
7270
7270
7273
7273
7273
7275
7276
7276
7276
7279
7281
7283
7283
7284
7286
7286
7288
7288
7288
7289
7289
7289
7289
7290
7290
7291
7291
7291
7291
7291
7293
7295
7295
7295
7297
7297
7297
7298
7298
7298
7298
7298
7300
7301
7305
7305
7306
7306
7306
7306
7311
7312
7313
7315
7315
7316
7316
7317
7317
7317
7317
7319
7320
7320
7322
7323
7325
7326
7327
7327
7327
7328
7328
7328
7329
7329
7329
7330
7331
7331
7331
7333
7333
7334
7336
7338
7340
7342
7344
7345
7345
7345
7347
7347
7347
7347
7347
7348
7348
7348
7348
7348
7350
7351
7351
7354
7355
7355
7356
7356
7356
7358
7359
7363
7363
7364
7364
7364
7364
7365
7366
7367
7368
7368
7369
7375
7375
7379
7380
7381
7381
7384
7384
7384
7386
7386
7386
7387
7390
7390
7390
7390
7393
7394
7394
7394
7394
7394
7394
7394
7395
7395
7395
7398
7398
7398
7398
7398
7398
7400
7403
7403
7403
7403
7405
7406
7408
7408
7408
7408
7409
7411
7411
7413
7413
7413
7416
7416
7417
7417
7417
7417
7418
7418
7420
7420
7420
7422
7423
7423
7425
7425
7425
7426
7426
7426
7426
7426
7426
7427
7427
7428
7428
7428
7430
7431
7431
7433
7434
7436
7437
7437
7439
7439
7440
7442
7443
7443
7443
7443
7444
7444
7447
7447
7447
7448
7448
7450
7450
7451
7451
7452
7452
7453
7453
7454
7454
7455
7456
7456
7456
7456
7456
7456
7461
7462
7462
7462
7462
7464
7464
7465
7468
7468
7469
7469
7470
7470
7470
7470
7472
7473
7473
7473
7473
7473
7475
7476
7476
7477
7477
7477
7477
7478
7479
7480
7481
7481
7481
7481
7484
7484
7484
7484
7484
7484
7484
7488
7491
7491
7492
7492
7492
7492
7492
7492
7493
7495
7495
7495
7497
7497
7497
7497
7498
7500
7500
7500
7500
7501
7502
7502
7503
7503
7503
7506
7506
7506
7509
7509
7509
7511
7512
7512
7513
7514
7514
7514
7514
7514
7515
7516
7516
7518
7519
7519
7519
7519
7520
7520
7520
7520
7522
7523
7523
7523
7523
7523
7525
7525
7525
7525
7525
7526
7527
7527
7531
7531
7533
7533
7534
7534
7534
7534
7536
7537
7537
7541
7542
7544
7545
7545
7545
7545
7545
7547
7548
7548
7548
7548
7548
7548
7550
7551
7555
7556
7556
7556
7556
7556
7558
7561
7562
7562
7562
7562
7562
7562
7564
7564
7564
7564
7564
7565
7567
7567
7570
7570
7570
7572
7572
7573
7573
7573
7575
7575
7576
7576
7576
7577
7577
7578
7579
7579
7579
7580
7581
7581
7583
7583
7583
7584
7584
7584
7584
7586
7587
7589
7589
7589
7590
7590
7591
7591
7591
7592
7592
7593
7593
7598
7598
7598
7598
7598
7600
7601
7601
7602
7602
7602
7606
7609
7612
7612
7614
7614
7615
7615
7616
7617
7617
7618
7620
7620
7622
7623
7623
7627
7628
7629
7630
7631
7631
7631
7633
7633
7634
7634
7638
7641
7641
7642
7642
7643
7645
7645
7648
7648
7652
7654
7656
7656
7656
7661
7662
7662
7662
7663
7664
7664
7664
7665
7666
7666
7668
7668
7669
7669
7670
7670
7672
7672
7673
7673
7673
7673
7675
7678
7678
7678
7678
7683
7684
7684
7684
7686
7686
7686
7686
7686
7686
7687
7687
7688
7688
7689
7691
7694
7694
7694
7695
7697
7698
7698
7698
7698
7698
7698
7698
7698
7698
7700
7701
7701
7701
7701
7702
7702
7702
7704
7704
7704
7704
7706
7706
7706
7706
7708
7708
7709
7709
7709
7709
7709
7709
7711
7712
7713
7715
7716
7719
7720
7720
7720
7722
7723
7725
7725
7726
7726
7727
7733
7734
7734
7734
7736
7739
7741
7742
7742
7742
7742
7743
7744
7745
7745
7745
7745
7748
7748
7748
7748
7750
7750
7751
7751
7751
7751
7751
7752
7752
7752
7753
7754
7755
7755
7758
7758
7758
7759
7762
7763
7765
7766
7766
7766
7767
7769
7769
7772
7773
7773
7775
7776
7777
7777
7778
7779
7779
7781
7781
7787
7787
7787
7787
7788
7788
7788
7788
7788
7789
7791
7791
7791
7795
7795
7795
7798
7798
7798
7798
7798
7798
7798
7802
7803
7803
7803
7803
7803
7805
7806
7806
7806
7806
7806
7806
7806
7808
7808
7808
7808
7808
7808
7808
7809
7809
7809
7809
7809
7809
7811
7811
7812
7812
7812
7813
7814
7815
7816
7816
7816
7816
7817
7817
7817
7817
7817
7818
7818
7818
7820
7820
7820
7820
7820
7820
7820
7820
7820
7820
7822
7823
7823
7823
7823
7829
7830
7830
7830
7831
7831
7833
7833
7833
7833
7834
7834
7834
7834
7834
7837
7837
7838
7838
7838
7839
7840
7840
7840
7842
7842
7842
7843
7844
7845
7845
7847
7848
7850
7850
7850
7850
7851
7851
7851
7853
7853
7855
7856
7856
7856
7856
7859
7859
7859
7861
7862
7863
7863
7864
7866
7866
7866
7866
7869
7869
7869
7869
7869
7873
7875
7875
7875
7876
7877
7877
7878
7879
7879
7880
7880
7881
7881
7883
7883
7884
7884
7884
7886
7886
7887
7887
7889
7889
7890
7891
7891
7892
7893
7894
7894
7894
7895
7897
7897
7897
7897
7898
7898
7900
7900
7900
7902
7902
7906
7906
7906
7908
7908
7909
7909
7911
7911
7915
7915
7916
7916
7916
7917
7918
7919
7920
7920
7923
7923
7925
7927
7927
7927
7927
7927
7927
7928
7928
7928
7930
7933
7934
7936
7937
7937
7938
7938
7939
7940
7942
7947
7948
7948
7948
7948
7948
7948
7948
7950
7950
7950
7951
7951
7951
7951
7952
7952
7953
7953
7953
7954
7955
7956
7958
7958
7958
7959
7959
7959
7959
7961
7963
7963
7964
7966
7966
7967
7967
7967
7967
7970
7970
7973
7975
7977
7977
7980
7980
7981
7983
7983
7984
7984
7984
7984
7984
7984
7987
7988
7988
7990
7991
7992
7992
7992
7994
7994
7994
7994
7995
7995
7997
7998
7998
7998
7998
7998
8001
8001
8001
8002
8002
8003
8005
8005
8006
8006
8009
8009
8012
8013
8014
8014
8014
8015
8015
8016
8019
8020
8022
8023
8026
8027
8027
8027
8028
8029
8030
8031
8033
8033
8033
8034
8034
8034
8034
8034
8038
8040
8040
8041
8042
8042
8042
8043
8043
8045
8045
8045
8045
8047
8048
8050
8050
8052
8053
8055
8055
8056
8056
8059
8059
8059
8059
8059
8061
8062
8063
8065
8065
8067
8068
8073
8073
8073
8073
8073
8078
8080
8081
8081
8081
8081
8083
8084
8088
8088
8088
8091
8092
8094
8095
8095
8095
8095
8095
8097
8098
8098
8100
8102
8103
8103
8104
8106
8108
8109
8112
8112
8112
8114
8115
8117
8118
8119
8119
8120
8122
8122
8123
8123
8126
8127
8129
8129
8129
8130
8130
8130
8131
8131
8131
8133
8134
8136
8138
8139
8139
8139
8139
8144
8144
8144
8145
8145
8148
8152
8152
8152
8153
8153
8153
8153
8154
8155
8158
8159
8161
8161
8162
8163
8163
8165
8166
8166
8167
8168
8168
8168
8168
8169
8170
8170
8170
8173
8173
8175
8175
8175
8175
8177
8179
8180
8181
8181
8184
8190
8190
8193
8193
8193
8194
8194
8195
8195
8196
8196
8196
8200
8201
8202
8202
8202
8204
8204
8204
8204
8204
8205
8206
8208
8208
8209
8209
8211
8211
8212
8212
8215
8217
8219
8220
8221
8222
8223
8224
8226
8227
8227
8227
8227
8227
8227
8228
8228
8229
8230
8231
8232
8233
8234
8234
8235
8235
8237
8238
8238
8239
8241
8242
8243
8244
8245
8245
8248
8250
8250
8251
8252
8252
8253
8254
8254
8254
8255
8255
8255
8255
8256
8257
8257
8257
8257
8259
8259
8260
8260
8260
8261
8261
8261
8262
8263
8263
8263
8266
8267
8267
8267
8268
8270
8270
8270
8271
8271
8272
8274
8275
8275
8276
8276
8277
8277
8279
8280
8280
8283
8283
8284
8285
8285
8285
8285
8285