506
135
7540
10737
6453
5008
19173
17877
24
7923
5899
6027
9339
6482
8699
2195
1958
8390
8771
7468
6358
265
480
15624
17310
17156
14190
1239
18988
13364
368
1735
14774
13260
7185
13944
15417
252
17429
4103
7457
4101
722
3955
12284
13454
9593
17005
460
6617
5913
1301
18655
12514
5010
10446
567
1812
1680
2992
5566
16035
14739
836
15291
5163
3320
9221
10652
13329
13405
6717
16991
15344
14830
6317
1888
1929
7251
16699
14875
10901
13449
1865
4396
3882
9911
11145
534
10147
9801
729
18592
10812
16845
9531
4598
4815
4449
2100
15988
19057
8286
6495
6077
2851
2448
7359
11426
19909
6386
11509
15898
9777
11877
16958
16680
3959
12260
13315
13577
6054
1236
4691
13564
18684
14183
17049
13916
14922
14992
2712
11764
8763
14271
4229
4963
3484
15771
12528
3175
16679
9879
3903
12610
10769
5788
3749
19242
3386
4685
11361
19036
8363
9465
15601
7076
12683
4667
18123
14419
13833
19412
12500
13488
5983
9481
19069
10677
6977
19658
8676
14534
19288
9230
17852
10939
8647
12897
2543
5453
6201
12085
9357
16061
15053
8770
8466
3649
7695
4640
3875
4561
6833
4556
9651
7886
1874
14138
18728
2271
19611
4495
7948
6079
2012
7312
13995
15580
10711
7516
18790
6688
14910
7037
18406
19195
1587
9140
10866
6658
11412
239
955
18193
14330
9698
19939
13263
17941
3816
7029
11279
14258
17741
16300
2245
3578
14409
17643
11788
3390
2261
10162
12778
10425
3216
9572
9742
11738
13860
18259
12455
5595
2881
16678
12229
15605
9470
835
9845
13772
6560
3610
9016
18351
11349
4351
3982
9004
13861
3169
16731
5392
6662
1650
8696
7984
14283
15231
8762
16157
10155
19112
15469
17908
5976
3916
11408
18923
9304
8341
13466
9982
484
9396
16706
7643
10526
9029
16877
12390
900
18656
11525
5039
9755
3439
8760
5978
17342
8844
6017
1258
17172
8678
6368
11542
18458
1062
14581
4686
2583
16746
3735
6725
13086
7989
10432
7002
9142
8355
10396
8729
18179
9347
9586
1945
15682
19266
13270
13356
9448
8808
7352
8188
1085
18662
10600
3210
263
13829
17341
5188
7311
9297
12990
5271
10692
13697
18576
1147
7221
7186
14438
10120
3580
14750
2697
537
10612
18417
16455
11623
14779
9012
4358
7541
11321
4371
9770
13032
15045
2718
353
9141
6465
18669
3732
13688
6058
9989
18339
9842
17690
18912
18918
14664
1580
11817
2629
3900
6771
7453
11315
816
13066
14236
13920
16267
292
16675
15296
4115
15989
15001
18288
6916
7414
15069
12817
16693
16959
1892
10020
10719
18710
16562
3791
16199
1028
14104
15070
12811
12640
4319
10808
11014
10488
4708
15005
6517
4191
3089
4914
14145
3322
2211
2891
9891
3229
1335
3827
7561
19148
18563
7195
14954
13763
16995
17381
2913
8051
4237
16763
9425
16250
11396
13672
17028
449
9047
15731
4553
8323
10352
8015
665
12672
19691
15415
3831
18812
8821
12571
11270
5521
975
644
5041
7573
7269
6586
12409
13900
18606
18399
16429
7789
14786
1915
2681
11694
15043
10546
7423
5515
418
18549
13053
12822
19964
11282
16760
18380
2827
8604
1646
8240
6249
10037
5425
17992
2472
6130
16880
16418
9971
3033
9385
1142
7728
7644
9870
8802
16624
9812
6254
19105
9379
1973
9264
10620
10693
12960
18907
846
8636
19662
6169
2882
6799
14616
3744
12236
13457
8316
551
6445
16998
16631
9492
15794
4464
7292
3061
7314
2206
14275
10505
8994
5725
423
11642
10782
18604
9318
6813
17862
10298
8302
19487
5680
13835
19464
10572
6222
11382
2658
15056
19797
5467
9149
1122
10226
4837
17192
17533
17107
17883
7992
9475
6570
1312
16979
17024
14383
19420
19950
7970
11449
2973
19828
8038
16099
7153
781
1260
13769
295
15966
3271
17853
12535
8310
15885
18884
13159
8000
13437
14161
19920
3672
5118
12296
10124
12861
9383
15618
14521
15716
10641
8492
12386
332
11699
16002
2208
909
5522
18968
5093
1598
5267
13569
1003
10531
1070
4823
14277
10502
9501
3622
2570
2627
8283
6395
13044
8695
16155
17623
14686
882
3370
15408
5387
9007
12017
3008
8918
549
6748
16295
8462
19613
2465
13388
12737
4332
10859
837
5452
17289
16851
16652
15863
1731
13399
8171
14405
9319
13967
6630
6768
10145
12579
5911
15841
1348
18469
5037
17450
8565
3569
5760
5071
14217
16299
13287
6951
16011
5535
9245
15597
747
15756
13061
502
5011
14105
1373
7124
10111
2803
15649
10891
16619
8028
3949
4538
18263
10951
7764
17936
1697
8778
15161
10405
5838
10648