1595
2315
2119
2381
1609
2208
2325
1964
1821
1615
2165
1564
2223
1954
2333
2082
1925
1962
1599
1710
2270
2353
1675
1610
2135
1831
1784
2363
2163
1863
1903
1685
2160
2114
2301
1603
1730
2050
2037
1568
2251
1855
1553
2150
2391
2193
1634
1552
2294
2322
2190
2090
1978
1818
1764
1600
1501
1776
2489
2106
2277
2432
2175
1632
2431
1745
1847
2343
2285
1884
1851
1798
2498
2384
2473
2096
1802
2249
1960
2342
2408
1895
2129
2327
2463
1572
2495
2226
2383
1843
2079
1617
1970
1703
2433
2378
1753
1569
2140
1521
1639
2060
2064
2178
2145
1795
1518
2340
2170
2061
2080
2162
2331
2443
1633
1740
1508
1620
1947
2159
1769
1938
1908
1725
1741
2013
2414
2394
1966
1716
2435
1827
1806
2339
1641
2273
1566
1708
1713
1922
1555
1965
1726
2168
1859
2350
1773
2293
2304
2045
1803
1704
1889
1532
1578
1606
1875
1874
2377
1648
2323
2188
2359
1760
2311
2365
217
4
1591
2271
1539
2133
2118
1870
1957
2376
2425
2287
1621
1826
2348
2411
2008
2083
2413
2132
2191
1936
1834
2161
1770
1723
2167
2049
2183
2401
1934
2136
2272
1830
1638
1761
1973
2085
2077
2078
2496
1919
2286
2228
2143
1664
1588
1565
1637
1904
1833
2488
2299
1963
2227
1956
1937
2154
1616
2215
1779
1893
2439
1743
2268
1867
1796
1974
2493
2012
2025
1883
1788
1990
1646
2306
2117
2385
1783
2487
1574
2321
1546
1535
1542
1856
2312
2334
2428
2052
1732
1540
2027
2386
2330
2410
2107
2261
1724
2422
1915
2123
1581
2283
2229
2388
1797
1898
1561
2034
2426
1812
1524
1559
1512
2086
1550
1951
2066
1992
2338
1849
1808
1791
2313
1511
2124
1560
2357
2314
2234
1647
1607
2081
1917
1526
1519
1679
2459
1778
2289
2280
2187
2355
1699
2452
1677
2253
2319
1781
1891
1697
2041
2122
1534
2069
1594
1829
1981
2092
2179
2438
2497
2109
2347
1780
1544
1906
2
295
2199
1868
2116
1850
2102
2475
1848
2389
1853
2284
2252
1866
2147
2250
2126
2219
2058
1766
2173
1793
1665
2084
2192
1871
1897
2053
1971
2405
1705
2016
2448
1590
1758
2482
2039
1629
1896
2230
2065
2451
2006
1558
2254
1984
2032
2445
1612
1991
1948
2056
2062
1570
1841
1661
1688
1819
2104
1614
2030
2458
1662
2046
1949
1894
2164
2397
1670
2051
1722
1551
2177
1640
2216
1711
2239
2457
2474
1636
2441
1527
2130
1655
1507
2499
1983
1890
1860
1681
2367
1644
2336
1912
1623
1900
1902
1702
1567
2446
1842
2018
1861
2054
2369
2387
2181
2028
1668
1712
2010
1635
1980
1911
1815
1995
1645
2131
1958
1809
1952
1669
2176
1628
2182
2476
1692
1959
2464
2144
1832
2257
2316
2267
1967
1649
2153
2200
1913
1768
2206
1579
1577
2262
2031
2486
1993
2149
2128
2218
1686
1529
1888
1601
2478
2454
2089
2070
1584
1576
2274
1562
2009
1663
2186
2288
1592
1530
2291
2141
2307
2395
2462
2429
2424
1814
1597
2483
1941
1899
2001
1759
2481
2302
1516
2400
2308
1762
1950
1794
1892
2263
1880
2101
1765
1580
1824
1683
1836
2026
1533
2390
1782
1691
1582
1721
1608
2398
1858
1928
2266
2099
2453
1598
1698
1901
2407
1613
1817
1754
1877
1946
2233
1528
2063
1969
2420
2204
2256
2260
1804
2324
2231
1680
1750
1930
2095
2023
2349
2326
1538
1940
2088
2214
1907
2466
1810
2202
1961
1828
1914
1873
1792
2317
2148
2358
2419
1563
1548
1953
2403
1514
1626
2279
2212
1989
1942
2364
2172
2127
2450
1916
2242
2421
2332
1786
1689
2038
2152
1556
2059
2014
2470
2303
1872
1790
1738
1748
1667
2444
2427
2209
2194
2120
2137
2103
2352
2067
1517
1910
2243
2055
2484
2000
1672
2225
2328
2310
2269
1678
2197
2465
1932
1707
1734
2374
1545
1767
2203
1589
2220
2166
1835
1921
1869
1845
1943
2276
1700
1811
1513
2185
2354
1787
199
7
2017
2155
1879
2005
1502
2068
2406
1503
1825
1506
1996
1854
1807
2115
1622
1571
2492
2112
1729
2248
1543
1975
1643
2169
2146
1515
2341
2238
1816
2241
2490
1757
2469
1676
1554
1799
2337
2105
2040
1822
2396
2211
1876
1909
2447
1522
2415
1674
2007
1935
1604
1573
2111
1693
1671
2171
1865
2399
1979
2480
1656
1800
2021
2097
2110
1654
1625
2139
2205
1852
1696
1744
1504
2375
2245
2100
1531
1805
1651
2121