19202
8160
3197
8585
9780
14745
9566
5970
9756
18610
1807
14376
8250
3736
7333
17433
12604
12370
14046
9373
7289
13263
13809
8402
11792
9234
17392
8518
19924
13257
4134
14777
18671
13562
17051
16362
16258
13629
15674
19730
7140
10856
3460
18787
9336
15160
7844
19252
4259
5531
19471
12467
9156
19917
11171
9104
11688
16333
4792
7896
15988
7478
19694
5520
17504
10930
6570
2855
17529
13206
6881
11538
3964
10470
10618
7548
9422
16055
4900
12601
17409
2489
19775
14180
16703
15283
4531
7587
18380
11114
2786
18529
14569
19537
15367
15146
16950
7982
15693
2312
1989
4250
11953
8367
10154
15135
2275
13677
2895
7053
16659
5622
17724
12817
18965
1836
17998
9457
5675
3190
7700
13652
6140
18847
7485
8290
4308
3678
1801
14821
17451
13573
4238
2731
10246
2318
2668
8878
13097
13021
18521
6585
17714
9293
3755
6755
4039
7892
5612
16127
19997
15863
8279
15830
14984
13537
9338
9406
6062
5742
16494
11695
18431
19243
18842
19788
5227
17180
17203
14418
19995
5545
8441
14244
3569
15591
8582
6485
17191
8124
14843
10819
11427
19489
17445
6937
9150
3429
9640
10877
19292
15629
9469
10876
12172
19334
1652
15675
5959
18111
16292
14572
12344
8148
17178
8971
9907
3824
5906
14837
8394
11189
8016
10521
6305
5416
10870
2431
9580
16902
15171
9905
4837
16664
12365
17213
18993
2873
11444
19867
14102
19713
9980
18109
13507
9123
13111
8409
16230
6584
7193
6504
18877
18688
10976
13990
15137
14540
19996
13813
9951
16596
12208
12184
9179
10820
3476
6322
3229
2182
3667
4464
10393
2659
5479
19136
13355
14358
9813
2806
17011
5144
9391
14629
14279
17871
12901
18267
6309
7865
13649
6307
2097
9652
13437
3996
15437
14407
13201
4493
8151
13699
11324
6883
14261
10415
4280
8766
17240
17202
7397
1945
14805
18489
12416
14641
12599
7377
3389
6096
7622
12266
15406
1775
15716
5606
10369
17246
10977
6856
7609
4815
10268
1587
2364
12129
16546
7731
18316
15979
12359
9325
11471
17472
9999
15651
11578
16599
3020
3649
13750
14851
5132
11254
12807
12471
3773
17704
5837
1958
19697
18511
3658
3910
1409
10864
16967
13094
17065
14871
15415
3620
11589
7015
9994
18361
13341
13835
4370
1857
9607
17434
6820
10442
10576
7102
9418
6358
4976
17837
7061
14393
12073
14388
19069
10236
12656
3686
9483
2494
6793
13113
18069
18617
18065
16064
3388
8561
15804
10944
13692
9785
9333
3242
12864
16074
8069
16268
2370
11678
10199
2499
7739
14205
4598
8066
17981
7678
7509
8679
6522
17255
12842
3419
7770
9438
17386
18421
9816
4172
12876
7113
9867
5181
7710
8426
12979
5849
3040
2344
12259
7846
16312
11999
6961
6822
4003
6738
7280
12711
13794
13554
2899
17824
17054
14034
13955
14258
3796
18288
16649
5464
10775
6457
5047
15847
3398
16482
17909
13186
15628
11397
3376
3327
4723
5087
19522
14742
16376
3000
10054
12788
12319
18717
18258
16759
2384
14707
16047
18991
13010
13374
18519
13070
10594
16059
14981
17916
3123
18632
19475
17024
17982
12706
2443
11632
16162
1504
12285
1466
14363
15644
19085
16356
6129
10252
7928
9315
13190
5206
2041
5385
14226
4674
13934
18181
15073
18943
19493
10243
12181
12232
13446
16384
2396
18056
8918
18475
14247
17158
4235
12522
7375
17179
18830
1533
14676
6834
12154
14869
10987
12422
2803
8775
5800
11159
13029
14528
10483
16688
3180
5810
12195
15205
5587
19752
12941
17739
2608
7741
13627
5627
2769
8274
13298
16587
8880
3561
5555
10598
13006
18287
16882
1410
15554
4360
18840
6686
14064
14214
1719
13457
16171
19152
14002
15380
10632
16456
7308
6073
13175
6700
16151
18062
13104
16172
7222
4157
7260
5819
3690
16102
2647
10332
19948
17353
4048
1489
17160
18301
15138
3940
10232
1472
11863
10902
11333
5183
1474
14854
7044
19833
3638
14274
15089
11657
6202
12149
11750
17972
16849
1744
16678
3185
2231
19589
16111
14541
11476
1426
17989
15207
2215
16497
5291
9612
5244
12197
3267
14020
19793
18705
7378
7269
3719
11224
12932
14799
18727
10821
5597
8085
7972
2910
9416
12431
12746
10979
3202
18487
9914
5769
9737
12845
6407
15469
15882
14024
11464
9485
10805
3342
16027
6379
18940
8292
5636
19413
14568
1736
6908
18751
8040
10239
3328
13737
5716
1477
4809
14404
8932
11311
5123
13897
10597
7730
12618
7462
13569
11201
12790
10292
14710
7836
9686
6644
14889
7650
4968
11470
13231
16510
14724
15944
11858
11061
10358
6105
2235
2795
10126
18369
6077
19998
8260
15123
18021
17119
1743
9786