2929
16502
8828
11880
5753
12243
4148
17482
15518
14054
6133
10044
5603
15685
3555
11978
13150
3101
12355
16945
1420
16683
17994
19782
14235
9508
13227
16634
14543
8119
11823
12382
14289
10267
7582
17478
6631
5466
4766
4490
9516
6191
11188
10440
17262
3873
13165
17310
6466
6199
16727
16969
15379
16704
8301
9104
1703
12492
10298
7141
1453
11547
4459
5524
17682
16179
16364
13863
14672
11264
12967
15917
4436
6583
2451
11245
12122
19260
12445
7793
2120
8532
8167
7682
5243
7520
14185
6790
17777
16691
8479
15737
16573
19989
1972
10479
4051
3626
2000
14283
2242
8378
9715
18388
12725
7979
16408
14855
18772
10491
4116
9390
6911
7433
6278
16428
17391
11132
13860
16811
18627
10031
2705
2997
16017
6658
19672
9369
17876
13164
15070
11110
11500
1644
12084
11383
9046
6145
13097
6958
1791
2324
15883
7237
9672
2768
13256
10867
11857
4880
3973
15102
18925
6250
13378
5452
6411
3707
19297
9332
10262
8436
18219
10164
15347
12540
3585
19421
2341
6769
18998
7018
4330
13130
13139
9407
19691
5414
4161
16023
12757
13979
18533
14762
19077
7630
16868
19194
13477
5377
18038
12239
16598
5195
7718
9058
11121
16798
7202
10776
11313
1443
5562
9201
4428
14061
16908
7469
15893
12547
14668
11357
1689
14027
3095
3126
14146
19481
19406
2223
2719
3514
13200
6978
13693
3945
4692
15588
14197
12339
6569
13559
18336
4818
5280
8422
5858
6042
11804
10170
16980
16767
17753
3623
10315
14638
9646
6218
11100
12292
16342
16956
5311
2078
13212
4086
7659
6035
1869
18889
12409
11386
9557
11358
2080
13891
14962
10705
9268
6651
10457
13784
12037
13465
18576
2295
9271
9266
6807
11522
16103
13215
4239
14260
17587
3305
19880
6777
16878
4493
9868
7804
3781
13098
15578
15954
7224
9592
9282
11870
7397
6001
18778
1825
2563
14595
9022
14098
8113
16261
18445
9359
11034
11924
3883
3581
19990
17735
4226
12065
6649
6715
3722
2414
13273
6507
13700
5338
5657
12289
1447
5517
14181
4574
5421
19587
16462
9088
7728
15331
16242
4697
3492
13275
4488
13028
15963
10367
17153
2379
4671
3164
13765
3160
18491
3557
12614
6536
7606
8243
13100
14168
11810
15567
4236
12100
7992
6527
7636
5232
15884
13543
10074
9363
14800
18492
6157
3373
14559
11518
10064
11533
5954
2187
4251
5936
10591
9165
1992
5176
17572
3622
14403
19404
18065
19885
8916
1506
6580
16833
19033
6920
4457
8567
4383
6770
3504
14631
6339
7115
19287
14322
4155
5480
16427
18053
16483
18101
9448
18364
14995
18498
12145
2285
14160
9388
14892
15658
15163
10795
5762
5146
9892
14539
11615
10111
5174
4019
9353
4274
12945
7846
14848
5125
12563
4617
17090
5847
19234
15330
15506
5344
18987
5787
11400
3501
5420
15180
1804
15531
5078
7715
5623
6292
11050
9532
2217
8547
13501
6203
13572
8539
7346
11835
12935
14829
3837
5976
17932
3644
5893
10593
7194
11360
9545
18957
5158
11169
15695
10657
18757
8906
18184
6396
11718
12095
13103
3589
18860
5995
3370
6040
15039
12649
18203
15478
9647
1672
7049
8758
16404
15644
4845
16300
3317
16338
16400
15373
8202
10459
9232
5968
3731
10115
6032
18378
1708
6921
15090
9537
4580
10185
14128
15841
6316
2637
14193
10916
13600
8220
5481
12597
18396
9050
19494
6420
4159
9837
15387
5790
7461
12422
8706
15555
15440
17074
18129
18148
1659
3828
9680
11624
9641
4128
5587
11302
3161
15725
14201
11963
15425
5627
14287
4395
8137
6329
12173
9846
15608
5567
3950
2979
16655
7412
9108
1669
17683
8057
14390
16702
8720
7295
11921
17161
9723
19618
12750
3877
16526
3841
1548
19270
8857
4289
15022
8810
14455
12581
9885
5672
4940
10642
9638
4075
10514
16352
14913
9673
16574
2944
13292
15775
3574
8431
11299
6185
2744
18849
9027
5925
5750
12771
16322
1421
8730
5085
3938
5428
17134
9062
12993
10002
15165
13878
13360
6146
18175
7871
4657
10728
13508
17772
6833
5685
3213
1524
12438
12381
11717
8950
16636
2027
15679
4585
6848
11955
14645
11493
2087
17474
2022
14948
16715
3386
14029
14371
16975
10979
12844
8719
9914
6802
19660
6758
9055
14015
15882
17853
5648
19410
11701
15345
14450
19008
1429
16097
10260
11843
8732
1736
17699
17209
13630
3014
14669
19341
17333
10418
5413
13211
18962
14554
6634
9889
2723
1905
1974
5369
18836
17342
16374
14985
10730
4889
17311
10278
6823
7074
17720
13967
15188
7218
5101
7651
8007
7342
15565
5725
11037
4564
4713
4824
4874
9778
8260
2221
11536
3109
1912
14067