10884
17584
15635
6846
5614
11648
13245
5599
2588
10711
11021
18731
4661
12541
15167
16873
12773
4053
9976
13022
17813
12411
9991
2017
14426
12378
11349
13210
7274
18312
2464
15691
14890
17034
18436
19034
13788
7272
4943
3962
6636
15761
2070
16751
11508
4221
10537
1621
14178
13608
19213
12553
18473
19222
11171
9104
2437
4193
3637
1805
14874
17215
8592
9482
6377
5046
6509
3294
5935
18677
1964
15732
9581
9169
8847
19535
6665
17189
4518
13248
11331
6108
1526
18867
19392
7416
17715
15391
10050
12877
10447
3318
19305
17177
17948
16263
14059
13966
15012
4891
6010
6840
7642
12831
5658
6512
15510
19965
7748
17846
17060
1990
9944
4789
15050
15427
12936
16308
17860
5993
5808
15606
2244
15686
19321
4829
5556
4244
18774
12965
12610
2738
12234
5683
8228
12644
8895
4342
18303
19799
3593
4240
14340
1573
3395
10497
2250
15891
16553
5575
5254
7337
10625
2301
3023
15862
17711
14778
7792
10684
16458
6363
2055
19766
10666
15886
11742
3921
11812
19866
2272
15796
12598
12709
6452
18362
8826
8403
13315
7180
14736
9443
19084
16320
10290
12931
19756
5880
13988
14436
19292
16266
2058
5288
10045
11368
8187
13662
2712
8712
10587
6752
13588
1816
3597
17254
2698
12503
8937
13522
16959
1727
16506
12559
3408
4217
14734
13780
3703
17341
9267
3203
16147
13088
4363
10445
7432
11878
9700
7747
14102
19958
2669
13970
14823
4524
17677
12896
18735
19191
14395
2042
3596
11317
13827
13990
12543
17357
5726
14369
4434
18117
15111
6930
14320
14959
2036
16979
15100
2160
1738
2852
9932
8974
19784
7436
9434
4263
13282
8560
15523
19940
10285
4967
19647
15904
10737
9041
17070
5029
15657
3405
4537
9149
12055
4696
12728
4094
17919
4493
19695
15926
15668
15903
11928
13870
2733
5002
15781
7203
7397
19079
13185
5494
1742
9061
18961
19562
3165
6378
16984
5692
3032
5939
18194
10311
14237
12742
5843
10257
5881
12491
5764
9300
14677
4008
5744
3292
3911
15979
6899
12660
15445
16754
5665
17515
7109
7343
7256
1544
14302
12476
6637
7878
19256
13867
11711
1697
4201
15397
19697
2289
1794
8212
2625
19257
9782
3543
19487
3740
7071
13877
9072
9428
14475
15385
19805
16481
13949
15859
1798
19133
4143
8701
18433
10419
17450
9972
10762
8667
17272
10890
8997
2645
8951
6632
8613
12685
19192
10960
10024
7717
2090
9807
8255
3219
5489
18906
4305
14950
4036
16952
17300
12444
16517
16244
14834
12780
9679
7450
16107
3090
12300
5180
13491
5327
6751
11430
7172
5901
7006
19019
14994
3249
18523
2497
17386
15497
11610
14844
15850
9188
16679
13471
10707
10542
12708
8608
19675
10611
19361
15301
13632
13871
17807
14467
18016
14115
6701
15799
18409
12812
7830
17824
11733
15798
1921
16016
16492
16813
7220
19760
13009
13752
9245
18949
11821
7441
3688
12868
2047
13335
13019
18470
8331
2018
2887
3486
16339
10697
8185
18839
13796
16663
14858
8912
5164
15097
4926
15013
3209
3189
2642
1842
8541
12245
15985
4836
8994
6842
2005
11608
17822
19232
14498
16233
16162
10582
12785
4162
18486
15644
7551
15064
4411
13707
11948
6567
6860
6348
19863
17616
10772
15549
19561
16475
10238
16392
8147
10947
16351
6605
14410
17710
9120
10099
6231
17613
9674
5776
5097
3684
15483
13748
5684
12485
9082
1963
15576
18008
7889
12422
16579
7438
6936
19858
5580
11891
2544
3629
9989
17760
4443
10043
5587
16527
12542
12392
2146
6525
5488
2864
11587
2315
9185
16836
7775
13722
9762
7939
17547
6458
8693
16215
14387
8739
3314
11568
17484
2108
8008
2920
11049
2034
3608
12518
2165
6554
16135
12417
19894
4664
7771
8742
6173
17340
6786
10475
10493
2531
10432
6852
12199
5248
15274
12284
3442
6130
13085
11760
16789
17389
3421
17407
12229
6568
5165
11867
10791
2820
9461
4224
13567
19881
6590
9729
3222
11540
1749
19026
14140
15318
6688
1797
12923
9922
3882
19396
14377
2357
16672
8756
10330
19275
8697
13218
4905
19397
18250
14255
12738
6230
7843
14807
4415
12241
16297
11845
9934
10985
8411
16022
4710
7985
14256
6870
13972
10979
4338
6340
2582
18687
10961
17377
15704
9895
18257
16424
2273
5568
8888
17786
10383
8252
7500
1584
5604
17371
18896
1736
13026
15910
19207
15976
9361
11351
11129
4761
19842
4372
15625
13904
2506
6698
5595
4088
12618
9509
2307
4805
18795
4246
15975
8571
4595
6678
7988
17373
7691
11650
13974
5178
9491
6287
13682
3062
13561
5110
13820
6652
18697
12500
8136
15942
8260
13451
7850
10638
5788
8664