2555
1213
2607
2562
2589
1212
2620
1094
1288
2649
1042
1140
1011
1381
1157
1023
1285
1088
2567
2698
1289
1223
2702
1014
2603
2584
2537
1150
2505
1081
2500
1111
1045
1063
1079
2543
1232
1082
2662
1488
1205
1440
2677
1349
1165
2574
2712
1142
1242
2694
2725
1355
2507
1030
1396
2696
1210
2588
2560
1430
1183
1384
1393
1218
1006
2517
1087
1057
1189
2575
2705
1022
1294
1125
2740
1104
2005
1146
2511
1136
1280
1401
2651
1070
1356
1071
1209
2615
2704
1098
1364
2701
2616
1046
1166
2680
2527
1173
1048
1448
2724
1229
2582
2690
2734
1152
1016
1120
2270
1154
1001
1185
1204
1178
1456
1489
2600
1191
1243
2528
1293
2585
2516
2743
1231
2540
1073
1182
1468
1172
1418
1368
1403
1147
2530
1324
1143
2576
1438
1200
2251
1220
1110
1319
1106
2720
1341
2718
2715
1105
2657
2611
1040
1238
2675
2735
1247
1158
2700
1281
1069
1188
2726
1454
2591
2682
1389
1044
1491
1287
2692
1476
1269
1414
1271
2744
2572
1330
2539
1361
1484
1230
2568
1052
2553
1241
1234
2667
2535
1115
2518
1112
1217
1433
1347
1041
2707
2685
1134
1322
1483
1261
2601
1051
1206
1275
2746
1323
1029
2638
2668
1100
2679
2666
1034
1307
2699
2745
2570
1179
1464
1446
1117
1174
1379
2625
2579
1400
2598
1436
1334
1135
1362
1392
1342
1093
1156
1284
2609
2716
1171
2693
1367
1462
1084
1390
2678
1032
1137
1168
2604
1306
2671
1308
1292
1405
1086
1290
2626
2655
1122
2529
1426
1155
1005
1457
1420
2697
2532
2633
1286
1372
1302
2703
2728
2592
1316
1345
1417
2733
2595
1391
2714
2544
1078
2509
2554
2578
1474
1266
1482
2618
2709
1268
1068
1432
1311
2660
1035
2524
1471
2583
1331
1444
1421
2610
2689
1359
1196
1497
1055
1388
2641
2647
1470
1480
1310
2566
1352
1437
1333
2597
2642
2546
1357
1138
1304
2721
1215
1272
1473
1225
1012
1371
1019
2514
1039
2653
1490
1163
2695
1020
2586
1325
1066
2658
1270
2612
1095
1450
1113
1264
2506
2732
2643
2605
1262
1131
1219
1365
1314
1240
1398
1198
1153
2645
1317
1060
2523
2673
1018
1180
1244
1099
2727
1259
1274
2522
1419
1442
2686
1431
1407
1320
1239
1017
1026
1037
1283
2648
1273
2531
1487
1435
2637
2747
1309
1202
1434
1386
1408
1222
1192
1258
2606
1253
2617
1177
1445
2614
1277
2723
1075
2587
1148
1123
1301
1065
2672
1458
1176
1009
1425
1028
1077
2564
1459
1145
1216
1083
1187
1236
1449
1103
2569
1344
2557
1133
2684
2636
2580
1227
1378
1090
1455
1049
1002
2571
2526
1257
1235
2652
2629
1383
1481
2650
1027
1170
2719
1402
2624
1328
1494
1256
1124
2634
1096
2556
1360
2590
1237
1121
1050
1107
2738
2710
2676
1297
1193
2640
1276
1053
1465
1233
2654
1453
1466
2563
1251
1382
1422
2683
1092
2548
2737
2547
1374
2552
1313
2731
2613
2741
1370
1109
2646
1228
2502
2623
1329
1296
1461
1130
2749
1102
1184
1343
2729
2688
1190
1047
1366
2536
1460
1021
1380
1250
2622
1186
1291
2551
1252
2663
2708
1472
2639
1254
1263
1499
1129
1074
2628
1312
1346
1091
1043
1175
2599
2534
1072
1335
1208
1369
1101
2565
1116
1282
1332
1348
1496
1413
1411
1167
1207
1139
1479
1097
1404
2664
1377
2602
1451
2513
1412
2619
1298
1031
1397
1201
2520
2656
2608
2669
2573
1428
2521
1214
2512
2550
1249
1278
2691
1321
1059
2661
1054
1441
1350
1056
2549
1181
1076
2742
1406
1337
1203
2711
2504
1007
2644
1353
2581
2627
1114
1194
1033
1315
1327
2538
2635
1108
1373
1897
2596
1415
1160
1080
1144
1376
2389
1000
1498
1326
2230
1439
1199
1126
2632
1195
1475
2594
1387
1427
2706
2717
1013
1245
1089
1119
1224
2631
1197
1161
1118
2722
2713
2674
2665
1303
2545
1255
2577
1003
1339
1423
1948
2659
1375
1024
2593
1338
1354
1038
1015
1410
1159
1336
1486
1469
1478
1248
1477
2558
1162
2670
1363
1351
1127
2630
2501
2748
1036
1492
1399
1279
1385
1295
1416
2542
1340
1067
1305
1300
1025
1495
2730
2533
2525
1132
1141
1058
1485
1008
1467
1221
2687
1246
1299
1151
1149
2621
1061
1260
1085
1395
2519
2508
1424
2681
2736
2541
2559
1443
2510
1064
1267
1429
1452
1591
1004
1318
1394
1358
1226
1409
1211
1463
2503
1062
1493
1169