108661
156812
80740
305036
73900
164141
96810
108499
140247
80824
305448
307145
265032
173694
82278
256390
248070
264425
23674
182737
205874
174174
44411
205565
188502
38987
196140
22908
34898
135859
209546
178089
259989
71592
298077
156551
93168
223674
120416
101447
290989
153711
20913
32204
284195
295303
70794
181918
54269
259288
67183
248992
134859
122021
38147
317037
313945
135158
20195
257303
135356
83720
251411
244773
233914
229848
25246
96575
96218
94307
312257
166710
21869
31376
278535
193297
54620
26166
183031
256049
38803
21252
136137
80060
223996
244118
303668
218183
200023
238747
208160
276785
59775
155585
114481
110329
29709
302473
59596
140504
240033
228138
232675
275567
151081
280564
42226
170995
316591
201349
96076
289245
290447
109145
113662
98355
227606
222151
201087
137798
77688
20696
40916
257717
35367
309616
128941
213255
271949
31956
170233
220576
194643
92026
118201
24949
180139
136478
119437
184917
250829
42407
113534
53431
121186
103288
239868
74006
210323
297403
257421
85735
35426
232024
202099
292769
92361
54123
126442
111210
44695
237081
92570
144687
201871
146014
106790
128320
291422
28247
311474
182453
54803
189310
128523
94618
145971
212589
114114
149373
90427
213518
166084
129224
149249
124960
250274
312984
282454
65333
205909
164349
41961
317922
47154
34532
150758
185004
186168
195780
39706
60475
176443
320784
79905
295904
306456
315697
302123
219327
316728
132945
140509
175441
61462
135614
250378
218469
208903
132066
250811
92402
175752
75238
311694
280730
152335
144481
49140
57470
175163
138105
80006
136880
225816
191729
71010
32825
256723
237620
163092
311221
196947
132041
119973
89851
146918
88661
98390
162824
62836
308169
99648
271515
108448
193075
229957
24652
247894
83413
110772
74607
271556
121352
249823
79560
93328
96131
307781
88422
177359
320074
272500
171553
240552
29251
164648
122232
158464
130849
221728
176298
146253
198487
220245
39434
295537
53006
103795
30437
44385
148643
300344
251182
214247
127756
302821
20837
306593
48107
309405
229380
107265
71538
37534
22630
150880
127148
104348
287880
141105
173705
79543
206500
208748
153336
32504
34695
251711
160107
308845
265742
127463
288041
133525
211114
248574
204766
271536
57409
298595
200294
215041
106585
190033
231492
120065
132701
235627
131052
100056
196629
134557
203798
132497
67823
30399
272833
303243
123012
125816
66618
312505
302612
58646
179757
266524
184274
63964
50200
51042
81601
49919
117687
99158
135388
171197
125670
180337
149177
127337
158891
301371
203002
91141
155374
232245
222052
131419
183107
139519
106850
196270
229501
278728
125851
285848
265175
65544
160929
125275
166425
139877
167015
35018
242897
262184
44997
284522
87432
51144
297595
280285
71239
21644
290332
301831
249631
129960
270162
134258
204120
93618
215462
28959
89627
233222
187648
73593
146564
277737
109101
197881
185149
217305
122822
114885
116094
174392
237926
292043
110582
133136
187034
285436
304755
319189
190292
183583
271449
225375
179614
231724
149052
275629
60507
162456
38111
88670
44815
247147
70223
77560
286141
236320
74137
190068
143964
249209
297449
227942
53802
200478
76535
128787
293341
105383
295437
156473
227321
147930
242092
138464
139787
221829
105714
87973
286107
193376
41458
46483
306052
94269
259153
65738
264209
65054
120336
282886
114262
72168
185424
185561
216016
75997
197246
252590
118501
60693
103068
239508
38782
111651
178241
78580
256225
178103
246270
55471
20802
310738
200639
78120
230406
241646
260036
122507
30936
300101
104330
277027
270456
76815
69554
298640
56437
150588
113208
213511
29492
149528
117320
202526
50690
149978
264533
181671
185668
276498
207594
41595
25744
76230
194183
60241
284292
222814
25892
95784
146985
230597
22025
100801
211401
155971
190882
252243
220626
85238
183191
100188
51421
194359
199385
168302
276800
266787
145721
141814
116197
206805
259710
108300
241325
261736
173644
97160
225519
176545
178343
32083
58868
270915
300575
158338
57709
279205
137402
121675
152951
208571
188238
234174
72442
168022
170784
296584
182222
38555
179482
169896
45542
229573
270698
149991
291938
83629
171923
265267
48722
187883
75998
227736
150486
38750
126138
158348
107699
94378
244922
104582
198114
69246
240175
212595
96196
184548
292818
188869
114929
250327
276351
113561
155548
159832
289620
313301
163470
152005
66898
263834
101168
87709
154555
168577
272074
243014
256635
45720
190851
260605
113302
231033
285094
223589
73740
136803
191110
73321
207416
41274
212285
219593
296193
292495
304460
59595
112844
255825
37801
28659
154201
222402
258355
265544
228506
94741
318649
154830
317395
298929
203780
244348
45185
109321
307981
113285
82759
39189
86665
239379
188302
308621
192988
318731
45884
287206
33598
145909
282759
122624
277972
43862
139267
270444
118766
321358
210639
181114
183996
126882
210866
112460
163751
67656
25512
142076
91633
318935
80809
160730
305293
283307
71915
205836
76682
238009
297936
300701
35418
63626
202704
119055
138183
238491
46700
308488
161956
210191
264155
205273
176620
126814
134673
173079
264759
305213
112191
67471
46908
235081
273728
266882
159325
48000
133417
140461
87206
206925
106054
312826
49754
235334
129377
43571
60436
20540
297067
152457
170135
214462
288783
126999
242246
241902
91376
206581
207206
276239
140853
114678
248203
182693
169536
319419
204978
143014
46187
257303
81493
203302
115172
77914
78781
192818
41163
267730
123433
105711
250014
70489
226987
109994
35858
88947
285525
216335
161621
52557
123552
234903
160458
144583
169260
80502
111920
22750
125253
269916
197584
232020
44725
131496
26732
33761
58363
165686
269128
106097
181394
215778
94404
20301
228991
105193
318249
76239
241059
212447
118537
72633
53534
100716
255481
250703
56717
273659
75702
145404
173348
287516
79154
245509
94594
79821
268354
114712
238256
189444
185298
64797
35180
90171
263859
230246
106125
25776
219047
68323
90065
28110
198909
120788
29905
103926
203537
138649
255256
34126
172810
102117
133968
189021
279794
193174
98469
93721
113061
200972
40367
75385
178538
317838
52291
242652
57244
186715
315383
71825
147931
120893
279404
180054
88233
28542
275527
193618
27661
302454
282501
170189
281690
180909
257314
262518
189129
228228
268791
185410
306279
29359
93983
267953
314758
232811
92057
199522
288809
48512
227684
205014
158241
95335
50705
187512
81256
176378
64270
255017
93320
104230
84369
289425
157200
306871
172132
157833
206832
127247
243532
214346
99500
308475
107411
70775
67279
102437
50431
57507
309095
28598
247385
214933
305923
229414
104799
314163
54910
105597
38856
168648
219991
259199
51600
316267
260785
69821
292650
226092
33913
265238
47412
81687
239814
33218
267605
317164
299227
185091
208399
148828
261276
237991
162690
193898
38647
199735
148477
236117
112628
118123
102053
319838
112325
253121
241472
143682
188088
62337
92321
104354
73950
258380
173645
285680
223533
301536
136393
118924
169038
233554
46841
112414
209254
264212
233813
169757
67186
99742
272375
165362
226621
167846
266320
36123
159675
224364
158612
55729
100388
267558
269411
262320
115627
165068
43753
145123
157059
245707
80218
121051
98007
222989
123840
165931
195328
169711
156218
148823
180552
93323
245242
62295
202243
268104
21437
74252
32238
227338
46540
53241
186949
110473
219884
32205
224187
166561
233898
102669
55362
63211
257324
177852
175979
92849
170844
175969
300945
54538
187201
223120
149826
255639
84830
163998
40551
161212
320360
226373
52918
223580
126495
104085
318998
151706
259099
98272
138814
313573
154134
28420
214733
214790
137176
130601
285394
109399
301783
307289
26454
174620
214096
152278
220741
269537
73157
310390
57613
62994
313781
183399
86954
234749
97860
126608
111444
56459
151314
305741
142446
230124
301821
128031
233468
157978
64494
137421
181337
310951
50938
319545
98875
113220
29735
34985
137993
97364
123725
134031
41743
137525
310139
44141
121784
243804
145791
233227
110055
39863
263131
174646
267311
81396
178307
52662
318722
152609
99914
203248
146473
161659
99225
171660
248169
93124
109645
267063
262767
262056
204224
274553
130146
117936
245767
55009
286729
303876
204493
229798
274185
287340
276120
243078
210262
319014
36312
241351
187274
166259
239564
66348
143252
309995
146464
216395
216130
185968
63656
318998
147574
26332
283117
32754
254162
104951
283697
212974
222723
100588
247568
129845
210003
105800
258656
143515
184918
182218
32135
280440
29425
153249
46139
273250
268655
42826
284799
222451
278915
200923
192008
263593
247950
200495
221422
40642
166204
229802
162165
61340
141418
228820
257927
29880
187011
246490
37709
63923
304696
54834
238895
77567
153992
305330
240181
286518
153585
160039
38748
283444
91547
126750
283400
58994
49170
256261
131204
108852
254432
118900
101001
221188
231412
117096
229702
125462
172314
261591
59375
61080
145264
132286
67587
30661
292198
127538
294710
99084
197350
165649
319423
248621
212088
101036
203944
318808
252276
60003
274307
174941
252709
300943
188734
226260
192233
106704
119720
113476
159452
72287
83919
228990
46380
155121
306750
302387
261944
127199
241644
86421
68313
66054
50764
237366
318066
134051
23143
79358
288581
143514
268463
141711
49068
299825
193159
145773
157959
115339
142270
271169
103853
288306
292547
275212
33392
168108
291357
236887
74896
232463
317027
37303
172523
222997
272665
141513
41883
80828
169383
295008
253217
111044
57171
264565
239007
286396
80060
273461
246693
32467
81066
297260
45444
159562
113852
40078
298340
49331
131409
304346
90589
299575
315988
227017
30061
292868
290157
309381
63524
147311
143068
117006
281744
192330
139507
81850
281982
27032
36216
90877
20077
313871
162570
254935
236505
102045
51776
55256
267314
227198
300982
179927
287717
209688
176274
220981
175495
168264
283932
135511
82843
114071
271712
255975
54903
259320
33035
144863
311786
215331
273073
217029
272245
274070
65864
158264
312065
76374
229374
229402
60696
230895
316926
64689
37620
195552
253722
107134
55161
230312
224943
249836
192576
37968
222671
23433
313093
60964
188450
154409
189669
96317
216012
168508
273975
33206
257425
141148
303057
252257
126227
199170
227065
97035
86031
109448
82471
200498
273404
131139
43355
85044
78308
217816
24311
277247
189953
304238
288569
102669
170499
260307
63278
176750
146777
22565
124171
177090
75213
284037
291810
62582
244460
206339
279537
68816
270253
152823
250991
163365
229480
194176
296655
216512
124786
222804
67231
151511
287678
36580
172848
221435
292089
247808
177619
310623
53915
293932
77537
294214
193439
101546
268816
241329
304729
321286
136268
144430
183765
58119
227421
225158
20970
191440
318359
220654
277447
129604
261082
201596
61957
108165
27922
159072
69419
76991
244028
142458
85771
157359
256446
196202
298183
190580
142714
27416
321027
144426
231197
119376
157581
102209
25619
139307
179109
160296
75193
94061
279546
164349
304096
176879
244490
289165
212687
284668
244840
218762
243360
273558
48290
26751
296384
276380
307529
148256
116720
109762
232961
172464
220425
85934
57798
107672
320562
201625
299467
289013
183064
131901
248909
100586
263700
31039
73203
290672
97564
261121
235698
211702
72782
32054
249802
35590
124230
60753
48900
74308
57974
31133
134527
318736
240878
265169
131710
242898
131668
299956
310055
264901
273809
229872
281438
106463
211215
231576
148007
91856
162724
162835
46696
219001
148651
275484
22375
169581
239255
215591
124637
250548
297724
210357
189774
283903
166876
114431
137042
98753
47653
178856
211967
281321
309772
95358
147439
295376
314313
49502
70109
224495
88266
310349
287039
317580
136622
320673
38299
198787
31723
107976
56249
102927
264926
73714
178607
23049
239110
133730
217465
216853
294485
251946
150265
115833
123153
173925
89426
312765
193699
68518
240309
127988
179268
59184
315638
252433
86285
316423
64596
167350
200459
140691
249335
69007
197405
140015
70092
167117
269465
119344
120284
253047
274954
293312
61997
181268
254009
99805
280849
166704
101651
151930
237838
24052
188152
155111
302015
20114
48815
291699
242400
103523
234653
284131
83122
155145
307770
73022
228116
275833
27176
207811
161777
240743
33440
141593
30309
20364
53424
295774
248449
180777
302821
254701
186026
34283
235817
293550
315000
278963
123357
290873
95656
262854
81365
286837
169622
161979
97316
196690
227313
261519
239181
93757
79147
116463
258109
256463
103635
60587
138781
148200
248937
289875
59414
161506
223299
60103
265924
277002
91914
321369
120653
144214
30720
95041
23792
281054
299684
89147
86660
184619
228683
296815
221594
176022
251890
107512
168405
155861
90016
213811
123960
42695
84578
301941
194817
37039
68074
274762
168785
255015
236677
194329
224749
120738
229164
115111
48539
164863
245985
206110
38589
199188
64955
209131
269019
82063
258806
24402
167643
45989
119012
160929
94260
182964
291123
182510
255788
47815
22125
64165
241533
122437
293841
216960
234371
206816
59239
157850
78957
280003
96832
147655
147131
221478
314508
77257
56026
209868
217661
261829
27903
198302
259439
191370
252955
210762
177191
321325
130387
143467
314032
36744
211507
226794
82445
139901
136865
315252
124528
76016
150358
283062
186420
195113
31670
121592
303444
232657
246850
61324
266202
72027
106362
207863
269695
204438
218111
240494
43126
302941
84093
195863
301166
235912
28584
244651
207752
279322
202869
274376
145553
223958
282240
169348
320918
263390
114778
171331
253509
62137
196472
61754
158036
29871
101750
278871
56916
38675
278268
269667
134594
187059
216565
117616
85499
121939
210003
43232
230814
39700
75464
52023
76181
138994
308404
293138
272270
245152
257009
