373833
375964
470934
465681
574780
321522
549445
487338
462601
482645
605593
571482
550661
609084
560118
442775
521525
368051
458169
336760
330894
352803
445611
536302
477738
359856
353423
323859
478671
457101
342524
407479
594483
419503
436888
595891
327915
562611
405671
366006
401544
538358
370534
465014
590329
437978
493134
563776
422383
425625
573277
487791
412387
545526
523753
324255
381591
560386
324791
533685
464842
542718
493702
547729
477619
482877
463586
419995
544306
567961
389254
450671
482674
487347
431209
350787
535314
422779
324028
414285
572027
354781
512138
322462
469136
447805
577951
330439
454355
419970
598317
439225
362061
575581
470610
595279
437186
438889
564266
455198
363547
392788
495665
442529
603823
597868
394624
405144
339682
329903
347280
565727
438434
513195
382164
468786
510165
600488
477148
507757
427045
576040
498457
548381
464258
609406
534411
443999
578232
528034
461380
393777
599982
582600
360166
516292
432067
591638
555057
483940
617960
569362
366746
485833
607011
397190
603367
443116
459152
321380
339959
553658
520802
606750
569215
546732
323693
380726
468965
496007
535431
362427
594372
421062
356717
402770
462946
411988
479209
322644
419423
544533
593814
515496
350304
484290
595511
543437
586106
578068
452327
483401
375754
387961
328766
386543
332457
488818
415145
399838
588221
602178
559523
591118
516010
475575
412780
439346
350490
355616
341995
398729
505331
412980
415797
496941
582536
382772
570328
610039
537879
616189
490654
472337
557693
325310
334084
387327
386677
398424
447889
524551
447259
519336
412996
422740
478384
353537
538110
336294
333646
359476
329320
369809
379586
440930
566898
515385
474746
441385
460933
498749
574631
450602
575980
608937
422900
340570
577483
325123
608479
447082
472666
529711
503278
545243
609655
536176
558326
463494
497634
494437
413777
380195
532683
592413
492300
345847
516628
456873
344963
598534
533856
611943
445380
527844
412673
470008
469339
325004
612465
402946
499090
479357
351031
484849
530989
472137
401316
605567
397150
546967
333019
592666
615292
349921
497839
499951
367257
604517
542951
343708
546491
537201
594278
402362
449782
366790
483205
534111
430226
343487
355805
505861
516122
337584
333937
344504
593068
418099
455562
578158
396078
480665
325614
373310
607467
492203
510675
437496
580123
330582
566075
436187
520427
616416
597353
475336
504389
406387
398599
348083
330414
424511
486407
454349
485447
391669
406896
548703
432375
326741
500316
415605
532795
562901
517009
611117
419066
416152
540052
492905
469183
358322
408880
362420
406016
582212
379364
591396
491319
388127
606493
574859
575635
411830
567317
422658
501842
435307
595551
356884
361524
421922
568796
514842
390876
522067
553951
428677
590182
467488
614263
446426
515562
535625
356434
509904
413777
414907
583372
321645
577840
325331
539348
384567
410662
484553
476083
329831
566013
561873
338791
489247
450444
325269
554252
475947
389078
451894
569283
408622
402643
594331
490344
375293
503482
608428
499569
585700
535033
480358
372954
510876
414939
490521
326510
480039
605358
538968
347579
503965
373916
494666
558732
538762
336668
441127
457687
342044
527175
399177
565233
612148
427579
367432
332751
570077
514276
386968
389091
559228
423702
564768
351801
387087
459027
455814
557054
331749
369046
602995
426565
539604
453975
604246
536100
583173
465785
487070
391948
488071
568845
562107
399865
585632
431667
520782
502191
544994
510974
467828
459304
408967
588695
436421
475856
612570
390322
429496
372683
411978
534747
361421
545865
502484
523813
442447
418770
366260
329557
380460
411750
517607
347917
500633
402269
420039
572189
514659
413281
395482
593035
546451
507634
360975
583026
517231
352750
347755
371525
488744
364381
602513
485536
334412
476618
533421
556857
327529
374130
505216
478935
465382
539198
462214
584797
445172
446024
429369
397596
557415
335919
541822
586122
335819
608140
465510
606130
614622
372507
588330
457448
589378
456631
446640
331271
387189
415231
375518
416862
550823
537016
449882
594149
512601
338095
452399
400677
462599
385505
610562
566329
563040
436775
565617
492598
408348
420104
465223
333386
610254
383200
616233
484756
536700
427166
407585
495866
552274
611994
617656
442164
457261
556445
413919
477663
416494
463438
391141
489976
325707
414534
554494
416803
360651
614736
537812
607906
469760
328051
510569
389045
552060
490020
375139
480391
585521
572153
448724
423136
428346
509242
615914
355947
567382
328867
556810
513478
592305
524902
532512
389659
507307
326929
448114
404013
526584
553136
366918
561074
434585
341712
511896
567575
551348
399677
330389
527372
346316
329657
392910
504278
361731
482037
334685
367748
560157
545774
596657
469404
594983
372130
483737
386280
322757
466903
476059
391487
348879
419145
382711
427808
467337
352718
482491
558400
424387
454819
462698
512318
412597
498229
378343
377679
342249
458526
582394
570298
531081
577446
549017
477345
351493
460678
517582
460968
563009
485875
572589
356483
337851
362719
550349
348254
573094
554581
390926
330180
559784
510391
548828
606351
518978
484010
370292
432736
346837
381235
423428
326435
613733
580846
584864
434147
403305
527011
430234
552858
343096
335860
547575
382333
345622
528862
544745
423140
335997
507443
601920
426952
469902
468259
504872
484835
368137
522253
533456
506363
616702
462497
390610
379746
429536
505773
460751
351972
445101
548848
436117
492493
365818
422167
366352
397013
595796
577987
539155
471188
470424
598779
386856
552596
477489
403252
360874
483498
594571
385196
588822
555124
530752
522324
327216
356165
549271
410819
391068
396773
575182
365348
416220
591089
473857
358002
465925
417808
548079
361866
483462
540349
476872
373432
592888
528878
378538
456823
373249
617986
391845
577708
593466
339430
572299
561252
347755
584824
508181
517935
610758
386755
524614
516085
351137
322326
517325
617986
611418
493972
492073
519759
337817
543235
611330
564501
497287
614841
441931
433877
450717
428243
468182
566004
523813
554649
417394
513102
568001
528287
554589
394757
517751
579110
584112
536867
437442
587052
444835
361262
397711
537259
328084
577403
483116
343914
409247
502628
367597
418205
493249
477518
573837
403762
344275
466019
444550
450100
503265
470647
579460
582823
366036
599338
416676
551694
523853
572680
420139
528568
438774
494485
348835
471445
342277
399590
425136
614451
447221
328814
412286
367282
565024
378106
351773
466488
592015
501142
590422
548799
507012
571851
403352
384624
496773
610042
374681
429215
512891
558954
451642
586760
538621
354118
585135
518181
357850
540729
618280
352927
355191
523222
370594
484545
430018
381943
338450
585932
366979
382974
480181
410559
525836
429458
490418
393281
377684
365804
509600
511313
548412
382794
599247
383678
410401
470583
386103
480585
364024
599017
552974
382822
549242
440747
341774
602474
420561
427021
515806
435624
551067
332395
612845
563323
511340
452649
413085
440597
615131
477966
419937
537388
351152
559032
444365
613452
601629
484979
357644
555928
458871
604642
440545
602646
607232
466657
399925
366713
429207
330416
377706
400244
355034
557954
449404
604726
474728
499877
583936
378550
421775
530809
543109
598077
427132
451909
610256
547454
529930
600264
353347
530596
587633
580394
604285
369098
584931
565387
419650
519104
422496
449830
348519
612159
489341
425184
597577
585207
564064
341369
339793
350591
406650
397333
377925
350230
493345
431780
542573
473350
327991
394756
503947
508956
364434
455268
354662
359617
547911
392446
609545
540607
430327
400993
399974
414721
574133
609828
609405
542603
543032
562379
425397
561871
394338
388651
392493
564214
348737
584536
342807
343455
599304
339882
394927
352423
346098
525118
608039
581292
490214
594053
481267
351380
343284
558190
447706
368361
455897
409519
335002
437120
337366
518684
407614
578527
370059
464395
556190
374844
492487
435855
470480
507604
550062
528387
385428
492471
458360
454519
576833
349272
512158
593102
478464
360096
549172
544229
413697
586379
607278
530341
555382
501422
492852
496320
588046
490928
508848
426112
335520
372414
519522
514353
617052
331655
502200
463987
372264
559883
525591
591236
523493
413265
609761
519695
425919
351830
480308
471966
375504
481294
439967
520163
529426
560965
441353
565405
549936
429575
420829
581000
599387
601500
534115
388377
518769
560761
380248
432952
467569
605392
400507
496618
388569
419675
596014
453716
464951
378380
556555
476357
533284
489831
471743
600279
379966
348402
380051
461285
476625
617311
487127
336570
580240
347522
381885
332224
537128
451365
595017
386093
467478
344961
589110
425397
508549
373049
602734
551967
523772
450620
396182
546829
423285
459138
337139
369589
326585
548086
392238
407250
574131
518456
381235
337050
413458
570684
527554
426907
329291
506739
531733
451227
566560
575640
438942
390469
525792
512804
530160
378133
370095
583612
614848
428008
443724
475955
340494
565727
333224
423941
448554
350377
388725
341924
404473
585450
453181
495983
431499
379136
354689
404734
581643
553539
507689
363683
596825
513681
515028
560610
389473
575783
597775
530971
440164
418532
521081
397968
421221
341120
508290
328817
388497
491878
577196
613164
431632
348986
365514
544257
468597
327060
484523
400867
335259
448165
394677
324510
340183
554053
603083
440170
601497
379188
470150
328778
494253
436712
327086
468488
575385
491906
389830
384703
469873
522905
486982
599434
336958
405412
507896
478328
617920
551324
414099
384350
483265
591797
502011
376795
404767
422572
469420
385835
329419
484991
492472
345394
431045
443045
600131
457893
334703
388300
465498
588823
342546
596367
402027
568171
403609
594717
331049
514598
456183
412746
526982
599569
391303
522507
354253
504916
592001
325419
374437
372001
534546
439804
444115
459361
329733
486115
519383
471963
404571
600745
531553
589681
477407
358237
524036
459620
358151
439440
489594
472521
558627
357347
556171
522684
549689
383382
391468
481402
531439
323308
501651
507186
399019
415944
353131
341659
473585
379526
590549
461752
325094
617812
359807
493461
500594
515208
412261
562531
587782
473168
446087
426366
359868
524960
413824
543239
535922
475099
414433
479662
486714
409731
555732
396377
470109
358885
382807
411759
378935
346506
518759
396362
570521
512428
615833
577247
381432
332864
479356
399322
526858
374647
454460
506101
482246
475745
417550
589944
542271
377443
342049
573546
406987
326074
537588
472138
371022
380211
597247
583775
502337
420428
329006
446901
503750
390066
459867
387743
393561
501576
403033
446453
455081
557233
529132
417001
554861
508812
397305
572835
550529
322049
505548
408127
432294
444893
364648
603475
554415
388949
369368
597391
520593
369095
364874
429781
439679
489004
533601
393012
339171
542385
511637
608757
516430
519877
578275
456429
526273
461343
569783
331927
556519
374227
613126
465032
330601
323795
368793
511151
355479
542146
433305
562860
474445
505317
325926
432558
434986
581821
368518
532146
525295
551645
395275
461246
509754
617491
526046
351604
396541
546162
563594
582489
513981
441658
405090
593561
418376
458581
531208
364249
516857
554024
571184
366417
341467
410068
568488
573611
579952
434369
541239
395980
521513
383844
338727
352140
425170
528596
358612
551180
457976
518855
546424
487545
382536
605198
576673
419215
499315
453437
539638
377089
323842
327442
433654
440290
481308
435177
541620
572789
526571
417271
452706
604718
555681
357616
508617
393521
601383
454095
350802
486387
373635
532388
464630
612180
600949
531969
406227
578987
537199
610518
591917
349536
446692
611872
365124
488508
354251
426796
411266
576434
561370
363009
497873
445037
464849
550187
350005
586527
495385
360384
415005
471627
494426
485171
391581
421503
345132
357157
395713
603585
445827
424163
573859
481783
521244
612117
340223
446354
569628
459442
407907
543839
398235
539932
500060
604983
548020
603924
410224
523061
345571
367893
586949
551405
467067
371271
603968
349760
497492
496155
411467
548635
489374
385168
596857
517480
538934
411011
447505
463193
518164
491019
559938
327755
481086
469587
340110
445093
566951
391430
416150
590491
385488
607611
570960
567144
443624
466190
529132
435002
600084
582037
338393
443345
327877
504582
481692
499002
452969
400677
615386
495159
611029
407510
403933
473056
566836
589429
401026
500477
435513
540942
376502
593365
593154
550277
488663
451627
382689
497203
577079
376236
402220
575000
345829
429119
516268
473000
485072
568461
323045
467909
354016
321929
579704
478214
461947
463706
513049
384875
405656
403854
561693
438177
544705
609164
611677
569183
331529
599771
387528
402720
328374
571762
428389
411777
498139
415826
448848
518185
363278
528085
488206
501826
540771
334360
327058
509213
607881
347036
547481
588511
569115
575100
581363
391660
433421
520353
543629
389604
575925
524334
409888
370818
518358
444685
362882
377388
545833
362316
449545
404284
533054
394502
605882
506639
425666
479603
452163
370617
594072
565776
383959
494937
596114
378000
579217
361495
596922
437689
501569
617579
411913
427324
542019
461568
384090
418130
390719
616780
525678
536534
331229
578212
333857
521813
488389
571199
344736
529926
448286
605695
581329
473938
397069
502693
474166
358986
571550
578370
541219
398746
480905
582317
613970
433168
584237
504130
430577
552553
406042
557790
391390
463125
499850
534332
578699
378767
460114
580691
547225
354362
590422
438583
590802
601146
509496
592197
615544
338083
416804
469223
561611
597102
326183
415525
424970
328533
567785
342422
606601
609982
486628
587344
346729
449105
323495
405209
502931
492977
452133
500842
403558
334422
449469
340860
361089
404866
560870
434718
450979
450270
363839
576252
369233
430768
597235
596660
347300
606194
352485
385560
522827
402800
544122
394061
433971
366515
404282
338935
371959
436986
557954
409572
568578
381003
474837
541448
353723
405824
409504
479950
428219
371776
481369
497539
460400
472874
598669
574335
613894
491619
424800
527373
580549
427854
571495
428854
530408
586633
359240
399318
525512
344029
395068
401825
479118
553348
503166
