650682
907749
738344
779842
871304
862420
736613
883613
716358
916890
699397
915309
831207
669273
641199
690899
819919
688340
799002
888725
887467
919855
837639
835994
798314
766304
863137
638789
802543
888220
868762
687632
862678
650908
805274
761256
691804
631013
865451
870272
704276
883709
712603
707732
833524
751692
847873
918139
746509
748563
664820
814834
737787
793160
722556
803219
808268
618580
626573
674235
811072
758503
741822
621010
858539
653018
744113
715546
824032
909216
678830
916762
729868
627597
710757
784618
747550
662572
788040
772930
651490
682857
718702
872495
626128
710003
838315
912157
902969
671940
847040
777564
908948
908029
721582
749646
650139
696016
716399
769011
726743
790929
734224
871454
700887
792914
732388
801860
677617
650005
830001
729076
794212
723085
870960
896815
747201
762153
662728
916543
918190
904000
844970
714309
780284
829780
884220
771600
703262
643675
641905
899449
644760
723138
751053
792054
866549
730204
645811
666655
823895
824189
768065
662624
743547
748463
750734
880226
743616
648481
901146
678356
846493
639675
764603
823695
833796
717647
815459
700955
705209
776069
685398
675661
770918
851924
728411
914059
735114
622562
899014
661722
894422
681886
845441
829230
646238
650502
808672
834981
681611
677367
919564
870539
862215
843354
897268
659959
862007
822805
765523
774067
703099
743133
840557
789454
829209
737532
876866
681276
629264
789394
738058
741296
747639
765323
819213
806932
642515
652239
907143
692973
630136
678113
781035
859092
863811
707529
632548
652722
909373
871080
852809
849324
627094
698146
836903
684997
882524
819206
780084
694295
636279
647925
715275
797483
717206
841986
777750
914125
706690
903414
813675
848747
897682
732658
621291
691613
686124
772879
751806
779198
751867
882810
813238
855726
813463
641362
871088
832069
796071
795545
835201
659464
796361
677097
683584
891828
621188
652447
677864
634474
758011
775443
797661
648211
786575
620787
655908
892853
663372
823129
631996
861826
867882
719559
914835
754304
735367
638984
817006
805654
648773
868553
719947
899966
828442
641304
625960
852278
897520
882122
888955
631965
873556
696545
750818
823090
623912
879610
679398
853680
817827
867650
726368
884597
720282
785016
799843
900751
867583
897489
777203
746965
701587
839677
761212
727067
866331
907129
751081
725634
900400
640407
760077
765402
908773
803892
914288
885283
642625
682169
875466
683405
690901
719743
777612
652629
765784
686412
690963
644283
868535
664186
833191
800620
664537
639440
637864
644736
752060
806454
671063
758797
725149
838467
875288
755267
693201
897752
724515
862032
630489
832956
857522
698710
756578
812752
905404
880230
870735
663603
658137
640127
831866
746933
738467
688966
825752
732101
618993
772347
880515
750246
798658
903463
811802
632826
641702
775823
717366
800113
735561
815621
674519
902332
657128
824607
777789
706583
715105
657939
812611
772155
775731
705621
861257
688732
673421
766478
874617
655612
850265
854893
688466
705821
776726
715826
884901
885828
862764
690784
774457
801211
842100
899143
866044
796805
853179
876065
869816
918491
649549
752493
717422
774728
754561
877838
675740
750583
860607
676517
676899
914559
915289
660345
775138
893804
882160
788783
679091
884235
787290
807501
792223
878462
680731
686970
878856
910602
623789
816596
683758
709776
819510
783738
660597
818241
913407
895852
723664
732520
754979
699527
854948
883822
686496
808080
916898
633053
718038
838027
864510
733866
647263
881635
802709
689860
910882
634022
702399
694071
858836
767396
699153
636249
743885
884827
634697
744451
753940
730101
864326
807679
798606
867971
731939
728879
679877
853059
849121
727040
658279
916617
656871
724706
882992
873898
919359
773792
821797
812097
894998
905563
641809
667913
846181
857718
721687
764099
757406
912314
736342
694594
835485
795252
640414
841520
745508
714846
651230
902189
838892
678602
853005
849388
628077
875471
657808
860774
656468
768571
635085
776296
729599
879538
898934
918390
643526
703520
780473
893984
725458
673528
803310
803785
870035
787608
618389
865823
825582
720215
890590
783676
888660
648843
682538
726903
654239
880337
628298
814555
619613
653784
831748
875606
652113
638138
900932
633475
733885
792947
701823
779029
757359
637237
869501
685974
792268
664375
690525
674058
633068
846872
672413
768271
725982
728043
725163
781538
669086
806974
845919
843699
656147
829115
817353
637302
744593
840165
908316
710809
715075
786685
707235
917168
710289
633237
888008
894238
803080
638946
653963
733435
785083
695620
808388
799239
794638
873940
913690
745486
682430
720177
697755
703994
633757
832474
713821
916525
865787
649614
732074
825421
685639
708146
624988
733733
897993
645101
797089
883935
887084
793683
809718
648948
810157
651213
641758
781315
873298
885034
809439
663892
853928
786896
904478
707006
801632
652646
810827
662015
877429
728239
618388
841276
792744
746252
901620
682771
870489
884372
771764
819019
786787
850158
868246
654111
838749
756516
815956
820365
782315
842210
818088
681560
896082
841806
836678
718457
690430
794437
762398
869603
820672
650966
864954
850774
800589
634659
738925
902723
636029
745296
717973
793929
904897
906530
896265
810624
700707
782726
796560
836291
641933
875152
764864
701212
858233
742477
873012
764310
850521
842432
726401
671396
622075
687943
731495
676787
638694
898340
696422
881376
827215
815385
805329
853508
872443
711608
659397
795537
638584
637572
663351
786911
702111
631300
666325
893547
843579
751411
851353
653456
807833
891532
628461
762651
864066
821141
912600
761280
756288
690950
711028
886378
767339
862890
638619
892085
831595
847435
714575
783817
890098
899736
771956
824365
723741
644186
719283
638716
624142
718961
637505
798695
759561
623116
875482
890756
671904
876735
866282
697862
681099
620267
848887
851053
754844
838796
744791
792310
806910
863649
914927
902502
629656
622371
724407
879723
626798
914022
765104
701132
790543
901706
878229
859454
636495
918734
661013
700593
728502
823978
654043
734086
706432
905186
721481
826590
746519
866834
786063
756310
847716
729171
751248
651330
906293
890984
860995
633592
828147
630496
689421
831324
874373
867422
675395
879040
846914
796299
882957
773808
848189
625245
668800
685771
744182
749868
911084
885769
799418
877477
817588
621914
722127
729154
710021
837967
658676
770623
717857
778138
800800
746524
715885
766731
769725
856150
673778
696124
917125
726979
877848
844050
805402
897067
649737
775727
887289
770499
697403
809167
725314
646771
735494
712037
854406
879302
653510
672439
663138
649069
700107
711499
837932
710485
779435
884136
759797
816410
861126
726641
829233
653170
778551
644507
874206
774942
834696
876958
896551
798250
806125
791899
860461
768815
722622
793345
790762
726602
624421
809186
789040
765537
890396
718449
708647
914398
896905
821495
895131
716686
619454
716354
731464
739920
711534
760672
685228
749674
649533
839232
894847
746073
877223
797273
649345
852519
688241
756907
818635
643634
839807
859583
889848
774266
666592
843641
619380
802558
689213
679658
865128
627811
683113
910043
697474
769936
798915
829839
628240
895379
626773
667678
819518
661637
757810
832680
646913
784430
915557
794683
642941
706903
704759
749995
734290
837690
784703
657789
750993
804586
867366
746568
825028
636652
626760
645265
846457
695457
827847
886710
773145
799299
731298
709423
784164
684572
620014
631762
666056
886101
625661
692340
803490
705056
826344
763670
892438
757098
656063
672707
743070
737597
796829
671479
660083
800252
864645
656379
793888
849639
755489
836464
680192
717510
656752
906569
918756
645677
705418
712211
671577
692795
889935
689630
688898
727525
846340
913549
855718
919762
759349
821199
786298
638045
670352
674890
807140
637564
629974
712131
735564
630997
777906
760720
762486
776584
706020
796139
917774
741000
887590
815547
642119
767837
621739
740276
826879
763138
668369
901876
827094
741001
721982
629074
669866
837399
910898
785622
788089
837246
624662
879881
809791
717111
734402
719880
904554
666804
670555
729447
698942
740941
883221
722364
908511
855472
641466
719507
745354
820912
811922
735726
866809
696953
737150
824234
728655
805863
635996
673122
895584
638552
702851
889123
674601
749275
619997
819510
619229
850859
635972
895394
905982
708029
786769
748190
815093
776935
745208
849109
684820
901402
728283
871890
640959
709074
677059
731800
633397
701298
767058
739603
717758
759969
875466
714399
917860
705812
758989
891275
886543
793055
619709
901443
863425
853262
711775
844148
650365
689340
814240
637173
690158
779479
761145
771485
636899
644976
889334
850136
886056
745504
801517
727986
726264
805443
655155
885495
855124
844941
669462
753036
712309
888369
824821
642669
915008
864335
837157
814288
834188
662235
899376
813206
791183
689066
681491
829375
919479
624749
688431
746745
752161
863362
730435
875802
640614
621188
752819
901655
719295
831147
824011
724011
833585
679187
653919
772599
623566
686781
694245
698548
771327
898484
693494
736562
697371
626466
828375
654176
683361
795122
665033
882273
912838
637115
661647
917359
849881
670836
694861
708864
806698
727355
670082
770788
708406
837268
732449
641562
760981
746932
724896
811559
708113
873822
880033
695331
753678
845272
840323
806135
750219
903744
627249
746232
725198
883391
693630
892708
845708
632249
868991
810370
820642
789109
852611
774292
878993
816834
877949
872728
672269
710654
667747
837985
740039
910236
849194
643585
668593
699714
825716
662750
754405
721172
733278
737036
709479
871083
626646
902463
878406
657391
725036
838969
831014
720511
726234
849376
853302
792511
739340
852042
839513
906081
826986
772107
820288
804640
880748
710686
809916
679677
849062
740560
754145
626545
857173
634951
806261
737885
698383
753637
651984
786550
795337
711202
640992
736876
701747
696461
691802
755779
728411
866449
913407
827650
686129
693582
780710
692096
866566
824594
893365
639351
790229
773155
873980
810623
736527
826117
783006
655324
788384
689302
626215
851447
811277
804855
649715
754857
785913
794631
879996
918923
720797
631588
739700
890595
661234
877673
894585
795944
779762
693861
691057
877976
917475
789387
719090
833286
775402
847394
904853
768691
648869
630034
763818
847227
801335
846884
761741
794018
830097
842956
863562
813811
774172
741572
868030
856695
666983
778740
685390
913210
823513
795805
905811
789750
916279
810479
858292
867619
815071
756079
911562
869288
907292
731074
802352
839982
714056
678565
787997
764559
896719
734631
886477
779709
822095
830290
667491
785045
858002
843789
840710
799715
665308
789545
686074
772663
685799
777409
704477
909458
828573
742813
830584
869410
917578
671268
761450
700307
650675
834064
828872
662307
844598
898670
673871
708775
622791
645666
773580
717876
835768
680919
618800
847711
691363
785781
738023
699065
692245
903879
756231
726743
838120
647190
818885
799654
902402
839716
859237
638389
891714
709266
864301
720949
800548
727728
840803
777794
815992
825827
825928
843265
697175
907539
639907
737232
657581
881026
751693
827650
805686
861497
813347
695888
900451
812396
658488
651734
740669
702620
643890
841010
904570
707467
851718
854616
666536
856804
645645
628605
626944
659757
862229
767436
696763
671923
880683
859843
620725
834595
799991
801984
661479
629496
704216
763261
889743
628192
639591
741900
736764
670831
670201
864847
781823
722244
853545
756613
819025
901876
827429
669030
853378
763443
729901
800719
685753
898184
907185
785732
769240
735055
753389
721122
804385
780794
911911
703432
684175
861454
876535
813599
791397
822277
723377
736083
783397
764051
847354
728334
663568
822587
627426
628353
718290
653028
684272
713653
782561
731903
720504
683935
624363
818427
849062
902033
666976
785540
700747
844334
916091
791635
746798
674054
793618
792248
766532
862096
859983
836514
804162
732823
867153
635685
817402
675141
792053
808948
809000
654911
752411
750460
807222
853088
834216
642340
796580
793602
919419
667099
698236
796387
915399
662248
819725
621918
745065
802956
794008
643293
857383
622524
731661
812986
695355
747927
713385
829943
839863
635340
668159
850297
867094
688455
664868
677822
659758
856448
771189
759128
844735
665777
676305
857018
778425
629692
735800
785349
739913
728720
878737
699958
919176
906314
887142
621493
759816
855867
730707
752521
666303
848970
641916
634368
820759
754960
676011
821634
684811
725912
835555
835716
662405
773340
901775
832180
692678
903594
639249
709428
635479
817293
822557
802280
829186
711181
830143
739177
810425
815860
865722
647549
904105
830770
798732
706964
675023
645385
911372
873376
849449
804974
753130
778949
895734
792881
913966
758752
721206
716920
660721
800949
628018
843104
647725
908723
706364
716440
854128
749057
844793
758762
646100
834377
716120
645769
745797
654525
825215
786207
656371
695480
916956
798684
754371
849695
887493
671673
770732
843390
910709
757574
640335
784779
628873
672854
634279
855903
826534
829675
670252
680491
724389
799622
726253
722872
851582
738733
742177
722905
816260
787666
814080
784108
762879
703744
770634
872162
717726
724169
758262
684245
881903
898084
767700
766860
785094
679998
672029
794882
630792
842685
893914
876250
713116
892384
769540
732945
823984
706282
889543
824370
823273
667330
736153
915813
904383
871685
789950
753082
712869
662938
869587
624803
686065
659143
729480
819169
856639
910369
917358
625477
687744
820195
911745
658908
623367
835561
805029
790401
690514
845046
693100
846762
626482
848013
669660
630310
917800
666805
914360
787867
903140
654821
679141
743292
873244
741764
770228
714597
913019
874905
766078
842768
622921
871711
748902
817091
781234
742688
788630
787150
860961
670201
710572
900201
775483
817955
734906
880914
620512
692580
906868
824370
811214
749574
687379
804324
855188
783306
865393
643168
830948
859954
715699
811251
778605
893103
761892
787369
675872
687132
691348
797919
666963
789294
886969
782072
904858
887853
778517
760309
689053
797968
640724
669183
646473
643279
665555
748689
861651
860278
695052
848467
760578
733121
730838
747347
881227
909755
