1430543
1493947
1346217
1426315
1271871
1278149
1241940
1305349
1350990
1345692
1382753
1340242
1420824
1341722
1366310
1503343
1343542
1393370
1486219
1343392
1278982
1355513
1232101
1500369
1349307
1265216
1258052
1422108
1269219
1422549
1388591
1213894
1346000
1216348
1501410
1336724
1212285
1357545
1404502
1302382
1302251
1296076
1275055
1360637
1393154
1233771
1236911
1436878
1249186
1371744
1452941
1237770
1476420
1353182
1271601
1420503
1350004
1370067
1434090
1239078
1297998
1321143
1218433
1435831
1367563
1403310
1382296
1396214
1241343
1219229
1470548
1251147
1374332
1274472
1503469
1471459
1239919
1275504
1243944
1267634
1441606
1392240
1505957
1509587
1398681
1363403
1365128
1390869
1502476
1265319
1308393
1282729
1437630
1221196
1495158
1438213
1248980
1488978
1376411
1464553
1302328
1452550
1279672
1490008
1326716
1389154
1468484
1254294
1328311
1283425
1498836
1469626
1438855
1418304
1375641
1490133
1419674
1305871
1365108
1324153
1411929
1479832
1455886
1254005
1248642
1265973
1326143
1409399
1217404
1482112
1374580
1417449
1276469
1402174
1282336
1240515
1257454
1379132
1384150
1432968
1462517
1398474
1473734
1278617
1390595
1243229
1227777
1227397
1336859
1484750
1249325
1471209
1478784
1428194
1386332
1396394
1256658
1351164
1355931
1242419
1462070
1367379
1487941
1464009
1254415
1487320
1364080
1377946
1357828
1315781
1291910
1381105
1473801
1314843
1414381
1404227
1347741
1357545
1483803
1316534
1424830
1458797
1344164
1265701
1439432
1279653
1248047
1471106
1332464
1508752
1423856
1302248
1508298
1344548
1342708
1292738
1455654
1475312
1214266
1256442
1324333
1445298
1511141
1318243
1212226
1289509
1449680
1263162
1248332
1269091
1304024
1506809
1385539
1270581
1491113
1250898
1228647
1283316
1304404
1370101
1474670
1391779
1314717
1511572
1257501
1351221
1212150
1453720
1279721
1425015
1379416
1333863
1471799
1213250
1312316
1267009
1380505
1374186
1484022
1392024
1500900
1389704
1294966
1261652
1400015
1505882
1349498
1486614
1370399
1249931
1339782
1315637
1419637
1450645
1241279
1469112
1410971
1470026
1468680
1246596
1319585
1484226
1383427
1502520
1382022
1455777
1285052
1447639
1373921
1300974
1329720
1448985
1248546
1215214
1265351
1264975
1270360
1423990
1293814
1243921
1306515
1349748
1224031
1380668
1509869
1335258
1367039
1479514
1266158
1365362
1497015
1332303
1355273
1219442
1443487
1284773
1455149
1509737
1222306
1384157
1399549
1460510
1370468
1285363
1466227
1240058
1227344
1240170
1232653
1501191
1320063
1487387
1225550
1376408
1389629
1412907
1251116
1503074
1433727
1324594
1379682
1417103
1298882
1458756
1250728
1231372
1434895
1271580
1291872
1291189
1275133
1411766
1406886
1290427
1286128
1387540
1222865
1375225
1233138
1295184
1274196
1473310
1503296
1375696
1439154
1287454
1334599
1462790
1441418
1264148
1353625
1372678
1456904
1290611
1211833
1299511
1280341
1295796
1452255
1355799
1309718
1444626
1494140
1245142
1410543
1460067
1458196
1474093
1227471
1271121
1445751
1327073
1261480
1338750
1501591
1295425
1359004
1240987
1419835
1346054
1350785
1313483
1399307
1328576
1512071
1290946
1293058
1322235
1507277
1323623
1217841
1448332
1482432
1335317
1326044
1224614
1334578
1446459
1382421
1358327
1343921
1281953
1221892
1463747
1472271
1331193
1291239
1448536
1332236
1438508
1368613
1234612
1497462
1490766
1445687
1476531
1445987
1250098
1287948
1466526
1512137
1389846
1417190
1486792
1312750
1364691
1471584
1233542
1510970
1454051
1442382
1485346
1425292
1268320
1224983
1342474
1383909
1353215
1227071
1433869
1321573
1437849
1313845
1238107
1386457
1361977
1247479
1443829
1260322
1509376
1351061
1339493
1410151
1428067
1447194
1298540
1294688
1384587
1495340
1419378
1494114
1217466
1455682
1389133
1401548
1245265
1332688
1235775
1357822
1363328
1424268
1418970
1319231
1302569
1442105
1225308
1492283
1302796
1454406
1461346
1304768
1350587
1275214
1315361
1337401
1495739
1339535
1418039
1222161
1435418
1331426
1234343
1456877
1423949
1451385
1212521
1307367
1335609
1395486
1401070
1399948
1263181
1436285
1434435
1368015
1242927
1504639
1234989
1297391
1275825
1391995
1216541
1441236
1269685
1395163
1325179
1246173
1356673
1366657
1479875
1263754
1218135
1250494
1473692
1478520
1490373
1438266
1393990
1457299
1389429
1271017
1319430
1408321
1335748
1449954
1397561
1489121
1448309
1266741
1236832
1322975
1487521
1259314
1291681
1260591
1268800
1272620
1492628
1503101
1223020
1273198
1225418
1262242
1476687
1347351
1243135
1390308
1256878
1235623
1471962
1306231
1434624
1378797
1368800
1382652
1451032
1226412
1226813
1494735
1251979
1356053
1371451
1400689
1242779
1307866
1458513
1278264
1323176
1462892
1309974
1381893
1324652
1443764
1480157
1380148
1294418
1291386
1491982
1432589
1432237
1310062
1376147
1367728
1474376
1250928
1219577
1310917
1279425
1499575
1216648
1351659
1471668
1346206
1364499
1257138
1396988
1428813
1270738
1438589
1511841
1492354
1279154
1226479
1367175
1469122
1453603
1313931
1456255
1260814
1306632
1440994
1235922
1335019
1297116
1469747
1239810
1305531
1276414
1294382
1274507
1486071
1384021
1292641
1324119
1407124
1288267
1311674
1414611
1268485
1508681
1402620
1283563
1348209
1334117
1371612
1389977
1215601
1291060
1379394
1354142
1300920
1284227
1269924
1362183
1461544
1499190
1320908
1375938
1369149
1502399
1264358
1264570
1467215
1242502
1350173
1493529
1290540
1416675
1246628
1381411
1344668
1219577
1298395
1271352
1317440
1472656
1385946
1474099
1284024
1247834
1382626
1323555
1401420
1328728
1427615
1418757
1499019
1476908
1243032
1426620
1385486
1244764
1363834
1420640
1315162
1319770
1258908
1312087
1272742
1274343
1328426
1499440
1257793
1481794
1496854
1429815
1352645
1363126
1281700
1389632
1375055
1352900
1457153
1283273
1394674
1459715
1445323
1216036
1491259
1331502
1235047
1447537
1367326
1322688
1230677
1412616
1464873
1403942
1482709
1298219
1220615
1269418
1384664
1374777
1391608
1279916
1250769
1474518
1367775
1224108
1441976
1238850
1261588
1263543
1376579
1362356
1502604
1506946
1353487
1351986
1292062
1297462
1220144
1245900
1462958
1261067
1472089
1395846
1297041
1251301
1484636
1417754
1251744
1271559
1426030
1313293
1442944
1384185
1267082
1218785
1362610
1374064
1286049
1448242
1348366
1302979
1272570
1239139
1482991
1227493
1460962
1216859
1402870
1315321
1318848
1270137
1264796
1390792
1253047
1233411
1398849
1446795
1432069
1497279
1499009
1458442
1421491
1327739
1354572
1380391
1487589
1292184
1327799
1323671
1467167
1496272
1214844
1495895
1250203
1410353
1214309
1377843
1444414
1406149
1265064
1510361
1311465
1293773
1446303
1446580
1369791
1413287
1243459
1286369
1288480
1250694
1416144
1236642
1241236
1460808
1282573
1381162
1255519
1486278
1287525
1481636
1474622
1394867
1262475
1350426
1343094
1414595
1405480
1346352
1407248
1500067
1309103
1392782
1289219
1471544
1360772
1341002
1249952
1500228
1351423
1240654
1224628
1474511
1304725
1320506
1307957
1236374
1451084
1473456
1224387
1420283
1414045
1387470
1370868
1368514
1341194
1494568
1392805
1387141
1378960
1226044
1214112
1295568
1442682
1395118
1491718
1254934
1415039
1315486
1217422
1285822
1254493
1323278
1359521
1304262
1484399
1324903
1475029
1311824
1491004
1365084
1360986
1278075
1425819
1426392
1215229
1324359
1255967
1242248
1477704
1412472
1461834
1392493
1440902
1263491
1247079
1411910
1273421
1317555
1388561
1360563
1229026
1252813
1359753
1301385
1447393
1220924
1461227
1287706
1334821
1268737
1215045
1485210
1413721
1428867
1349420
1371900
1242515
1497806
1328868
1265877
1259254
1354522
1467510
1268622
1429779
1249498
1451446
1488693
1398615
1437124
1494500
1499649
1366331
1414868
1445996
1332014
1460822
1431251
1474686
1222723
1235198
1307070
1233500
1310701
1302137
1284205
1475909
1371125
1488403
1463107
1242885
1333321
1333523
1475372
1449633
1511293
1240742
1217113
1392046
1496832
1285875
1419052
1285692
1308823
1334625
1217520
1504122
1338470
1228349
1497395
1400898
1438076
1370230
1380105
1322140
1369411
1484101
1319784
1327539
1309052
1480307
1321899
1307646
1506487
1287074
1402390
1397786
1271209
1485581
1372335
1259452
1340360
1230031
1299555
1430961
1356317
1332630
1288665
1394447
1238249
1329560
1435130
1404878
1408148
1338208
1280907
1353917
1512654
1496650
1455812
1296842
1403427
1467805
1302313
1483290
1428918
1244158
1308105
1493777
1306135
1503485
1360059
1216697
1502087
1384940
1372292
1507904
1252347
1498552
1321627
1250077
1223755
1307762
1372596
1431893
1281135
1391520
1490608
1465694
1440598
1277273
1298417
1470562
1418509
1465804
1318600
1262935
1470966
1325095
1336540
1244157
1247169
1408255
1427448
1400247
1213454
1238398
1329779
1496108
1266461
1447916
1336841
1310421
1344440
1280638
1276841
1470278
1492953
1475658
1496405
1287355
1323885
1456434
1257309
1396649
1326857
1481407
1508185
1426661
1497704
1359148
1281212
1231204
1307624
1276893
1231868
1451857
1430071
1403520
1221633
1404613
1327306
1216896
1225407
1313048
1391373
1494253
1348302
1213854
1342403
1436668
1238540
1467300
1442960
1488178
1265589
1502288
1450446
1383604
1330043
1280883
1434505
1464840
1479052
1501252
1284655
1479632
1373766
1476266
1318436
1337112
1396585
1444073
1505408
1406398
1397678
1387830
1409671
1506672
1284173
1454133
1300060
1399146
1478003
1272040
1508556
1397248
1359896
1248848
1456616
1238031
1368938
1470773
1420794
1498402
1359354
1385192
1452712
1417478
1267358
1297534
1508911
1393168
1414311
1323012
1363886
1314927
1275162
1309847
1396821
1382462
1465768
1507692
1427055
1356462
1332241
1228062
1503773
1449855
1242590
1400502
1305661
1220276
1244354
1405300
1239874
1421162
1261782
1368584
1501029
1260076
1268016
1275313
1468027
1425447
1235463
1491470
1224928
1336158
1504977
1497551
1301644
1432682
1501639
1330631
1230470
1440009
1387348
1389356
1299783
1352527
1253433
1409764
1504390
1347936
1419010
1241182
1330395
1253720
1429500
1468826
1457747
1506134
1277877
1510418
1230945
1323731
1391094
1422789
1404930
1359862
1377969
1463314
1488713
1339654
1252221
1486349
1494878
1261210
1316959
1304471
1505603
1241596
1320306
1477345
1482237
1380910
1414229
1419193
1275550
1274974
1365715
1255767
1307029
1487672
1500438
1360777
1309277
1406883
1316663
1489725
1459458
1421313
1311037
1272403
1331042
1345918
1300548
1280829
1510528
1451445
1480990
1253407
1230049
1506019
1317415
1214152
1489415
1440817
1314493
1374676
1372913
1405197
1358858
1500686
1229476
1407201
1259685
1229217
1226527
1457908
1225135
1494990
1310045
1466842
1401324
1461205
1476718
1485070
1449526
1405812
1409860
1288094
1362958
1460317
1446270
1356117
1336403
1333906
1338958
1337506
1426493
1498035
1407098
1218701
1354862
1340724
1452043
1459994
1296290
1394211
1294102
1405891
1270843
1280213
1493241
1262761
1375042
1371307
1427819
1289840
1423026
1446087
1398070
1326532
1499944
1290712
1433583
1292971
1465306
1351735
1253120
1448699
1436100
1476614
1221452
1437384
1378011
1492027
1383668
1343619
1386008
1343634
1364967
1217743
1425680
1340948
1460340
1478496
1242997
1243922
1440897
1479306
1510118
1242947
1480564
1364310
1510728
1352262
1268805
1333717
1347577
1304959
1270029
1287283
1220402
1234080
1511310
1362575
1433072
1319682
1393784
1393556
1251470
1450249
1277424
1258101
1259792
1376094
1239537
1296358
1432505
1466962
1247632
1445362
1288962
1357752
1269991
1360097
1308542
1393038
1298798
1508478
1431610
1432971
1439528
1301873
1435701
1383153
1506392
1403043
1262052
1290704
1236868
1367900
1369570
1407906
1351497
1264464
1421901
1462138
1312527
1258625
1348360
1355995
1213656
1267738
1257176
1231461
1310478
1319476
1327489
1466082
1349384
1227437
1461153
1229578
1467053
1468414
1286881
1353465
1421633
1298355
1219684
1291228
1346929
1246838
1262459
1496437
1381957
1423316
1316106
1226573
1370898
1444510
1340431
1436448
1392077
1409203
1498137
1309489
1232873
1465106
1415787
1440200
1290217
1300739
1444222
1218418
1405757
1296641
1373547
1220754
1272965
1338007
1369404
1213843
1420132
1400646
1231694
1265823
1284161
1441617
1478239
1342001
1390907
1406617
1336040
1228824
1325555
1399673
1365819
1253963
1508340
1341465
1292333
1453734
1241983
1323867
1216981
1321433
1358846
1372259
1395687
1226827
1350884
1487132
1426149
1508808
1361633
1240317
1311140
1247357
1269709
1408804
1268170
1384696
1396100
1378273
1234768
1223569
1254790
1403214
1232152
1412575
1285943
1317523
1469413
1353510
1463525
1487057
1355982
1246307
1489840
1226247
1235257
1325774
1343611
1273774
1363556
1325310
1505176
1225098
1311185
1462592
1223173
1293577
1491419
1346717
1489509
1326253
1482709
1439764
1282759
1268209
1273721
1254210
1504104
1480707
1410542
1243686
1217274
1317772
1341028
1394997
1503872
1450720
1380480
1495510
1362670
1413147
1479879
1443493
1347132
1365571
1403691
1485543
1407901
1431485
1451691
1476010
1395296
1483380
1411537
1415554
1481831
1345623
1218984
1419558
1308005
1378497
1407684
1373409
1414015
1468225
1333022
1266503
1395170
1407232
1462412
1306744
1301083
1305664
1363412
1233963
1297790
1407489
1449258
1492487
1477086
1292580
1286371
1334346
1510433
1456956
1259124
1346862
1299305
1273179
1509199
1412218
1342808
1330913
1348594
1339200
1272918
1329395
1453323
1373156
1445046
1303508
1250494
1361170
1266298
1290009
1367754
1422440
1320426
1474724
1390221
1243878
1244610
1416495
1352639
1460798
1498817
1416014
1258219
1232382
1485717
1241833
1299663
1416936
1327000
1320392
1223450
1286805
1464367
1261241
1361745
1357039
1327169
1426941
1214602
1301224
1443762
1458407
1366024
1445539
1317160
1370725
1453170
1454179
1289220
1289658
1483150
1444994
1420715
1283038
1377233
1355156
1286881
1252603
1258031
1214786
1440983
1237281
1278357
1408957
1342119
1418584
1332725
1464203
1228738
1306942
1422682
1276031
1415880
1472432
1329825
1458947
1360224
1463777
1282153
1459481
1245665
1225829
1291610
1344630
1344919
1441873
1258518
1494628
1328045
1251910
1310329
1388327
1483660
1253012
1419195
1299017
1237492
1388032
1459345
1459177
1401656
1301952
1361455
1358929
1354348
1255232
1248249
1212809
1360403
1320708
1365240
1402161
1273934
1485131
1504776
1241508
1232834
1386645
1238972
1496008
1339993
1245562
1340601
1345243
1387023
1269642
1413459
1345542
1283844
1272178
1233642
1283960
1216166
1473020
1365256
1497784
1420936
1440687
1311566
1333746
1356954
1237064
1274678
1424518
1218097
1348966
1335429
1412243
1386885
1284434
1276552
1349224
1230202
1300318
1401896
1265486
1377622
1314199
1488015
1316306
1256234
1305204
1274884
1368282
1358119
1324287
1510392
1330125
1424031
1506933
1500362
1346551
1357251
1454662
1329346
1362312
1238697
1376793
1415395
1226953
1404820
1240452
1422568
1469797
1445046
1454821
1476415
1343212
1388852
1415312
1379929
1239357
1428468
1293300
1502858
1222489
1286559
1424570
1212045
1484944
1379322
1413421
1377595
1497924
1215413
1260492
1229660
1430705
1466782
1366522
1409629
1332063
1427224
1494118
1331791
1348718
1477450
1222352
1313583
1255423
1447981
1224803
1309792
1408545
1371749
1229948
1230967
1455099
1281270
1423586
1430983
1224986
1441907
1485145
1433345
1277621
1492705
1397292
1285302
1456637
1436566
1279770
1412592
1446914
1337758
1245059
1211804
1410791
1457524
1466472
1273568
1281528
1507153
1398353
1303237
1495784
1232725
1485900
1366866
1351125
1231918
1376773
1303614
1429206
1375428
1440356
1215156
1261629
1493092
1382947
1297611
1240320
1377315
1329125
1505440
1416363
1281327
1218318
1421408
1250513
1303911
1353160
1331530
1358549
1358474
1315850
1249749
1303051
1392620
1309593
1276327
1467041
1219953
1458378
1263914
1258579
1345110
1240232
1451346
1282968
1474984
1501957
1434266
1386817
1215791
1398696
1458710
1422361
1512355
1436200
1411237
1444841
1507424
1352135
1377088
1453852
1472898
1455385
1385755
1443214
1372149
1424432
1320840
1285484
1285354
1465394
1247024
1317963
1234429
1228915
1386118
1481251
1374040
1441211
1236759
1240355
1504694
1386409
1263226
1221925
1330543
1322485
1223357
1456044
1440628
1455270
1249704
1430266
1404531
1236142
1428746
1213027
1222090
1279982
1248938
1278800
1381634
1358250
1487837
1451006
1499392
1319057
1418375
1384433
1388499
1487737
1395049
1277167
1501780
