1017163
952435
935570
1107627
1070514
1177638
924158
949349
922331
1096958
976648
963962
1176600
1021278
1148539
1073486
998474
1051055
932989
1187852
1092610
995061
942467
1156319
1177923
946410
922610
1001985
952617
1202230
1104882
1106901
1211602
1049270
1083346
979452
1018807
1205405
987920
971972
1084543
1086789
1110434
1027404
1144142
1149626
1096973
1135664
969890
1181907
933746
981998
943533
1148243
1027877
1009946
1162294
955657
1131970
1069019
1042366
1025452
1187687
979829
1042827
1065605
1087164
1146537
1168042
1192988
1021246
1093385
1138377
1075485
1101699
1172406
1172929
963134
1000311
1095939
1027081
1167303
1023814
1101581
1008886
1140739
1137952
1082484
1190227
945268
1135882
950392
1039480
979172
1016890
1019458
1013520
1179045
1020176
1001555
1156159
959043
1086533
949118
1050510
1095564
1128020
992046
1149667
938569
968528
1050591
1153278
1161293
1078973
939117
1196735
956105
1210771
1070741
1041448
1026605
1196217
1185639
1171770
1032352
1006392
1198506
1171201
990392
1035806
946915
1066409
946099
1124048
1083067
976458
945311
994824
1119072
1053677
1035452
1045034
1210099
1118922
1125278
1112735
1191469
1104789
1027603
1133626
967066
1106262
1153727
1205759
977386
985015
1088184
1169204
1140696
956943
1040583
1174197
1085473
1087728
1178505
1192996
1017628
1169951
978284
1037754
1127358
1049912
1200208
1003512
1084987
1123202
1086539
933981
994232
1186574
1153476
1201791
1045991
1030180
1124987
997053
939364
938964
993347
1018319
932550
1138687
925076
955636
1033118
1146776
1167985
1172174
1067336
1158901
1157920
1177352
1145945
976642
1156480
962369
1195493
1036256
1001415
1064290
996787
987542
1125678
1096726
1009383
1182156
1011248
937327
931007
927024
1119804
1030390
1042108
1153253
997276
1047346
1037003
1095042
978035
1061291
1116909
1024181
1083675
1059546
1066201
980964
1056668
1181038
992665
1095273
1139623
1189764
994565
940795
987599
1119266
1029390
951923
1138119
1109141
979332
1130435
1087487
1123427
1136194
930316
1125646
948244
1206013
937605
1091920
1150914
1022438
1143824
931127
1093140
1084340
930911
1189888
986547
952194
1165092
1174464
1032981
951471
1122992
1086908
1063755
929541
1204355
1199185
1004437
1000192
1184216
1190768
955504
1153271
1030564
1059760
1210029
1002458
972338
974807
1194436
1095947
945838
1133038
1072731
1041926
1109782
1176639
1001425
953614
990796
989114
948921
1054506
1041301
1210023
1015186
1046419
1030863
949894
921284
992547
1165255
1105899
942899
973926
1086613
1142239
1160470
1036081
1127202
1017453
1009714
1179743
1107489
1070187
1013738
984504
1146470
1097569
1154686
1152280
995624
1081949
966850
1203527
1064393
943305
1013140
1211176
1012323
935121
1120725
1143676
1117820
1031061
1121690
1128304
1052142
1059250
997405
953349
942241
1073599
1055349
1097688
997802
1143298
1040037
964970
1152882
927314
1026875
972513
1157408
946037
925958
948436
1008849
1110778
1091812
1178901
1159562
1168297
1200790
1210597
928540
1152782
977557
1144640
986736
1176414
1170142
945025
1049833
1110304
1182113
1086136
1124919
1124954
1171361
934695
971864
1074314
1116778
1117407
1139348
1073965
998204
1177767
946722
940227
1100908
1195765
992267
1029601
1196213
1156813
1185083
966314
1138531
1149300
1160875
969632
1211249
1187130
1198975
1117180
931424
1075711
1039682
978758
1109359
937921
984061
992069
1016666
1070361
1139070
1061467
1022468
1188376
968176
1187280
1139437
1077016
1056956
1197319
1040094
1090813
1168326
1139846
1005035
1198076
1139542
1061350
991300
1064818
966483
1055497
1174803
1084771
930605
1141054
1068126
1048037
1121215
1199960
1186521
1154428
926007
1192336
1166398
1022782
970808
1167670
959932
959134
997995
983801
1024279
1199664
1207345
1056054
1110774
1172429
1149909
1064780
1034731
1008524
935345
1130378
1172068
1022140
962075
1163723
1115864
951565
1126099
1117918
1006344
1103070
1161196
1113004
1176443
946677
1066465
1038171
953070
960449
1003410
1142025
1123118
1063956
1194135
972967
1164339
1192750
1148779
1163362
1194782
967961
1095036
1156986
1004184
928154
1211175
1097967
979634
1191361
1112285
1081215
1111588
932319
959342
929939
1059993
1080413
1074420
1091090
944459
1134680
997444
1019451
1183367
1065553
944658
1124858
1072466
1092663
1088997
1103615
1163584
1075163
1100443
952278
1145746
1158153
1009586
1045466
1152777
1211023
1035619
1007899
1002169
1130720
964115
1019047
1052906
936109
1193295
928554
1053441
1203172
973753
1118079
1197574
1064599
1173733
931553
1078184
1012289
954179
975867
1006763
980761
986515
1113707
958034
1072776
1117034
1106685
1114508
1202869
1115305
1173574
1075385
1027015
1094482
1060669
970941
1097299
937809
1151913
1016573
1050100
969935
1182715
1024008
1140116
1027356
958827
1048698
1037918
941792
1001829
1034996
967773
1155224
1118328
921034
1067226
1173315
1028489
1070252
1094310
1089280
1004748
1037260
1116111
1000480
985930
943910
1031527
1153058
1005797
1184853
923716
1021757
1130127
1174681
1194168
1147044
944159
1069852
1077474
1077251
1145251
1033828
1089539
1059235
1085634
1009303
1173569
928843
1125982
1077958
1171771
963268
1159521
1139989
1090614
1060948
1102410
1161532
1130958
1185837
962083
948758
1027376
977024
1047040
1073622
1089982
959734
975161
1207086
955837
1163899
978247
1170225
1115735
1151184
1200767
1121558
1051582
1131666
1111067
1036427
990162
1037755
1046454
1079310
1072327
1061003
1130890
1079622
929655
1023283
1130034
1200361
1116597
1013057
937003
986135
956092
1162409
921907
1128921
1087351
993958
1018407
997110
1002530
1089799
1049480
1060492
962001
1016821
1207413
1060365
951726
989088
1149455
1077798
940610
1122597
1061307
1083616
927653
1179291
1108652
1023854
1194368
1016158
1071355
927435
1064027
1105237
972131
1044301
1088803
1085913
1126206
1080972
1051431
954727
1137646
1204025
1151754
1151386
1041022
980114
1109634
1016934
1148180
1188654
1195803
998812
1195197
1093700
1150588
1063515
974323
1164896
1019203
996017
1166812
1091660
1070859
1173535
1094781
1211521
1208939
1037001
1065113
1160312
989860
1054011
941168
1190098
984243
1156596
960040
1179543
1159276
1132028
1127780
1209393
1091635
982223
998004
1208193
1149669
1058023
948330
982791
1030440
953932
1008814
1001166
1189109
1138757
1160707
996636
1019975
1066640
972551
1028022
1118953
987642
1094471
1178064
1115281
1202561
1134349
1124158
1191543
1144928
1111960
1069595
962642
1063580
1068701
1065641
1121211
935686
1009846
1011277
1153127
1114594
1107601
1108837
1116286
1079254
1161181
1189528
1142195
928265
1081450
934288
1069223
1052029
1201789
1103298
1093950
1040744
1100225
1142932
974275
1044817
1155835
1180898
1198696
1193714
1169552
1197135
1011575
1009081
986962
1058645
1126510
1127635
976062
1199422
1207803
922843
1122459
944806
1047426
974572
1024974
1112094
1204288
1175626
967450
1169224
1082813
1018237
949544
1080613
1178658
1032799
947478
948171
1023604
1099218
1091867
1014288
958514
1057778
960724
999019
1034133
1164285
1191230
1187812
1115621
1132716
1077150
1173564
1170746
991569
1100878
988620
1046080
1065878
1196006
945757
1147191
1128528
1020671
999351
1057907
1084092
931236
954514
973778
978323
1173266
986360
971065
1008771
994601
1010125
1002920
952417
1066141
1014127
1127662
981386
1155928
1184454
953299
983017
1169066
1113829
998738
936472
1176119
1043294
1011108
1088959
1029009
940950
966640
975424
974072
1162606
1121277
950707
1181445
1208404
1046188
1186051
1204883
927306
1012507
1021024
1190561
1054826
951537
1006096
1079586
985548
1150421
1116204
1192221
1124315
1130241
1005668
961933
1094237
1118245
1115567
1006648
1005697
1028125
974944
926816
1031356
1069186
1014552
1136997
1021959
1145011
926401
1101993
965978
1009700
1023368
991193
1161781
1101867
1129431
968471
966099
1011360
1153577
1197516
987734
1028068
1052618
1057090
1205406
1107452
1196780
1155003
1203954
926323
957177
1178280
1005353
1028572
1107584
1183886
942796
1030463
1184709
1166081
1011843
936487
1079030
1128626
1209851
1120530
1185303
1041050
984780
954463
1208633
926126
932771
1071671
950558
1119127
1169087
1104065
1057266
1062186
963263
1138808
1159934
1183869
1027691
1124346
997751
1108950
971022
982778
1107320
1125142
993482
1037575
1001011
1152498
1073604
1193589
1103120
1073865
925598
1042548
1146217
969469
1040392
1120075
1169263
1106435
1102254
1131482
1119609
1152647
1176774
1170992
954636
1118211
1129042
994925
1155005
1053347
991763
1045691
1208640
1191765
1140332
1068605
1178710
1175762
1182223
1058998
1193146
949335
1139158
1071098
1088409
921765
1098434
988967
1150121
1048414
1153230
955215
1062380
1147626
1087954
1183944
981130
1092110
923442
1167459
1136088
949779
1056402
1035212
1099502
1113960
1094468
961003
1086358
1178705
1205139
1077717
1142396
975516
1176010
1152613
1000680
1032532
1123637
1187252
1057428
1065308
1198248
1203310
1203085
1074908
1202362
999997
1025958
933476
1128533
1028812
1033544
1185097
994915
1050486
1049066
958656
1180437
1098199
1196478
1199821
1140528
1084316
1010406
1012544
1102853
1180575
1093210
1196582
1081054
1164465
1186831
1176226
1109159
977959
954693
1068397
1107075
996589
1157507
933218
1134091
1202747
1112742
948544
1203269
1026423
1147899
1165555
1149204
1026995
1031728
1095026
1047306
1121758
959842
1079723
1173915
1124780
970790
1162881
943106
1205473
1144537
957305
924387
980418
1104395
1075883
1162013
950228
1182498
958578
1011183
1051183
1088686
960420
1183186
997121
1109291
951154
1096678
1107857
1145129
1199395
1208762
1118682
1101396
1155231
936315
1012351
1012024
979595
1135516
1075657
936751
980601
989983
1039026
1193652
1137273
1017395
1085331
1119014
1018632
1060282
1128779
1010639
944695
1031940
964770
1067621
1058488
1126762
1081502
1134142
1038346
1006374
939877
920653
1022199
977168
1014827
1141554
1028282
1135249
1121763
1166019
1192938
955843
1209870
1155855
1051874
1100948
1041132
1161895
1132132
1190523
940736
981060
1070849
1079147
1015010
957315
980908
1030118
1129670
1039998
1003145
1057006
1173432
953846
1004367
981232
947228
1195223
1179249
1165082
1164373
1127983
1059717
1138263
949972
1145023
1080072
939185
1062911
1156981
1015551
1039769
1178475
1038297
1105318
1160696
1180912
1047761
1097093
1022722
1169712
980311
941493
1075620
1131206
1021539
1024236
1093662
1066121
1031635
1069448
956321
957905
1017719
1201080
948940
1167936
944494
1202276
968760
1100597
1130669
1034070
981704
979068
1142668
1208036
1074824
1203777
1140165
938275
1124291
1201369
937157
959436
1112509
1018810
1194668
1133850
1108045
1203699
1136298
1073777
982945
1071907
1068962
1007651
1009455
1166690
1120374
1065916
1179890
1150432
989337
1193941
958807
976525
993907
1096398
1183652
1076307
1078059
1166201
1103816
1006852
1143112
1016294
1105993
940504
1090486
1029150
1176531
1026978
946206
1080725
1147405
1039767
961144
1036429
1186672
1043623
966629
1113564
1056327
970494
1082898
1133127
1161861
1030799
1144270
1186683
1066811
1080421
1179653
1206565
925879
992817
924622
975814
1141345
1019329
925352
1125840
1196309
1071907
1164127
961157
1108169
973576
1013432
1050816
1190403
1114997
1085955
924918
1043341
949399
947845
982270
1020371
1195016
1078440
1062865
964322
930727
962393
1008189
1037297
1033447
1082716
1173766
1096196
1146861
1100956
973526
1108362
999577
1204633
1192041
984832
1118096
945502
920545
1201160
1153918
1020744
1058334
1174489
1084817
1132997
1160081
1172690
992899
1114457
1126451
1039313
1023041
1106112
1123589
1121017
985280
963710
947624
1207683
992223
935895
1047613
961642
1185482
1008266
989919
1004818
1056365
1158805
1074539
1106496
1099721
1098675
1012787
1067906
1055930
1180952
938095
1100239
976915
1129485
942214
982632
962139
1154155
964524
1166996
1080013
1142780
951699
990796
1121028
1012235
1013647
1074619
1163588
1060711
1139665
1166803
1190127
1162139
1054292
960251
1015397
1190984
1019678
951644
1146049
1203735
1062451
1150880
1137388
930384
1085260
1065305
980098
1147061
1152990
1168436
1132554
929307
1108560
1152025
929241
1053928
1013845
1141772
941459
932295
1181522
959277
1004495
1107944
972732
1188006
1104185
948884
1002622
996381
1072089
977051
1028485
1186693
934250
930612
1070009
935856
996312
1196723
1189386
920778
1147774
1137175
925543
1114877
1057592
1157609
1122253
1154934
1165764
1110557
996199
1136703
1090190
962847
965405
1054764
1087890
1073537
1045236
1011450
1118255
930117
1096300
1203701
969023
1175328
1197850
1081433
1123888
1029952
999761
1209553
1033332
934442
1054923
1098950
1044123
1058130
1139551
947336
1175061
1096951
983314
929454
963033
973239
988205
1071643
971349
1092852
1173722
1091343
944699
1199106
1015038
939648
927952
1094331
1159775
1164847
978883
1088737
981510
1090914
966048
1143548
1000947
1185521
1130232
999498
1145534
1033837
956543
1191136
1066754
1108704
1078868
1168635
998667
1107719
1101655
938761
1024710
1192586
1143763
1170547
1209169
1206320
1095249
1072725
965663
1007128
1007700
958243
1122052
1029571
1038791
1108761
993495
1208285
1016106
1161687
988872
1173098
993609
990575
1118505
1034408
1032981
929129
1183179
1061906
965718
1103456
1003726
1210710
953654
971627
988345
951032
1102616
1159161
1063481
1177094
1034549
969185
1052353
963556
1061699
1124571
1068521
1180173
1085051
1164051
947410
1154841
1080055
965190
1025652
1071724
1184187
1022188
1135701
1066937
1005538
1133427
922323
1039817
985994
1114197
1003935
1184114
1134519
1063156
944036
1100245
970289
1076935
1154535
1016790
1008249
1120646
987362
1170928
1010797
993107
931586
1201412
960575
967572
1122829
1080186
1058914
1081558
1158635
1131943
1025245
1006075
1187556
1026001
1164758
1163126
1046952
1111834
1201571
994374
990824
943783
938937
1182965
1181152
1063451
1015850
1113446
1010739
1099945
1061724
1023140
1169028
1021492
952788
922183
1155294
980971
1073096
1082214
963977
1129193
920096
1012159
1207669
1073381
1105649
1105478
1048534
1090947
1070905
1017952
1180794
1101127
1149299
1175358
1026149
1199651
1076839
979778
982477
1188807
1168313
1157301
958930
1076110
1155672
940033
978530
1077258
1019059
923213
975741
1162003
955013
1186346
1168730
1176979
975385
1044597
923985
1024486
1079448
1171618
947109
1155405
942733
1049616
1170307
1125474
973375
1210330
1149434
967883
1200483
957606
1062614
921960
1204802
1199427
926639
947942
1162464
1055161
998566
1081713
1120036
1018498
1117684
1191589
1032141
951225
920338
1068024
932065
1069526
1022382
1001214
1147117
942008
1136506
1134958
1094311
1043844
1043061
1079186
1096942
983244
956051
1168021
1050260
948800
1078602
977216
929260
977837
1088021
1181687
1029677
1007170
967309
1017629
1057566
1095832
1125099
1116918
1104491
930977
1187797
996951
1189095
1067819
933721
1041665
1017493
1151572
1095666
1120273
1128562
1060566
933399
1124911
1076570
969991
1197024
1186570
1206820
1092359
1018204
983515
1127007
1177564
1109814
989600
1140905
1007437
1129966
1127282
950836
1160897
1113290
1038506
1119245
961368
1158347
1110085
1075020
1055666
1150563
1110435
1036712
1041652
1083810
1143921
1053186
1073025
966932
959500
1148073
1140802
1157284
1111389
1053745
1071864
1128135
990463
995340
1173635
956779
1197683
1030713
1071817
1164682
921514
1119554
1169941
1210715
1149021
1121673
1074089
1005067
999150
931870
964367
987112
1019134
1070063
1201556
1020371
1157741
1025718
1182835
923124
1024611
1111323
991016
1046867
932070
1100021
994445
976273
927230
947245
1201980
1122340
1196393
1137892
1048939
1116524
1101252
987442
985733
1139507
934836
1010840
1167631
1105075
1090520
1132255
1188295
1024847
1048136
1046753
1102676
980142
1206139
962992
1166063
997633
1143315
1104357
1167236
980636
995734
1111578
