109557
197851
195593
18650
96919
71286
31351
111295
125805
183116
142063
190223
74318
156860
131051
76020
24292
142282
76950
45336
13679
135570
196661
76967
159708
97439
65770
57962
39851
444
4020
77860
36847
183782
184799
120164
52321
184392
159479
114444
54972
86807
189854
58339
19338
191023
48893
127876
4054
83932
85738
87696
197590
15085
118740
120040
162351
134887
103102
147287
129904
110475
34421
188328
63191
116529
142516
172931
97980
67599
103050
118971
127973
143185
6871
125142
63521
64976
48492
133104
155651
123765
179605
107198
128355
69642
45813
102409
32865
70090
107531
141297
120756
13459
164676
111446
100088
49698
31919
173952
70214
78517
194056
44033
40337
95073
77687
104900
196133
126980
103396
176976
187787
190002
187486
48925
69638
17484
196715
42597
148644
124094
16758
27313
193513
196899
56224
98421
77008
93685
127355
180700
194917
164778
161337
41844
157984
198695
94054
10000
430
90486
20889
144930
139138
73604
196551
124551
29417
113463
93660
27881
115259
173875
177313
97192
77919
29871
116288
77952
93287
36356
79906
67705
56719
189873
157304
169629
1541
65310
184351
76247
124455
67747
98481
67434
123446
164430
154933
57261
113876
134085
124699
193577
180045
182665
195780
140634
180265
167994
22290
107514
197440
71862
155803
48448
99295
132994
123773
25629
182811
135624
154187
54283
55388
66312
6313
84836
184471
165917
82675
116549
41583
63690
193215
69659
57583
55101
89525
34853
155328
139836
128960
196627
55977
168726
96407
157125
2233
6284
48613
130172
160733
127818
53673
4868
197000
141186
129474
48455
86312
85919
15948
22614
117275
138195
143372
143427
34076
67868
191805
41146
198161
179010
53181
25806
69487
152919
76293
128783
78216
159159
73051
120631
102524
78054
27629
107919
122982
90995
117667
197299
141884
189523
172589
74742
47585
138095
156728
198258
54999
10954
157896
90993
153264
67458
12548
102586
78374
155686
69776
160583
134528
72589
61488
37707
41213
48507
7253
16825
109477
48075
45995
111709
164323
90997
34884
2208
143563
153631
113314
118667
175051
49721
141484
22328
4695
7828
48991
80418
74866
12781
102745
168489
43221
182097
102155
143616
72296
45609
89224
74790
3405
188558
198002
74631
28922
91309
82054
2308
15896
195579
13507
125125
146156
185779
116011
14890
37893
50888
53537
141838
87877
121217
113630
9203
78111
106550
118203
59868
1304
48505
76548
99446
19968
158760
188578
165394
12629
150185
88211
12187
88651
153686
101170
56067
109221
180562
150535
3474
34752
136824
45219
199088
166326
122234
94906
190511
85489
118811
31464
111675
177705
98202
103617
112242
3071
77792
108919
145137
151901
158267
172377
140289
82642
179471
71194
130303
172404
93227
157071
165288
165636
89444
136329
90745
43169
131750
179487
101851
135968
6227
178098
150051
142068
155437
165507
189374
50626
150931
110516
164845
162286
175943
23651
1936
46231
158695
83735
197320
133579
13935
163149
1688
105513
165856
140481
64863
24656
25157
93884
179040
2502
146235
94254
43085
98505
173514
31823
20334
126771
84468
118234
68808
12311
171969
139773
30653
160016
72678
103837
129935
53773
28230
183295
176524
119860
169022
158364
131602
77936
57076
95010
7941
81961
154154
54059
73830
6948
117620
91253
58157
29046
141342
50485
20120
131235
64071
13627
88160
116258
186521
143009
58588
197985
142246
4423
74235
72811
160722
20201
134147
69630
177747
132091
95991
2179
64180
100656
199380
107502
159231
197507
97823
132625
106492
68112
80415
143141
104141
6060
173717
141933
113532
95127
185282
74757
138895
91527
158786
160499
179253
93009
12412
132988
66073
62388
134015
111896
44249
109611
104142
66096
44721
39745
191797
155690
86360
188104
39385
83610
107421
127228
35607
128436
112399
130389
181605
6670
175610
23406
161334
184207
69963
97082
94355
174232
105965
46706
128818
141948
197960
5699
188125
119269
83165
152048
12694
22627
16289
13300
17238
70422
64440
9988
82810
88234
161140
151016
103120
72181
122920
100124
53997
165395
194539
106887
199347
116286
163509
70614
74979
177812
94115
35906
24746
127710
145158
22415
62160
76123
148904
64288
117955
192716
78247
190154
13268
11700
182994
128281
83226
178808
107936
96873
102331
29852
127833
101027
130087
76698
31406
67605
69469
11000
100931
62238
114636
41497
58546
182
84618
119503
60099
89953
55575
126521
64442
101895
45493
187657
159552
56090
153754
193903
123277
59039
80360
116054
143758
69082
130635
37583
41696
148520
181402
87356
155362
6540
62965
64267
87605
120964
168305
69176
173921
123079
10100
68328
124502
163239
12266
109817
15426
134331
45521
199139
145215
167102
1911
177866
148411
171131
113940
12197
85146
83711
96907
63625
720
122113
186174
197512
179239
99665
167619
142784
56721
148819
49072
135198
40747
151577
150526
198957
164926
65134
18962
182595
104939
16334
5012
190556
98095
101800
98564
190113
112171
117646
154004
22992
1142
176992
120882
71010
55905
100562
42317
125913
19491
94527
81697
41820
7841
181886
163028
185719
96703
95257
85833
49063
51801
62816
82190
127037
85599
98429
153820
108274
126298
116693
159652
165793
184227
28510
92594
34300
129086
63172
115620
182918
117469
120018
97261
23434
76184
66180
42347
53426
75843
157736
21967
126485
80088
196611
107771
51468
78910
36464
183009
84475
81466
7262
180431
47772
123486
99901
43029
42757
75012
136892
181621
22640
71115
136711
66760
187817
59999
130834
30441
35780
68363
43080
58221
64682
9701
186049
162163
27644
13410
120095
152249
164141
84921
109668
60528
117739
41117
166760
195935
121887
166331
66756
181706
33840
17781
173712
127513
174695
166638
100685
134590
199197
163231
134443
152472
183743
53513
35574
184526
97621
45252
59414
51150
76733
101245
35361
134832
32779
132221
138313
124344
163219
98461
29680
119754
34333
95371
10639
132855
2928
71111
64567
144115
110302
107191
120557
41098
189242
147642
113693
144793
115463
189371
123058
87252
84222
115594
63811
14071
171687
178104
198404
16654
125937
96325
51688
190622
169311
8448
131576
65288
180415
116045
134119
75521
13057
169529
91866
95081
5955
175850
72498
108476
2653
44381
171685
3970
87737
69689
198235
156838
161120
8029
81087
71165
81734
78754
39823
196076
66842
140788
99497
66719
103703
22997
115125
93442
8407
72591
24705
124976
163622
190653
145298
89952
148633
174450
24773
154501
149600
58703
2265
78033
76891
83261
134254
101730
58757
12566
179435
47395
175952
174086
162315
148510
8297
122975
100462
102649
69446
2618
129108
184953
50834
112076
192306
169707
189917
87174
77436
54105
86116
109021
161624
72496
118582
78632
195855
184985
51249
24699
13634
22058
54656
172111
82337
12337
113322
175449
32835
159228
163950
25319
176062
142232
133167
145528
105772
189901
125276
49162
42799
14847
79643
7724
136769
135870
59967
41266
54490
183503
130887
172722
123302
119705
5142
64489
188700
97047
72450
122493
119510
105971
36382
50722
171791
98385
67588
62502
381
76443
172721
180129
110669
37215
170237
20530
96896
172585
157136
166413
65475
168339
128813
156395
157756
51140
126109
196099
187730
158275
139974
58302
169779
42193
150095
15086
57809
93901
151059
53079
130101
85629
22507
125066
97049
79873
114465
195929
29
30397
93085
123938
154955
108833
135030
49078
164380
142272
139612
155706
104014
111977
169304
16002
101251
68021
2018
113756
127031
68270
90916
144896
16830
66482
170252
98138
67983
164891
117896
28657
106797
31144
10611
4114
141820
82754
116882
84996
67219
100335
7484
109649
166673
121824
54873
5556
107581
23343
119763
184801
79423
179631
76536
3851
186461
87165
35651
46928
94274
15483
105148
194759
151422
58034
108632
17803
195353
33836
199468
44644
66923
104209
33741
47747
117121
149224
18699
144783
64688
146844
184332
187050
136876
132907
46250
23116
146924
126027
121331
158941
113171
34798
143140
23263
153768
141100
126202
64730
101768
114225
144226
125229
161890
196479
46276
56448
51581
199168
78863
29917
112718
14407
47793
166340
147166
13291
36277
79174
7953
106451
12156
4041
82164
192077
104397
116789
35207
50618
187244
149309
141986
51806
109664
4104
121518
5249
114687
85719
183568
117700
21501
142127
120888
32350
17317
134056
172494
105717
81055
113193
152944
40821
51641
131833
191897
3908
199844
53121
155679
126735
31800
121275
76006
197955
140920
22186
92428
48562
96076
130871
163315
34458
129777
179126
14913
65898
125894
114555
154732
53687
191336
149286
125650
118230
84445
173647
192143
197763
24247
109736
44902
45870
94912
117938
168242
94709
15973
4979
47597
33566
145390
185847
20328
61746
42142
179179
48062
78497
91631
185666
194982
28237
116403
87374
92756
89937
176789
110505
178699
82944
93092
22830
127492
115960
186823
160345
98380
199757
187775
99387
85514
70748
80525
58914
28283
90093
71508
181148
158216
46836
194177
17024
107075
141370
29168
41269
67227
149269
39374
33453
2338
75469
80113
45649
60689
170080
147194
110070
180882
97188
194966
1053
124504
42691
59289
106932
186703
36762
129685
58906
2534
3057
182971
65740
154299
95022
118631
111225
72198
131449
126967
111468
163606
43641
107569
44124
184223
154233
124370
151197
91608
171844
143226
178121
1986
168662
148368
41851
193160
56192
112303
140461
45808
187658
131079
105666
93168
69360
171074
132416
144345
129660
159050
66053
161962
11824
190688
31070
53640
184981
95967
189473
122803
194241
52078
121812
47638
97525
169239
1672
20771
119401
26191
195479
146418
56988
165665
15743
43988
29080
141833
123018
170801
26757
187849
53909
1878
143364
152544
40571
183281
81524
64343
37544
69711
70329
8242
48703
193035
67171
116219
194426
158639
118768
30440
82659
176446
49341
69306
76270
9757
104191
18804
84243
131359
66886
181399
154336
144261
106245
44349
35578
168186
34049
36204
34515
168552
123973
130248
9002
117803
153834
91773
143716
32944
186798
49811
155168
96794
134008
127508
51706
187239
78256
9618
71542
48593
127348
49601
32191
82336
193716
70619
31087
50352
189532
2251
115855
94853
152191
150642
108493
96758
22112
69275
67214
161965
50005
18340
147851
134282
160688
18248
128631
170948
140115
108032
12113
116214
59477
108408
46721
195950
40118
53176
150507
33897
136760
195383
120977
195980
19316
152911
94786
138654
53174
161325
52467
76869
104393
51548
11612
171476
125410
127159
170379
82971
89936
11816
81419
22508
59714
105263
124592
119851
126116
103597
5596
151078
172220
132175
16452
70633
40896
82774
290
119797
125782
81858
50671
110275
178484
2876
124410
129063
148043
100190
20068
79458
10531
84586
47608
159466
47521
13143
160476
188330
199905
73442
180510
152075
1004
71344
152408
48400
183193
49545
96002
6054
88848
6112
69761
52366
175990
178073
99131
89897
132768
9040
124109
193696
151961
37606
195447
85708
193069
34366
118156
118928
181509
124335
18741
93584
70029
15650
132969
139148
5391
163424
110720
169109
127547
143810
184513
78798
169776
112742
84082
189501
6015
121173
13364
46844
139572
77403
43098
154872
166012
165079
108080
196934
56535
101156
104667
158200
103096
44264
13605
5595
65999
137075
124010
11850
143094
58448
44666
181720
31798
164053
141430
123756
179649
20793
122512
195648
103195
190525
94544
24994
71790
96335
8564
118195
137538
50062
106525
5670
197736
84380
169356
64322
125697
62988
16396
58462
7630
141900
61813
59341
33409
117276
104355
81457
149983
16388
40121
16694
141236
142222
18753
42387
77
1928
113642
70916
10543
140252
160914
124286
112312
161355
136883
150664
162472
134320
161324
167802
69618
5741
178706
16826
85191
116195
16611
91291
68603
47785
47229
116338
51992
120792
20742
131378
25531
125845
21338
180969
139494
3428
114564
53089
150983
37843
7956
127230
97368
61429
165170
17649
85271
21315
159106
160670
138056
65680
101783
37604
148359
44337
66037
846
145130
145619
42140
167915
161533
230
112902
183149
91778
167321
38611
59333
175369
75743
53925
67083
60626
165658
172196
85713
181055
103391
11860
145761
129616
194312
193224
147385
146650
164505
129575
40718
156048
53808
115725
139643
172397
14200
130812
50326
128753
38321
126507
112729
15956
109775
173867
156409
62000
77566
72650
62454
77892
22358
91241
150744
180316
62357
93124
24127
51306
189410
156484
125026
67068
180091
77548
163534
196359
74236
128403
100047
23699
120771
26484
93495
150110
195028
197627
17236
166226
32706
89025
150007
49865
23569
89962
84874
75418
179919
117310
151070
146507
197243
131653
155740
130260
171936
136030
76637
74262
97485
143099
67271
195836
119362
157996
178423
152388
92053
77601
88610
98243
183387
11025
101870
91572
127000
176115
97709
182567
10290
130503
86995
60230
165683
25923
122074
77713
84712
55123
182616
43941
77746
16285
85705
102436
141119
135915
135765
101868
70362
145563
173176
176973
26902
17947
38770
17907
186955
26547
111884
36556
25207
131470
20078
127791
194919
131461
163975
91812
34772
89277
90505
134048
188183
16010
194885
166646
71861
44764
81660
35093
35954
55440
125632
120157
120979
108954
123540
151787
182066
44496
104106
192179
194667
125482
120118
149397
123672
164513
84681
82749
112748
22988
39490
28126
146573
153484
103560
159123
57401
72010
111050
185542
105985
176383
33466
111105
149282
185720
154940
96682
160143
115026
59353
133345
155053
125821
44394
195045
120433
141793
107766
80121
138241
112732
3911
72396
13541
123385
174514
35218
11452
108923
126343
57321
85791
25414
92637
33070
45879
149026
143469
46142
141947
168528
18765
38362
54584
76217
121695
101369
135239
4510
126098
120700
134996
35070
9093
35173
124883
30646
44405
198063
8675
15667
140213
115331
5651
46375
158688
112306
25423
27141
69086
79966
103776
105008
76994
174597
177365
19987
137432
69849
178758
22912
37067
162058
148573
137184
111211
103969
181721
43015
44211
2495
198840
29445
97197
151975
79273
143560
114664
142637
119828
105805
176810
179860
70666
54762
76417
129060
160751
162428
178433
40966
139306
173285
77755
44362
76959
177483
116648
132
89689
113659
166802
20593
98170
197971
79277
45202
76399
8550
4075
99210
126891
76846
139557
127612
119050
98085
23068
188535
193341
180282
28315
36453
72077
10963
3010
102480
159342
27390
62131
3253
167200
120570
173917
98391
47220
40842
74538
137610
71768
82664
23833
83369
17556
41898
141059
13804
37016
1682
23060
27594
132186
151701
160725
198375
47749
109238
130612
101024
45059
26724
101272
160374
2387
49215
109382
113556
132914
42650
18482
194920
139333
89114
196869
192545
1890
152678
49394
21215
143888
61182
3632
72998
100526
90852
125853
141428
34126
177704
53635
111423
96928
199938
195467
151390
138982
64822
198682
1555
127409
78422
166068
186686
84788
41865
180526
34159
178352
192292
73828
52932
52351
127428
122359
103875
15180
93038
90458
143139
88900
100814
130219
184788
154450
26750
83540
5545
30248
42327
28445
185572
49467
158552
135588
26778
138710
118934
68204
26452
9700
157328
185670
64842
180842
113353
49667
115604
84181
32321
190216
173953
98358
149969
69416
74587
158933
13401
10018
173731
182533
87206
189904
38889
68561
61323
19010
33170
128882
144471
101339
32263
199223
157185
117823
127946
125898
93568
45509
69713
116028
179682
186633
19323
53833
63863
111396
105611
68882
122227
22104
71290
42124
105804
138692
116711
48582
57041
124182
109975
181013
114553
57502
65566
164365
98554
51008
112864
188919
29335
198210
39551
195553
92812
189190
199718
100978
25967
181957
188419
179741
86721
96406
163460
67548
154779
54491
180812
172145
118512
18411
190046
69091
43432
98500
27236
144600
69143
83136
71671
12100
196967
66090
50290
80115
194506
36384
50170
17299
86381
50832
152800
58284
23559
112390
35735
25436
86596
39703
23069
59119
105664
113329
192743
170014
40836
65255
9415
17928
66497
27636
6417
197063
144545
191327
108435
34974
42284
94614
28252
50452
197403
52596
35185
162295
50474
68332
45540
140391
90062
126782
122343
34279
182173
83803
63354
33701
56922
43696
195609
97121
4345
146586
174545
187819
134188
151219
107839
56436
84697
64357
70387
34787
82608
29338
172295
196160
139469
163440
148158
185609
183749
124456
131396
139095
38134
146718
78278
65779
18211
5839
10651
46876
96206
164631
3559
72779
41680
16998
142634
114615
78677
75155
146880
26892
12628
63423
3385
43481
80649
87827
15876
124173
130053
72867
118158
77148
169747
27569
30366
92624
1137
125467
124988
188230
102856
78334
134022
80038
117035
167770
191472
93665
88608
36554
173490
147024
17897
64559
117388
118672
171431
10089
32656
60222
61741
19025
61274
186077
18086
11506
114756
151536
65478
54948
123600
165201
146164
19460
125596
113408
107230
158397
28204
25945
195566
71838
111888
113562
162390
121932
51105
158455
163619
105135
184435
101817
91782
71330
99276
131890
45253
178794
181616
151011
119068
14232
132810
7649
63452
44994
139788
183628
23322
149156
169111
89716
90902
6006
96887
163272
121711
158167
110108
13176
144313
198681
58742
151770
77095
180241
196393
136855
8465
2307
178017
19077
136279
93511
151264
130643
112309
159279
142150
166065
48952
108171
79978
101819
124652
112420
155822
87063
138809
170515
123635
196492
4561
115041
170480
72885
59043
8715
92564
157895
171673
189771
198231
38069
88763
119712
33821
144407
140440
28591
66658
1365
143304
99340
168680
16113
22212
97814
161982
37166
22401
161738
139699
138734
163747
91719
71587
90919
142008
6643
166729
97418
193959
2513
69600
48713
25927
199847
2951
100851
19680
20460
141525
170452
151791
116065
2803
56617
188378
150588
117474
77159
96959
24201
134204
66782
167836
108496
197501
141617
99572
103908
45139
156224
184504
11884
124073
43737
137566
51139
9913
143208
151412
133384
81326
176197
62866
139317
68402
50819
57195
154881
197223
21396
155606
12679
91364
153238
32448
33440
124984
158325
117710
99936
46219
107305
129305
125792
166424
16600
70461
130416
61609
120395
99615
92075
199519
102263
158341
57741
48094
182516
71610
158608
164481
23075
118648
63849
25866
165218
182588
117630
12368
34797
94366
128944
95635
43881
154942
150541
190027
41611
31622
143071
165164
41305
129551
10842
32910
177032
93627
134163
69001
172674
93059
16771
92818
92603
146830
426
107398
109189
87106
96814
142117
146341
106739
106198
164277
49636
172809
179138
166288
147555
59041
129089
12081
183797
28403
69150
78473
28234
21903
72892
7446
6330
82880
45407
127713
99066
176834
18521
134082
84822
22428
44853
10506
189472
26595
159235
92749
162417
185354
197988
189077
111520
116628
173310
46856
70205
78655
96183
196384
5229
48775
193222
167870
39508
65848
76563
111948
83350
192465
46570
129335
165403
129532
133153
27862
36707
144514
180973
140837
139675
90533
15831
68949
167195
14058
139232
76173
105605
141006
63885
93045
175536
79691
174718
159221
172202
51373
9903
142808
94491
174777
156061
123089
135255
126658
170111
7931
109880
103109
98823
136288
12079
163898
187843
75307
150210
119474
12573
90683
67562
69
61583
178714
158413
46461
171692
159236
87646
136755
78566
169954
76929
82931
25814
119066
167956
11400
23598
16809
177594
99603
15376
12283
149138
105235
15433
138526
159530
120371
31127
115780
99445
181124
192712
186494
183634
178819
68088
55743
50248
18723
22472
33022
171666
14897
37765
57666
99614
52433
79109
186652
181214
135016
143080
136559
144058
67857
134270
69186
123825
32577
95715
16343
22326
75720
41645
54009
172752
49345
192035
12972
186673
19804
100241
192909
34392
198726
133318
36462
47073
25327
36623
120523
147902
109675
67065
62745
38465
69328
127847
147622
43333
112086
95470
119274
191551
129788
52181
192534
142497
114174
196488
173724
22219
189028
190187
68726
44975
169137
35695
117301
67024
109980
193508
189773
19670
178237
59584
119914
172673
162863
130829
42141
187393
71163
44573
127209
102852
3424
13962
38532
135312
176770
59830
70763
195851
15329
51396
125723
187116
137309
184497
90621
27028
188449
125208
147415
47655
196267
69137
110015
100706
118483
21831
22003
163565
66644
190575
198910
32947
80545
168966
26615
177906
133979
93703
64073
32549
145576
162051
106686
81358
115886
172969
140593
152809
171572
44662
96558
137989
79016
95920
138741
78980
56861
100417
1055
33491
26026
67040
54194
139684
10459
190128
175590
91096
114322
58929
58230
108051
173204
24493
85507
199615
3668
111673
150265
171217
189351
101083
12203
51436
3078
157377
13044
8574
152268
13071
154498
74595
90253
65916
159225
143043
106777
165826
140051
5724
4304
100230
140429
130447
86297
136085
106844
85857
2344
142283
68547
65734
61700
89720
125261
42202
177686
137188
60610
145914
77296
1522
69921
79441
181172
128399
82504
132381
4914
1835
49604
57323
145415
61718
186372
144737
184132
73197
63933
71177
85130
129587
151629
27290
77029
166013
178430
43343
189444
33621
101431
42511
35465
70323
16348
148054
183298
40286
81834
95270
88210
69381
23250
93980
170646
21005
45190
2316
46360
124388
177710
34002
68770
30433
52655
27025
80305
29234
20131
122598
168444
86230
99045
103848
113165
92235
22950
21491
6579
132191
138928
126302
40341
95783
170686
56297
139835
5886
53733
33953
12407
120362
157547
126457
42130
46136
28951
23610
109396
38436
181012
29370
69597
54409
57187
45303
185718
177187
3796
85910
171577
183099
119140
175203
39280
68077
60122
122347
79634
152546
23259
87790
73488
38535
60829
46919
189935
162651
95442
103853
189749
159497
8425
72625
153129
78079
42008
115852
58999
2840
16870
99384
199778
2081
39520
119991
19282
9148
74893
118545
56793
16052
101143
54137
44186
81122
198419
142509
92860
40421
40448
8864
16617
175177
76200
180405
26485
56867
52532
62339
92788
158181
48868
126083
82739
164566
63047
167807
92377
54937
10754
134568
183781
158035
180387
43210
74768
162805
80381
189875
24038
129863
190385
34484
182786
68645
64233
145328
176122
33214
17213
91815
74188
101935
117379
83839
16341
190109
30124
198135
85697
177758
188691
106830
47991
25669
7887
103912
115595
25459
72001
56549
131040
114419
22877
52910
196491
193520
27059
116235
145421
72817
38800
28736
158576
113473
26405
21397
40280
138490
46594
123459
550
12309
122753
5404
119408
174098
115248
139388
71808
133321
7591
188711
82118
77532
159760
10900
11550
10403
122576
113302
91480
77638
96786
85411
38608
36547
105367
78321
117230
84166
38035
134785
199625
183976
104232
72273
27802
29610
155186
71777
21546
73831
189061
125483
15493
107845
20315
44292
97942
87001
174138
129896
93686
75367
93171
94551
172439
18186
78121
12289
189621
183092
27033
13424
28644
197700
154124
87549
73303
6835
82694
67248
64402
60888
150879
74380
90070
50513
97703
24328
196324
31368
113743
198169
191895
132337
25450
172706
139760
113672
142005
38636
69127
179201
62288
74392
59045
88532
175357
68556
146344
26447
78414
175433
197064
179058
102083
153100
84543
103298
99937
149167
3119
163286
79040
149720
41800
25124
54992
110190
61191
108141
35502
171346
156745
83968
137834
89518
111970
165479
35615
58013
57698
23149
18450
43355
178980
17653
68723
169245
163069
11545
168344
171803
11875
96702
129990
191876
160297
50850
191684
194674
143788
83308
117022
91972
19756
130226
186772
147534
179206
47634
17113
45832
99122
188638
66765
144138
86578
199721
88030
6955
4897
187783
118055
44061
167764
194751
173455
110330
57213
193693
183667
133302
141101
45723
29935
79618
61318
171546
141317
42698
41472
99333
30335
61812
55079
85818
17784
7064
15242
183419
62823
154517
164435
92383
29804
163615
89593
44982
76085
141595
44874
19921
119906
119494
196107
44206
115119
7949
72763
145801
86524
161593
177100
111082
49115
106602
198406
108492
66669
124025
70788
28433
73561
53189
139373
50415
175865
142458
57033
185226
189673
174145
52015
83907
165390
182305
185323
135148
64986
112282
197584
92786
891
60603
168719
32167
85389
175542
70463
155307
118204
122003
113034
21012
7998
187726
173778
36119
11804
31948
169795
25764
13560
71641
153374
139590
45925
68187
127674
59835
2544
110740
29893
67374
187927
100255
14898
153758
121713
128707
22923
17014
119681
193233
187475
196876
124488
5702
115492
13902
183576
54985
15588
54725
6972
105321
34469
66154
128014
104456
6243
146290
81893
19776
131312
21427
113717
74543
188848
175758
54205
111783
29088
53379
76655
157237
158291
166136
148757
125414
175984
139084
48696
199034
161425
91986
3115
55581
56845
169649
171143
110958
79257
31729
23017
139464
179597
15445
2120
73596
118520
131387
149608
174012
81213
120369
68188
28735
18010
158109
164650
105731
123539
190852
48028
137505
196814
35544
41179
46753
21473
139104
136540
161279
30611
82988
122243
25103
179944
196783
81081
183947
52179
17154
58096
48796
126773
190967
126273
182594
192857
102700
117936
4884
191136
66076
157211
86418
146588
77993
84941
162034
98833
102559
183795
105292
85108
153494
66783
3845
535
74746
22751
147957
27480
145738
20307
101934
91755
78731
111577
16218
155702
37423
21483
105305
127486
39660
174542
190307
195293
38569
142832
74301
144455
12788
42990
115493
167727
128
88059
199791
120082
63249
23576
139898
27305
150463
42392
33147
93937
18911
118490
199243
135876
35464
177183
154110
88397
131596
126329
116248
103491
150227
69646
148364
108254
3432
145538
175259
54400
159617
120716
77739
24964
90513
170881
79449
85368
164602
121795
130080
160794
142537
13501
30343
17367
181598
17999
39409
28394
164370
101576
86532
112630
195354
45429
61355
152099
4667
56205
68479
167108
83273
36394
26261
148578
57777
51812
173759
146976
194303
16742
142079
129505
71857
41900
175062
44326
6117
139188
95405
33567
179492
25828
131499
101244
56097
157955
118232
199510
129883
24781
18149
75554
103269
49909
58971
22286
153787
161942
186325
82019
30411
113822
65833
80828
90727
117189
23084
19177
18577
14523
118593
69102
176924
8298
181656
104265
151302
164280
106915
56142
61825
190600
129407
27220
114077
9920
102231
81217
7437
67184
56260
165194
13324
175207
99322
106665
135080
122732
107077
127719
28587
85550
139677
172550
8408
106345
137984
39355
61125
63876
122777
40932
196825
129734
171020
144419
178831
136330
97309
92810
4848
126068
74037
21297
167379
100422
179353
31027
25713
21145
65715
47417
106982
35090
130151
1578
132737
26445
100747
127440
80824
68969
94262
65096
37976
193388
65828
10359
135166
99008
21321
10142
19821
196101
42794
143221
22235
125784
123844
166371
166061
163167
90918
85993
30920
73989
50032
60120
9136
87405
15440
125939
183657
25981
156747
14386
152851
169572
97482
38257
79904
175987
137793
91288
192487
29146
154835
116093
82698
1147
15998
152287
86345
82012
23391
65834
177772
67653
101005
16708
55623
160969
167579
16046
34018
73024
124234
59609
186752
6110
195697
156424
191913
84203
74519
13187
120169
184920
150359
141194
172193
86923
44600
181581
169957
171233
460
147775
61436
35869
170429
77013
168826
179906
28301
124902
64271
49850
147525
49476
177867
111164
4231
156715
124722
13391
8603
10822
132524
37
190352
34827
66242
142046
188648
104258
19988
150476
22903
165920
36624
134322
131167
97957
164374
19082
95544
89258
173784
17280
62435
74671
118480
168067
85917
117090
57452
119966
31131
60862
41776
8435
159002
233
198243
94487
14657
171075
142436
163436
152726
101062
140060
51254
121522
25852
46045
12759
121373
65149
149463
117875
117621
90239
14656
65979
72669
130000
161812
50396
38266
147994
12236
32061
119264
137500
68337
162806
137807
117603
170544
59404
27011
76049
51100
142996
92301
8610
62264
36583
140838
15762
42026
150122
172463
108349
109031
161813
198652
95848
3281
2015
191605
174149
162202
182153
173832
54166
21816
185364
130130
97844
168548
145057
64170
8966
55830
191358
152855
42992
47920
167857
57536
184576
50659
182417
124895
74088
27239
51982
15531
111271
54904
110731
139440
41035
145212
40059
6558
180911
160679
91377
146095
195613
124855
172879
167847
29687
149562
8548
36879
65529
176699
186474
150523
51487
144331
142075
193304
144643
167470
30243
902
47606
116886
47694
55335
89053
193331
119732
106307
197261
187067
196129
33972
8890
185721
97236
23313
135452
136025
33828
183569
114484
100049
75264
6283
16070
168663
159199
38899
133956
102128
68380
19553
160082
173880
164720
127353
20584
117519
96908
195429
137488
188860
149998
62031
6012
50357
177609
192683
141939
138708
160508
95220
149908
9178
56648
89065
169063
22049
196745
140607
2606
70196
47971
175066
143212
41586
80747
64603
148360
89359
176832
129118
124262
73481
194679
108303
190300
40919
167941
116730
52713
130708
197039
190433
100317
163525
120710
35285
129226
166890
182414
191492
52947
93515
146690
61945
22122
159217
24733
97741
13937
71072
159929
144883
44019
155805
54770
137655
190501
191592
30501
48843
75005
168285
17032
135108
164767
198578
109486
21243
40000
24039
83555
155682
2306
174998
71644
161591
55714
7027
1074
141454
4954
79319
191951
57423
88805
173051
109081
108734
102159
35400
34125
66932
69053
135019
46419
63059
197128
129563
98908
146071
182425
17005
109688
74949
72614
99132
62159
91917
17452
142229
74160
72368
94459
183349
172603
77894
72448
60460
161800
193681
129771
90315
126495
121483
163643
140798
92713
152153
30591
172817
183637
174035
4724
175017
45434
14434
193260
28035
95335
102665
29291
117362
117586
166489
64630
59395
168145
4464
71327
54203
44388
184862
86272
75607
50220
192535
45742
159053
48329
177026
67670
181822
121017
104077
158595
167840
21526
70309
25566
112308
21643
117713
180068
180420
99867
143314
179511
24624
148333
179618
146595
164348
139055
30282
111938
84714
190455
147364
156572
170653
29945
184321
32568
114243
37608
146674
32895
185131
40189
197561
190632
70496
21294
133967
23480
65466
3553
148286
96110
155809
104445
108974
137199
91278
65755
79355
169968
104343
155298
59761
142158
75722
165336
154318
128955
30803
96344
3274
147901
99441
93982
157060
176573
158809
122419
22744
41906
41551
24056
85179
104369
11483
152271
184775
163151
194772
59217
138545
91407
162398
81785
52913
13282
23631
34950
11835
161941
13769
104117
31192
24825
60330
173941
122809
5071
167533
7916
37450
25930
162378
117525
19701
17967
122733
193036
150992
21787
132426
138651
116891
134922
185933
8423
140668
28584
90869
160260
124189
88711
24635
175688
67479
87841
39726
187086
11362
58851
145258
105501
199869
187964
14121
29148
43318
87248
9412
178524
159984
100073
21761
62838
1577
118940
126162
136431
33841
160412
146587
106093
64690
134053
170021
42371
62515
51986
1501
169734
177280
168559
62936
76524
111286
186195
108221
18075
10839
33507
39587
158823
121715
150638
100075
12536
139546
71663
35405
151466
82876
66527
134462
25746
112924
70155
136063
13013
30338
24859
37136
59376
6403
80272
119583
184391
194490
76810
46934
238
49122
32206
73720
95080
89616
156936
162509
164178
61273
137134
20396
168296
186109
67877
131031
158647
76731
109208
160482
26397
39770
53237
155930
36568
190059
42762
96881
120916
11152
10722
158876
103159
76344
176316
55535
12929
111151
89079
179096
171479
124824
130792
16303
140989
62982
84479
196306
86624
76235
57621
185846
70859
153994
57885
122280
79559
64637
115131
57992
156928
70660
10930
56092
41363
132900
17882
163276
10047
116388
154805
132919
23011
148851
53830
67736
49342
43652
22716
106163
131796
113088
173044
75960
90502
68072
68100
193525
103419
194215
179304
148744
86565
126140
161559
56611
176283
196759
67811
176381
2987
30801
154424
64981
142641
114386
198612
36796
127322
109888
52279
52401
21894
185056
121156
170382
89373
20991
94711
176910
41334
88419
26348
32719
85447
19325
23459
124288
104699
32979
119194
77379
191671
22184
99543
176555
6487
106462
155953
113448
1919
134367
39094
81006
22206
195598
116260
151792
147229
124042
143414
20791
127895
96567
91418
186237
114065
159480
153677
67716
108961
196546
181524
118564
75231
127745
67235
192954
131594
100377
29062
96849
192173
76632
101306
197958
198737
80713
115086
148813
115868
5336
16733
79817
167714
155205
135711
21598
109439
18082
196908
189743
121066
55817
7654
129189
16403
30368
25376
130332
117694
113138
87619
71462
182486
170927
149728
148161
174483
117833
129494
14508
135506
188123
191730
179854
173276
142029
133741
110038
72954
62283
96071
142579
36668
142368
95261
153810
157448
24065
70986
196174
25736
133434
73533
102942
171158
85793
78465
62912
40444
136450
44897
142228
99798
12900
192706
165706
15871
195405
108967
152924
90094
143247
54005
161274
173122
144518
134142
18734
89529
74018
135739
108065
127327
47810
10083
45271
74096
46239
72965
114577
76468
86737
81553
134130
114992
157760
104595
2114
153645
104352
37194
46143
191377
196540
121951
88035
177060
24035
42084
79136
79494
3458
151486
154692
155654
139602
126754
125582
18128
111132
59593
82583
190254
14712
149275
47515
182628
171632
8142
191460
45215
92641
69932
46009
12688
99435
99228
96954
37631
96536
165784
88281
122261
27078
160287
3264
64796
138817
73649
88764
152212
38634
183890
162871
167757
120242
184301
87396
55187
108640
89605
129570
146648
11358
18605
70016
78470
111309
178177
193195
43312
4393
193723
161169
4692
115841
153567
138534
18620
110453
112802
78810
109271
23186
81793
141263
71767
67044
104936
69801
170732
122498
152416
11971
172055
39183
62739
193300
139657
48534
19129
122059
64973
39686
133723
118544
195195
86316
64096
191463
71182
39734
91735
142752
174181
39097
59154
26243
141235
191390
169754
19019
159389
175338
5826
123145
184277
167572
147499
42936
38252
98861
26897
134509
120080
134258
170073
87404
113982
123235
107875
8714
139689
78325
87181
163018
170197
87414
30887
160728
68570
94280
28978
154008
105133
146004
116902
42753
135563
22331
2705
7367
134959
155661
151994
66002
2219
119893
127701
61539
54314
40597
158142
186482
411
111924
90316
98155
10067
111712
38549
59292
27309
103282
130462
143907
163774
100515
129252
48769
178048
198712
11532
141070
86395
45580
55194
86963
72893
147544
177054
125017
5838
91060
139545
191266
46803
126698
168276
176697
154627
168943
191072
92996
2765
124972
40916
171061
46989
186218
103979
8665
114143
151908
138190
187127
109162
91433
141547
95090
141581
125134
48123
121002
121657
168626
2183
137525
131530
47276
184960
66428
160606
103495
127856
9176
77171
18414
106517
164965
177216
127922
83416
188803
145943
193988
181053
176930
180621
138799
187105
140455
51565
178456
26667
39155
23145
159940
183423
162534
84730
10106
163637
32843
161044
178702
44802
171427
73432
814
17421
129804
82024
54856
54548
10318
3596
128908
172808
167430
129674
20300
78095
109752
176763
63809
90923
132112
162624
37687
96764
90378
137974
63651
135529
67695
73404
109592
171611
138255
128357
61153
60747
657
8201
197242
177044
199876
92019
184975
93905
141233
8807
26182
107223
174738
73280
155941
139030
58763
164867
20520
31301
104748
182264
62086
197069
4309
82913
150015
109709
84661
1039
52870
159548
22555
32986
101741
184521
154053
154338
21794
189018
179242
178219
88344
85444
137087
132664
118049
183564
8024
64370
47472
83657
66173
133629
193722
123216
97021
95048
145295
170769
68365
87686
104444
194671
48575
39238
48041
74686
105299
143690
33342
6214
40536
135434
12519
45679
90791
40451
119266
144724
8799
165834
42752
169317
185086
181714
84404
118223
157820
75356
9291
77354
38215
57313
40885
26619
199852
124125
46649
65721
27354
130438
173886
27129
114380
69329
191228
24871
148260
105832
136161
144730
116787
69334
40686
45380
134402
176606
188945
106831
42499
2361
108690
100287
1354
175630
186490
42426
119927
86043
149834
18536
139946
68068
122277
134609
127748
29405
146030
146138
110274
59850
188833
133176
41690
22724
42743
83214
125115
140353
175077
193293
163009
115672
148623
26412
85529
137499
79333
115998
86086
175272
196239
3261
2565
23849
45268
127700
146694
4492
113017
194395
22662
154826
197236
60412
101671
145695
106477
64057
83003
147483
120733
18054
132467
25794
118257
11495
69658
33558
15499
69771
55972
141407
127082
87587
158294
144674
188284
192131
39413
87149
174276
71911
72537
53397
59152
149051
115287
67266
105358
191152
152419
78882
45740
194999
165872
192884
71088
84177
99556
29042
144078
17482
183256
129148
38879
166712
187238
152719
31881
36380
122836
172195
193944
64572
18724
139006
172166
32833
92297
62115
118647
169289
35461
114478
73505
187035
109958
4861
74552
116255
74520
9965
38435
99845
54017
103567
35101
178735
72267
89908
100483
103417
96305
11156
130666
41781
59355
102509
174230
51224
121769
154529
192830
49386
98172
19149
76772
78147
6924
184932
124389
5979
109774
192722
151294
48446
196700
12099
87998
108311
111769
158873
138234
83843
122815
160165
98932
117649
188076
36919
89580
185180
188732
43160
166713
195485
30289
175749
50087
169728
158674
197462
151928
139272
97681
38354
123143
74582
144868
83700
74736
23772
40342
83941
169784
177793
104570
156251
83944
133346
194649
65708
148270
66730
129745
80617
149627
155141
92182
167543
82129
167082
197983
123601
130180
113707
162578
89546
76071
182199
74010
56527
23324
171447
100375
3316
104376
124633
94857
180010
154277
72169
137240
158825
3440
114535
152193
104228
175389
170612
195341
59464
122581
46534
114453
184933
118365
114527
118974
126164
165427
196151
85583
183397
27961
168350
5478
133328
89707
53191
63421
7718
66564
110440
9825
146374
184302
141393
71803
113558
110080
185717
131379
125417
196968
36173
33822
62323
117740
13974
155635
104203
47661
87517
119086
5585
148308
149347
131106
161483
6742
181358
164098
7693
133110
89661
21175
23558
101848
175256
89724
196597
170447
194272
182813
17713
163973
112007
108361
36111
99670
188434
21866
18440
146581
140702
168784
34627
127682
29725
155895
175627
58567
31377
193351
151615
131769
44045
181583
158532
3393
5681
81596
37499
155968
64243
81605
34548
150192
189287
32111
81852
121412
144822
35765
94007
74541
117766
186927
124337
11359
54498
156895
31169
1523
134897
55933
169971
136816
79124
93737
17355
77129
129889
163568
3992
146640
69410
65820
22761
75804
23794
62962
71650
89393
58836
142870
42185
33109
162484
14865
148548
66311
75156
147177
48748
116906
151852
99405
61714
10780
32680
7744
145337
13293
72294
126154
51881
73423
62944
85649
36680
195029
145861
3241
183769
62343
136483
105232
81836
63798
100721
179062
136255
33865
111294
100033
97178
85536
108262
176902
81703
92028
174912
34629
196371
96846
70142
153929
33480
169057
72704
157822
25177
14013
189114
51246
65555
132537
29615
108716
41089
30795
165596
56383
26788
115797
189107
122535
183621
142167
113713
138728
177229
157214
675
51378
152468
50940
95793
128965
128517
161789
181119
134598
123515
5223
6895
24591
158160
30055
194384
74824
145324
118744
145263
68064
24685
75882
9879
40606
16196
60441
169522
157482
178292
195119
119298
58119
25208
55446
46080
108003
78870
54610
163201
29641
165858
102366
168891
19016
32443
157743
35548
24111
103466
47508
70715
140677
148992
94613
28865
77571
72628
59050
64997
87747
55599
101434
91642
158842
104531
25271
190495
69058
15770
122247
79344
171467
113879
130717
107598
102193
85726
189596
152056
148864
4616
14263
54383
75825
186417
42134
95700
50792
93143
167871
24451
141593
147003
52057
171658
14047
198672
175792
136929
50344
41459
198009
93479
135548
138422
198730
119234
41048
57069
37303
82817
96679
18292
98365
126435
188013
77353
74382
67703
130305
63084
131272
14398
98118
49430
139708
10627
35991
96276
3790
37556
165767
140987
184214
144720
30782
179700
122991
35751
127015
151032
106662
110433
36249
90823
170956
69586
172296
40561
42220
176264
43784
188987
139901
191214
177486
45673
109378
189133
110474
192414
131694
129042
39661
30188
5479
190685
56076
188924
51188
194117
129177
56746
178494
19708
77939
25270
194535
21995
147089
108160
108820
86449
10319
67153
193866
170647
156239
141001
174241
37996
64147
33169
9499
136169
122469
72707
92276
53443
117207
23325
88540
49326
118600
60107
31324
75069
110368
139991
77108
144962
178914
72190
36471
120884
108225
176878
3965
150346
120498
146502
134585
189427
56838
166479
28778
82468
20072
65179
109283
43176
62889
137523
154449
23635
138797
128256
149052
69105
154535
177967
165149
167923
64991
56152
13032
110482
197510
9351
16414
198201
164961
1573
6475
48966
93354
39274
61974
82068
194060
25188
88103
195698
191208
172798
50244
128235
17931
145958
77691
131334
159470
185112
94547
51197
66593
108969
199535
48572
35103
163304
61774
39718
25884
46967
181840
162190
176126
42118
26499
91145
105151
32029
183736
68661
50647
26964
44176
24315
128637
100883
114561
120292
107117
191666
134755
51347
106042
16368
66515
56015
156640
48362
9782
85951
176019
109528
104487
166892
118429
170271
27478
25822
98804
143672
65991
114335
191222
132017
111231
175697
159765
31507
29771
184229
135554
190063
24987
69067
2354
28523
177990
146084
95826
124178
98517
84028
164986
70938
134793
82289
115834
121087
112471
131147
172548
182775
9374
198845
87891
157032
125274
21982
168835
173812
42319
167809
53483
126571
19884
115778
69850
22905
43979
120844
62280
50012
85863
23883
45622
181596
167906
93506
179555
124928
54989
20817
67698
17876
96246
190878
50008
119141
178923
14158
126572
116666
180214
68635
176418
179456
7032
2873
159293
188943
132976
34035
121073
16006
194737
142328
12468
104672
192902
143412
95032
137550
180449
76117
141895
152132
198356
65143
154653
195369
133818
86276
46307
161056
136132
176067
78361
186854
88252
52766
197076
59061
114122
126463
103289
99006
89975
140637
177971
25279
128607
103504
38277
101194
135586
195044
164673
37533
160444
97433
50039
150608
127112
196075
3554
125951
68768
151297
21699
141744
195060
47618
34149
60463
121979
149565
10976
16876
109806
194640
49193
79520
115969
129138
6126
140033
103639
22701
159326
125216
121495
190441
51400
158754
144240
99691
9340
160785
135975
71543
62721
47713
194052
13080
23656
72552
30577
523
22833
195026
62960
22783
106993
71421
32579
159990
105647
114277
49058
75223
123129
158399
79882
180186
106099
153299
23773
125895
33442
155373
169808
122999
79296
55650
117841
134711
169152
183143
131366
110544
180274
71680
99309
105180
14217
52413
107108
180076
6642
96361
3258
112467
77559
165289
98434
72749
157472
106507
86703
59969
25115
153680
52132
125191
73797
173180
106652
69777
57431
103687
174985
92418
152858
130232
62341
148537
170773
106359
2138
144297
189726
112426
189330
196810
6640
126554
158485
178336
181096
164918
135786
197075
34538
135262
25689
53917
106574
161910
170652
162260
174946
38023
62669
96899
58205
26037
41208
101725
147363
132594
101023
108024
75283
43636
63714
84168
163620
86169
107996
76428
96880
188160
191190
46275
158427
548
136815
90224
114596
25986
174498
43005
79272
166501
101981
142369
104460
144820
110810
20891
86147
85843
36226
197824
44834
28341
116383
96532
175464
71253
105048
67666
67326
123512
52356
19936
128054
39750
70349
61394
133739
148036
70965
99780
156219
138862
152342
75790
181043
23482
137925
53879
198912
76271
167364
178414
148703
141868
11036
48653
193158
178427
19297
199803
192759
37099
10587
101686
13113
174703
168985
119131
42828
169458
165624
71319
119167
137417
75719
191749
134918
551
43063
8023
22040
137912
80197
160375
56897
145364
170322
16811
128817
76155
89136
91287
126459
54051
134330
127965
28953
59241
162347
118240
195338
180406
188709
96649
178263
184374
88330
186033
158898
150853
123690
193650
124329
164298
130058
186606
142437
39998
179775
39468
130411
122112
129163
192188
81428
64548
195810
173458
23139
135324
38797
14210
149085
44435
21299
92032
92114
100132
175790
119426
130513
27797
196843
7774
165513
171171
96724
81901
65762
10074
147822
139290
13521
163437
31146
71191
55608
4387
193016
192037
91542
40213
146747
112062
108316
8859
33564
136864
146350
118822
104752
78343
152974
77568
167594
184387
149436
144262
18945
188716
20132
99098
75494
30001
158631
176121
120542
179519
69532
148032
118807
193853
40918
27819
127135
40669
165542
36542
85142
43386
77543
42181
101145
31730
78075
30581
140223
141821
90665
116280
48239
37456
41694
128729
42171
114281
137930
103661
72949
154484
178280
60902
110587
192548
60704
43149
54991
32963
186775
49863
184690
149723
40168
153261
34148
45934
65943
156790
116753
33617
14683
54628
92092
11843
174162
76164
10037
26310
130867
66655
53964
72836
199431
144086
29497
194388
63309
99316
145381
29516
95495
82448
125091
19022
109949
108096
111400
96981
57954
20114
127567
79533
22045
119189
9157
7773
89534
156339
67921
98676
2342
8482
71390
145870
126629
175488
78384
92533
108790
158678
161719
89110
137459
83396
135147
101092
43499
19495
177082
92420
184057
152859
12785
77179
59358
17862
120327
174890
58071
77416
103651
93140
133628
154764
84588
97312
59911
28356
174629
183755
184031
101625
41923
46790
156025
110322
158612
162565
47037
18801
103100
63806
105466
164240
47649
45948
151393
142135
31399
105092
4722
177170
73747
174770
126238
60780
141704
113199
178841
39387
153057
115835
194545
120532
88925
166477
125955
88836
100724
107628
115344
182176
43138
30576
93692
199567
44784
62708
2797
16903
119479
113359
346
75527
178964
51051
8413
64882
162234
103678
158965
131682
125073
186765
13658
99047
102454
6914
28974
122446
180378
151173
33552
23021
6295
18406
74940
7430
86291
5732
114327
103590
146039
171785
120648
89782
89762
191947
86237
54556
8451
135396
113902
17621
146541
52610
43948
35463
188379
182586
68
75791
67168
152535
182254
100636
192134
54384
48658
133606
190877
112015
57416
86191
123888
21689
41843
90460
31199
7742
89446
45577
196999
25429
124175
36144
18922
121333
192498
112184
66513
49071
140311
39078
26247
3552
157331
127130
28617
151007
67965
135112
199112
172686
81297
95350
178317
69529
145214
18636
82079
133436
60583
74373
97451
22881
97933
26634
48717
49184
82633
151547
94282
98653
53253
91348
173794
83192
158232
123590
192613
80059
100192
155042
2947
122188
111937
78759
181042
172730
182074
32870
132666
161338
72919
46071
100876
24914
142930
60796
174469
151481
87195
186643
55973
17149
141269
154374
34931
5671
95415
53547
124510
80146
102426
46207
96270
123688
36949
118718
69957
111672
69111
51449
33387
15549
73990
128585
31704
176594
72720
52062
97567
54833
56303
48587
119868
176568
185835
72112
197633
153269
55294
141878
2444
65722
118194
70874
77154
194249
166519
156378
97471
87078
16266
16779
84226
30942
12011
159348
39196
93464
26492
49530
128853
93391
177699
170681
48940
58633
146463
10985
39525
75922
83770
171955
106495
198943
133783
90856
41697
125053
120703
94631
172963
55356
65245
180924
18360
18626
135932
198214
66750
25994
78151
191007
117215
58347
67617
37837
47494
116278
84973
14761
15730
156137
167170
109851
22972
146127
42910
89638
41601
144371
136452
109220
3990
194009
155296
184294
29702
131546
81319
124211
165334
13578
71713
70379
194937
15557
80031
84194
189962
93345
132290
28397
150594
84011
35269
147354
16195
176158
30422
120431
8842
188524
99972
141533
144183
154398
97896
43849
36282
114183
120875
51707
184350
116546
7151
25485
152621
157113
46339
87359
191002
113087
3746
159523
135884
164446
174175
10492
145077
124746
41059
93948
190373
75328
132621
66263
115973
129947
118308
118549
163078
81263
167168
78484
123659
115198
135934
192333
96185
65730
16605
123596
195792
181833
148202
55886
18797
47425
185892
110738
44538
16492
185967
78097
42943
140506
87402
6149
31876
74328
66567
24192
45729
103293
56066
65853
107327
155236
190845
186121
177515
119439
171943
101176
126275
122297
72679
25563
168083
23774
187117
104052
80969
102350
197066
34566
37859
108263
111367
109589
127018
26646
31726
55649
15313
179444
153296
20696
118995
13914
3329
129059
192238
197660
112175
92570
91212
20209
87880
2277
189765
157961
44680
153504
35816
76610
150782
118876
115639
156781
125338
76693
18912
17237
52822
131679
134690
119348
90481
59491
194373
177874
4956
185897
196096
2872
193296
4563
157990
1265
9878
124511
145474
71367
110944
30529
145184
91729
116998
103621
153363
29013
135103
122830
88888
185936
98492
140954
26760
8681
176361
92829
107701
135270
172936
14149
108596
94156
131830
24676
92623
130711
182573
132344
88807
74194
158129
182238
63205
46417
132486
78822
151066
137861
128360
147873
148665
83829
140527
69394
163265
164660
170508
39404
137705
10261
193562
152290
64553
128300
170966
132527
192629
24864
89319
122709
147569
152167
145779
133592
171537
15979
17103
168831
67768
114309
198064
181766
16557
196105
163451
57023
124570
66036
179632
38783
86382
113240
107689
179415
18314
192411
51091
15492
6375
165864
116399
101483
27787
111920
72481
172685
95521
80433
191705
32468
146783
191071
139826
116650
6407
54334
169900
161678
183843
15594
71368
42308
146375
148137
173557
191098
103394
92142
103778
9615
169266
117036
43732
596
30707
132912
107261
112286
187004
118588
197347
196921
6076
38454
38406
149130
86912
24083
180414
176548
8154
44459
193281
131132
58533
88725
185770
52780
188461
117498
111002
191173
47996
66429
99929
71227
71706
371
44466
15098
653
131758
153457
158192
17126
177905
29172
147200
54495
87873
108085
134661
110221
44629
112626
78991
91022
152798
112424
6277
133562
42433
138619
172783
130942
4385
18236
150223
150320
150828
74763
46984
52302
159610
3574
15056
135392
58240
55751
83302
59130
103079
30403
16624
139065
187590
8680
188313
100620
168864
131641
179524
174305
36112
112164
43396
43815
189127
194376
78576
55370
18417
5240
103303
118345
32770
112360
199354
190507
103353
124517
63602
131567
133611
109484
49730
155129
115731
36045
169883
141351
35856
68323
111079
192848
110023
65314
13585
187304
43197
159131
72068
17118
81423
71667
100671
58799
32949
177370
138086
121329
139162
125259
178637
190841
192240
129267
194129
48928
109209
108840
158817
31571
28592
193379
3327
132131
90717
84868
164368
61589
110602
60587
63174
13623
16784
9945
126432
38343
24353
6215
131658
171672
90862
28739
77358
34626
77990
159105
149788
86773
188462
176143
91520
80120
159175
54724
81485
99359
51505
143573
108323
127346
111277
18612
65540
716
19699
159851
45511
54965
192923
75128
125425
46963
195132
79051
189098
103757
16118
123283
130442
49245
27339
163302
198773
48406
69435
112969
71239
169106
52350
31606
33101
107865
59135
182465
15742
198074
125930
157573
145721
103284
179925
182318
101850
93943
142276
38711
178392
170368
38741
160103
195363
33699
102064
73220
193795
99325
37998
33438
117071
4595
32471
86736
153559
185128
2820
152889
72530
61570
100690
102299
109181
23873
197036
41612
84460
190041
91491
46481
51585
577
34223
131778
59757
27178
120227
104294
45298
187806
9854
123907
103735
89203
110345
3582
172203
197610
95879
129911
33585
174903
38605
178675
56697
69061
123912
45263
147989
34080
111636
64903
107735
140488
31849
151018
81072
147540
128775
23200
61126
113076
41328
137326
69501
50648
44275
124955
124897
23070
16622
81266
35142
57154
14318
5226
34735
63880
34416
15644
2963
88739
139196
170631
132111
10016
178315
71602
91558
126337
6453
75508
3034
31136
32017
49701
180363
95891
70100
66235
1790
155791
73906
1473
32411
4388
198931
195177
120667
917
160418
164983
95506
59660
840
5655
48259
58189
32981
90047
1565
86570
112859
139945
1556
167825
89999
15776
183469
91476
170936
46962
5182
169041
53784
199161
91525
755
91697
146368
197528
122993
18530
15385
172521
163558
69951
108593
5885
165471
187881
34129
76996
133400
101101
164445
104013
101733
121844
11477
65370
90752
122889
158457
192328
145561
67199
96890
76256
133114
99910
36239
177559
137636
151723
86630
191697
197206
75584
145134
160863
18369
29812
84178
19760
59284
33195
100631
101113
167935
1322
78014
187263
85476
142548
176378
10536
113994
17818
73844
151480
180989
184664
26434
161172
182263
182166
82566
127356
127118
104550
54186
100563
145666
95624
99705
164181
51736
180736
142816
84895
29366
45652
107971
29164
155217
138342
180837
50440
40299
95965
69629
41845
133293
80971
154920
173021
68028
58641
154968
137673
159040
68168
136336
47160
94985
156221
41931
136259
60946
13472
49338
131054
155137
197890
103133
142747
98040
142904
104147
179969
70592
108336
109230
117118
166469
198077
133539
158295
416
138166
151882
72392
137704
164956
84202
1101
182604
128467
65098
107347
9051
462
187055
70069
183840
70671
81234
130584
159505
143528
35120
141349
162143
74276
88827
102583
96602
81924
30428
7187
127924
17404
18322
146319
71859
96670
165088
157491
66740
21681
5177
19423
70762
188268
87642
114481
5212
58209
25458
124794
195142
75253
157387
18886
34040
123777
143959
143369
111447
549
41467
41658
86511
158148
105040
79731
119305
103921
130625
69990
193302
54249
88188
63991
46680
58782
51492
163777
124103
116620
152659
18864
29822
89132
156720
159468
47204
69307
55712
26233
55477
1207
148900
82829
194525
99605
1106
9010
108910
63857
134638
27548
160356
109128
134971
51253
177983
158189
174709
88683
37682
152054
51052
167230
16619
139893
142709
57508
105906
198129
199411
124458
28139
19431
131633
64909
133222
78921
56986
156638
109820
57976
83359
24501
153082
135126
55646
158308
175099
5883
85000
97720
150617
2406
24764
10661
155361
173099
23967
186541
154395
17513
129730
46530
5329
33705
76800
26487
133538
137084
144563
14813
32080
72080
151578
57767
169166
63779
198047
105669
86628
52883
184751
50102
29997
182078
89411
120625
148381
57236
168151
65648
77869
51418
40054
152567
5505
17804
142374
56058
28829
23595
174151
171399
155102
151063
97221
128662
26190
97391
198133
101095
175746
137167
162373
52161
183954
48906
130568
85956
85560
23258
184744
113041
24251
186780
183883
53220
125039
391
129029
78722
114197
182463
539
151291
92112
125267
157010
180253
85623
144363
142006
123006
58402
145335
119813
116537
56811
26365
180484
84737
191801
196477
128044
869
156543
113132
173158
56593
68031
163518
128892
83624
99432
35622
96942
44317
89677
94535
127995
61792
125241
199546
67257
138158
51163
30168
129355
84413
103993
191584
170913
16478
98970
72027
263
29418
184800
7348
184999
131696
159451
20927
140500
179699
101769
33131
10245
154632
113337
156217
60687
83800
130453
65738
172429
124221
184593
47087
188814
58423
158219
41156
113317
54281
5922
43813
189503
98195
34684
126909
185121
102238
144451
147057
150822
174859
107770
95427
86393
103297
85679
148622
75153
107334
30051
41771
31521
144693
154249
31578
123760
175927
24545
159287
75105
176776
129684
28259
27509
108059
20518
11733
141281
107
166462
135176
98924
155565
13573
47381
82332
12103
107643
77116
117969
37797
169810
38686
167908
38173
111633
59462
35316
82348
92080
137766
52100
38940
104644
16760
42498
2456
60022
50138
122028
115632
27182
139402
137497
168973
49084
15051
122918
173476
67710
7662
56028
97613
43985
195858
180299
150426
16812
5451
84969
123353
195357
143568
9557
87791
154786
47703
118019
139285
33149
63398
174637
28037
103123
141829
154474
137283
113645
105974
55065
113692
145000
16873
22386
164805
134510
183704
49806
165770
103229
15177
49050
10960
130599
35700
111460
155932
35830
14092
41582
3070
174231
68401
16756
881
90381
136438
112238
12029
132251
33117
108037
173088
44606
141146
149863
71388
75901
166627
196468
34848
54771
54109
70849
198374
79612
154489
15296
187404
151391
181665
164057
112573
83851
192232
139013
114519
42326
174287
108516
199035
44190
72362
146518
147527
50845
137424
185935
12663
28783
178334
44539
98326
65193
34539
2263
78146
185766
168665
24554
42365
65544
58368
71268
25131
178640
67321
190466
82538
107989
97069
61821
108489
106622
18674
64873
43183
162233
11510
130721
78094
168036
109397
35280
28308
182474
76126
59695
146133
35937
191731
98880
15398
197532
121222
94418
175196
161079
85231
157318
193780
119387
63907
117380
99379
151334
195339
129496
60467
19886
160711
178112
170621
87660
64516
78466
21882
164355
192463
163685
102805
148409
139238
188331
84256
63612
105455
125820
45704
45426
175300
135518
6793
171624
47132
155860
82661
54530
62868
161065
32069
103319
82528
136317
46644
76367
180607
111077
188397
144496
128946
138554
170296
144697
88159
188640
129716
34563
8732
52153
98065
185678
9484
9254
38765
54053
125822
73083
71252
22361
54899
43478
73325
175437
48063
74755
140467
98514
162927
93462
67032
77814
178605
31491
170443
152724
74302
74532
59295
167549
27105
72431
30768
110278
111140
74921
194676
3000
105143
122061
11454
198874
46376
150002
180137
99756
147531
492
145849
36912
146126
8861
62444
103348
146351
102619
141514
176943
5383
91209
65698
190550
70591
100346
186348
55263
52620
113654
89427
18892
165145
168986
80478
136234
118943
89000
758
163366
140247
19935
142692
171170
181501
37716
64430
162581
151565
143022
41534
49359
80661
16560
67495
12633
190975
178310
101355
101953
105561
78373
135806
17741
127166
21714
164142
102227
133479
156162
100401
65758
28557
162049
28173
81176
125257
38865
129942
106195
156630
101106
51654
82424
136272
87503
115933
123300
61924
154699
116485
161740
70077
54825
130531
183390
15994
88445
38305
180054
154654
180859
192337
58227
103518
138604
114127
63002
58520
7663
140160
84902
83450
180503
176720
42395
97308
182608
77846
24185
194712
158686
58549
42354
47289
113489
172944
179074
155513
140221
93342
179235
24853
37345
15466
1326
50998
4079
126770
21605
175667
168775
29192
37053
199941
69372
32367
194916
131835
44055
44485
147310
30106
90245
27743
116686
118722
113186
128786
147251
110067
23198
86296
28383
3589
60596
159452
56918
67625
109530
176899
98989
9309
34783
57091
93983
120042
10560
150805
107876
151888
142635
25336
150379
4562
116664
12263
91573
26524
6343
19923
118143
39698
141179
107234
172586
45846
25280
9049
63740
115736
19869
72153
135322
42895
123444
64815
38243
16902
199006
46643
83252
157594
32048
99306
196655
199183
30504
173019
169312
179764
76697
49876
4891
113806
51116
57914
119986
192517
180948
98552
149112
152613
159063
34714
23038
38078
152634
49043
36312
144018
5753
59470
138743
159404
98682
188823
146705
1574
115374
50072
4631
191334
184572
102563
99069
106060
107811
69149
177318
9602
77931
87588
45288
4640
52904
65822
54144
9812
17956
120415
178506
89658
130971
12447
14214
84476
9906
64648
22495
135544
71487
127276
24364
185809
56920
172360
25949
191618
118165
83865
78135
58292
138414
25619
124251
63591
119525
195038
87935
102661
115963
43734
14744
51422
39963
33531
97340
139115
148716
156263
116080
105102
137230
103033
40259
56819
90674
184220
176428
38258
192667
9993
103915
2523
3112
189019
129100
34209
176873
120583
63381
96874
141284
64841
53929
54864
118503
56518
189145
125823
100352
179852
69793
78268
87961
174535
135737
175248
89853
192614
39200
35267
165291
193430
5428
143187
34579
150555
107368
81187
117001
20249
33689
147476
128572
80523
101378
59583
78132
71090
93230
148266
88624
78190
15750
172390
84994
49726
124414
51518
57984
171519
113831
185520
160137
29001
151691
174582
169354
122156
10235
17413
197506
29551
184359
125702
6322
190795
190202
103627
108460
43322
190560
137208
72216
189828
101449
142794
79274
118725
78662
168084
505
87231
47166
31302
147649
37757
178413
90636
76105
170939
90622
79805
121360
136948
109596
64640
137681
39453
114840
1654
145568
188215
105956
186659
62447
43327
47625
42604
179832
19687
25315
159413
99852
87443
89226
11023
199737
132116
3138
59606
1516
70389
184508
185429
191250
3547
158638
40084
137025
177674
35179
174330
70092
18473
105653
153552
100536
113412
37358
100172
62277
76225
97901
165373
198933
58886
67482
24749
5603
185366
12336
107480
116920
141345
63087
15971
43918
99126
58394
74761
47724
6862
143440
19245
130235
25704
119358
131041
87251
11923
47449
89878
42718
114993
80022
183551
95645
47957
127705
49166
5725
103009
194888
76554
174383
127067
18649
151029
133465
8140
36920
199195
125694
99308
37106
134208
29751
5191
83660
182720
55057
152959
175257
13228
35528
116526
12889
129280
170501
12152
33464
50055
115234
160605
174565
76384
13028
118577
180008
130034
7729
77583
84348
185449
140371
12871
136960
143010
149192
20980
82052
73539
79962
8761
187778
176985
122175
110574
54235
132202
136219
43558
125547
80786
85450
198145
179680
48800
105049
56326
32221
117870
73988
42386
10891
98031
118929
124485
118062
28210
130876
8576
24086
69678
34718
161117
180039
17055
95330
66008
139608
11096
91319
90490
88705
104572
50026
132442
134779
62851
196007
191696
22873
62057
198749
33985
72100
84929
3878
184309
193004
114202
195072
174496
175298
186206
186819
36460
43620
98843
22127
18301
192681
58658
81172
104927
42717
54647
148933
137169
144439
129208
55157
38966
152787
133703
125258
4276
23628
23498
177641
25797
3870
4346
19511
24098
159330
131730
69299
67506
82851
36012
27055
105686
195725
6332
27203
193869
69736
137427
140549
52992
112535
23590
143206
171990
70885
133181
162216
154876
187738
186400
196312
101105
144391
192222
147808
63260
3244
123285
76564
100507
70538
191026
186088
56333
177622
44139
143558
106019
64721
74925
141639
25102
93827
139910
179934
188405
140970
33874
88253
152746
88752
23302
187821
161083
74409
28506
116316
41189
123064
166116
192193
83177
158857
191638
128191
194417
20404
46778
30836
104592
135474
199748
125248
28721
163064
63102
32874
64683
123695
101094
68872
135115
63255
120621
55342
181960
31219
68065
36073
155592
85252
57151
27082
107804
113699
89803
172539
116008
155484
171651
156859
176795
173967
140110
99679
79878
23850
147933
87318
47454
185356
72323
48950
195717
181064
87913
162525
131389
139698
177174
56298
107947
97182
87803
93648
20743
145993
61347
179629
155641
89011
191009
5691
4302
163682
181157
192323
170567
190542
118392
32533
70308
3345
94184
136058
166186
6865
39346
166855
61291
112949
63670
6552
26780
4837
131204
99407
2061
27211
138432
29083
37151
183828
182754
92907
186637
105833
16519
184422
190166
142438
76250
81937
43824
188886
98078
164171
163076
73932
59539
180711
53714
176861
98863
95936
122759
67023
99273
90380
32655
159172
173396
76144
34832
11323
16225
174406
21646
104372
14646
51438
51003
60666
85382
81517
106358
80826
152227
147307
195775
5504
4399
19972
22635
123211
161899
162903
184655
160956
126944
4230
36212
91185
56431
78279
143062
82828
137135
3951
68525
93788
109956
198113
108423
166586
39152
189311
90362
105716
12448
105900
52266
128696
161115
88446
69447
147558
39469
75716
74882
31304
87393
122924
198552
10755
68409
163778
81694
185629
134972
73854
58367
50833
14148
141257
190914
929
157970
122760
32230
80403
142604
80254
129391
64923
56942
136312
126509
97822
40769
6964
189696
129284
114342
32823
17391
134215
29878
87580
188362
193628
41391
100489
158635
16228
70657
77503
90662
23641
141215
15323
140905
107416
172627
53000
50331
5173
65251
40873
67240
24877
189903
70022
83563
192603
193032
135418
68631
92110
6710
188693
53230
47185
18153
64453
188890
95398
166979
111853
6466
178759
76886
121919
160516
102210
149206
69475
61377
119317
167395
143328
47260
28038
186313
64072
95745
18743
184254
188755
48132
133789
147384
147785
158732
183917
87919
169433
43663
175713
143529
69310
13711
199211
175318
16232
40418
196016
102863
89093
85519
175718
106135
144796
50099
75872
163387
152523
133639
98663
22047
30946
71868
86744
102065
75407
78844
136177
140232
168953
180636
76793
92659
166770
11970
184741
170903
22160
47653
21837
47562
41005
107294
21098
124309
174066
146913
85695
105995
163444
54453
127664
134970
197111
160388
189885
195686
1925
119063
140738
69419
93205
172680
156989
149111
52988
175689
42079
87674
190261
166556
38473
78267
49971
29550
141348
60690
107206
195755
1309
80831
86
66392
157703
64158
511
187264
147462
170550
159896
19469
95675
114523
187329
3496
183514
154430
139819
69648
195219
2866
53993
10226
36447
84825
130016
14526
103729
156037
51477
141762
30381
104853
164762
183453
81417
50532
25313
15653
58503
135677
7386
108244
27631
31813
125237
86365
127626
5350
91622
67748
128873
62833
183596
109604
7585
44650
199230
100379
79375
176968
76373
162505
75994
80900
42192
14835
193109
159926
50236
184871
182259
91332
177146
108823
62714
83661
56190
68248
4210
84591
89294
55068
94753
80919
113257
80865
42046
47977
113936
160050
30922
56300
38934
173733
61726
98993
136649
120645
45895
45535
112241
17311
152007
33210
2054
93912
148147
187159
62064
115954
85040
33069
43938
193531
9191
5236
33978
137404
196118
83905
15815
72454
43241
144863
16088
62060
98244
168188
146272
124365
60945
171254
13417
157791
62668
44066
184378
161001
71624
48331
25489
180938
195107
95166
43363
18528
84535
60588
114776
6331
14010
36006
183372
160389
5746
42763
178859
58564
119916
192168
79857
134049
75468
160093
66741
93147
117676
25891
887
60216
103827
107792
86636
106771
63640
76258
164276
40202
155901
165889
117246
103792
104720
154239
5114
119377
96136
163998
157083
41258
147875
132788
23367
137250
163728
92463
117578
142031
195101
4027
23239
51846
36866
139654
64192
35181
47593
181343
131899
103789
7564
110417
118373
11725
31596
139741
109859
78595
88649
130041
158801
46092
146818
28509
108377
139519
11238
132989
152471
68388
110799
45299
31643
25861
115479
102527
36996
97046
156617
185588
167962
77800
127247
143930
61948
114836
84345
2066
105125
168566
138715
167879
94432
190745
181844
99774
28137
29472
33940
36998
95138
103112
54574
139748
54642
18826
10584
106748
57524
158371
139617
160512
66695
22303
20081
70595
78232
111142
78512
154986
154587
35170
194594
149182
106230
30141
124412
108466
20624
92619
148195
36713
89533
101426
158217
197456
82884
87401
79015
184083
47375
96299
7831
30628
21841
13860
166414
87861
157882
100583
166105
186260
123789
177617
150061
160724
35941
107205
124884
33921
83511
38267
44233
38763
27495
44514
77003
185767
127305
158096
7519
51612
40281
65720
118531
175340
28896
48520
24715
126342
151286
147336
21478
45161
122383
188092
74332
123251
118665
138080
27975
125183
93470
127865
132808
150184
93203
117535
145440
61448
87024
113719
