35194
75096
87542
197071
125009
99570
784
29805
143315
79027
39920
19076
105354
32984
58847
26159
112365
38847
87177
78874
179756
180176
118732
96180
125585
23429
106278
74306
196831
43611
150309
197136
20899
17857
150530
187160
76130
28581
76136
32705
4938
71579
126953
131015
193143
41885
96281
98954
153765
39877
47883
150406
124875
180246
174914
199728
53658
190696
167530
150328
46961
89609
77122
146179
29769
174716
157298
47254
171743
142765
179992
51409
46691
179316
58740
115654
112850
149181
182299
136920
80536
57721
132372
173170
83006
47978
51041
94774
18755
42651
104963
152255
174109
179664
178071
95869
177497
33344
56992
167896
75844
57470
61807
139763
72976
157163
158128
156447
25448
50764
167996
57477
198020
16302
16354
148394
150921
58177
30488
140230
138516
1703
186044
184599
183432
145478
166943
84466
160247
128830
1517
118423
130701
8549
130880
102682
73734
31482
71276
181428
37906
156279
133972
84539
63429
33228
179149
76758
36065
85747
121161
4649
5281
198049
19593
132285
140157
77288
175356
98298
41996
118727
175955
12516
45478
3111
39807
52832
56105
70192
186047
65496
63839
186280
183370
107365
24717
171328
33391
132090
171608
71517
102684
153757
11812
21171
144502
151056
145628
22704
157553
145412
150635
81707
145684
24808
139242
146028
65635
141760
98834
185691
39323
150715
124474
77401
68867
147449
182219
183309
197956
122912
80652
165946
82759
142859
101678
143508
90222
61752
127291
57484
62613
36354
41730
31344
199944
71823
136909
85807
65022
169083
36516
45292
186744
100708
21266
113894
62196
15355
123115
134523
183765
118431
14659
29761
115826
106083
40940
118603
78022
70928
45463
123692
192266
94861
38222
43427
1491
151401
141065
163709
16203
74209
47043
128383
178492
75334
91263
47695
168600
90890
68119
31428
198199
110247
26908
186259
104348
13490
82338
176094
64823
193679
31421
58286
145398
57688
21219
120197
111051
63513
79024
119268
118489
40162
195123
144761
100996
29952
27738
25426
67586
17925
84494
108253
112499
96365
183113
23449
152971
159759
194437
50488
8330
88603
68253
71817
84270
170993
113843
54875
181443
34344
177123
50300
154746
28976
180171
113543
108579
148504
74101
114623
62845
67192
102502
127663
145678
45732
38849
13945
185857
173863
161071
155251
151825
188609
77575
21626
44518
5968
51124
84387
179815
101861
89699
21933
143101
153837
143545
15754
46001
5333
65989
38087
67033
89139
70137
57365
119488
27107
144420
91088
73715
71297
165487
58822
158400
112048
2111
33851
164337
84767
60453
125905
31722
128327
1611
152983
173505
115536
110973
56507
132082
103506
11689
83208
91727
10643
169668
47594
184048
186279
68755
166633
169165
75593
34091
144322
95318
100259
45465
194912
109155
79852
145566
186734
169579
61756
195232
172871
166411
189150
43750
87152
167545
118128
91206
113764
124512
32335
30902
17494
28942
179266
93173
58046
44974
42884
17036
89234
152442
196413
122091
37418
13504
119285
86109
113207
44781
192145
1559
135083
87043
124820
30250
147469
41764
123236
199993
62563
57015
65058
92393
63585
5128
54518
143963
141460
85899
40779
183199
58665
162239
145276
143254
191386
175246
123834
71285
192869
79560
131085
159170
53069
174829
108245
131952
25659
3588
157980
71296
147083
98208
68680
60892
8552
108625
147299
188754
141173
143223
70959
133785
169249
48985
149400
97119
171495
44232
91368
199443
66248
90546
80265
29711
191668
48600
178018
20832
158743
93592
82106
99528
29115
107566
80188
117809
134772
24437
187041
193933
123052
161203
157112
151202
148214
123001
145081
28352
38747
175324
71077
3250
174933
369
148946
83232
109672
196313
40591
155583
2275
157100
113741
72465
81405
12990
89841
67327
28899
176983
86225
132036
97590
62076
148677
125534
144953
64145
15639
179646
74009
132164
172534
89254
84953
152990
133036
45458
32970
122791
29928
158753
180192
94134
106290
103278
155100
126236
133906
5942
178145
39521
35572
4842
116736
141355
177781
54195
42976
72195
112144
80486
155159
117937
6309
167155
166337
156777
131599
57862
5817
140164
76646
58048
83880
9137
38503
13400
21748
55456
184957
17358
188081
189271
133543
35635
22292
27610
96958
195017
97941
86693
24028
171147
148478
168009
46464
145542
157512
139427
1413
85255
113774
125337
141936
89406
38758
101262
105344
164748
14221
108226
69151
9746
97384
105895
199036
120036
104101
175870
112951
81467
53646
36717
131009
179929
46139
83917
191608
188366
115576
164274
26887
147381
151557
183595
31102
3363
163495
178271
186737
107216
96589
193775
149162
167092
67997
86487
142585
132998
148187
71376
87727
118632
43658
143436
34136
107646
97263
9609
170972
178803
78855
51734
118060
149170
42904
25575
72778
118145
136751
62647
1402
116357
80825
132777
124132
77937
198915
69583
105751
191787
74830
177552
169392
92535
128456
172992
77609
17362
30788
19992
49157
72146
400
92972
89466
56395
32268
175871
118034
145855
93497
21046
49668
184149
146041
56416
167957
99789
49414
2300
162620
120690
122773
71118
10131
166025
132238
21615
80325
59913
171547
30547
59297
141395
197262
188615
78927
12302
79683
68754
94335
197342
133961
87178
47228
143462
22990
102739
18485
28702
125834
154724
147590
196050
57550
13007
12294
66557
171250
102143
139049
48905
135964
191478
57849
144889
30634
164289
3655
92551
25145
188733
86764
25254
69606
158015
163683
28279
99601
19150
4924
15187
51925
12618
47688
137818
36720
155207
43097
159138
81592
181174
103832
28463
21692
110900
122771
85584
119755
132957
191534
189802
102050
140694
120011
2421
193882
2625
37299
123962
153663
167340
163878
15969
177580
46336
28358
69899
118507
153811
81220
64240
186720
53666
72403
31707
190692
18585
149904
184854
24867
66134
55300
29412
45821
103857
18035
166932
34254
134100
160988
168467
18372
66747
15420
32024
28017
182410
134741
95690
6937
26649
29267
42414
90688
7482
52946
100859
19241
104078
30302
178700
80130
77982
4472
64492
50267
100575
196944
2723
117610
124718
37576
37599
50217
90788
192330
92288
12904
157859
74474
135426
19751
105196
98777
9689
111860
111033
175803
126705
12356
64587
188037
180804
21376
154987
78654
61362
54691
166140
102591
15334
114438
175236
117555
174589
35643
84393
21711
18824
91974
100889
156755
127982
33858
167222
32621
12563
161212
60503
777
111253
122863
116793
88313
59802
165178
102783
147868
183290
100746
196057
151332
13918
157233
133658
161033
111194
117283
68177
160676
20449
110746
80036
6302
44567
89134
101579
170614
64995
4648
166145
135234
183101
14603
196524
177282
124378
183404
10559
107285
56561
37383
106375
82916
154931
25982
172806
54174
160900
144057
12024
74562
79778
168355
45966
139452
90317
774
18113
119303
121097
91445
90352
105870
150778
198176
165217
64847
119130
105056
39317
162439
41783
52928
136
169755
181206
71476
75291
161494
156634
22984
7414
44535
108822
93370
165817
189834
74620
174811
46744
135995
177675
173057
170527
162124
108055
14409
9379
113775
81732
86290
62888
142649
62402
62484
145879
589
105489
20444
67497
185075
23722
25925
43484
190587
25539
46935
12333
121693
24115
190799
105428
94010
165641
153955
50098
39803
74799
137463
10803
179426
133099
30132
100737
57024
145807
39215
168633
81984
18759
110978
198445
152513
48790
78648
76153
131374
80869
118028
175532
165245
31742
36275
90207
184639
166674
103054
39170
73193
190479
181396
15926
10368
110009
75041
113479
136635
74007
146382
108275
171237
192740
177899
162661
25775
92968
156901
45385
151776
58352
95275
5028
168829
139312
12699
7765
166421
24271
47482
15344
30143
49117
30004
18523
49843
59205
92806
106066
105249
179431
137692
71723
139240
101889
86214
146316
93626
140347
195054
73167
162697
125734
51604
155216
10710
36009
141804
184935
115378
59694
72078
61944
11991
5085
88230
77587
56491
149307
105559
33776
169933
93838
142544
39777
115788
181483
112746
12417
120386
164208
182859
149451
147549
136565
14933
168028
24153
68868
152078
80152
92668
149060
42676
43266
104092
188858
44372
165463
196199
147398
61659
8484
103533
122207
174596
186098
24448
86577
110719
83206
153855
110352
19252
188837
54702
117334
198298
29430
152353
82097
60520
79995
48343
68149
122946
67664
92063
164470
10219
191491
71106
167330
32329
195277
85651
99914
76535
70811
46034
158401
75855
123665
4116
176757
79502
58855
24375
3615
112613
175058
45094
128978
148836
54545
116206
34436
9313
90085
168335
64143
38478
174235
45318
6203
62662
169139
68778
31484
173877
52012
53401
178913
61443
190855
142947
34437
101227
21295
68125
56585
117199
106485
147117
51109
164651
160089
147485
76866
96975
35782
1937
86310
196808
137946
105190
183339
180072
62582
199690
178708
193142
160845
81884
10248
1119
95254
184903
18261
173477
177925
181690
165120
155301
76345
100220
48602
50084
141091
70289
33992
90140
115468
144003
135472
26689
147885
90585
133565
115033
12520
75673
165488
28725
173790
133461
180070
128127
124022
139089
89617
180257
191652
116497
163012
101031
158582
188554
128137
114817
42069
99994
31686
20777
149474
159415
46121
50204
140333
78773
183824
89996
92638
20654
22512
178458
179154
162527
183903
66704
65246
158657
145476
194961
6632
150751
165140
142412
56213
58649
99696
18984
133910
114208
148637
123845
151498
78869
145752
33722
164941
74759
15496
187681
118952
54715
79436
53710
52917
140036
14480
124981
112110
123655
178379
136753
72123
21477
128249
85544
139921
44588
173475
20306
28648
65318
150423
194801
80856
299
195152
56531
106985
143955
174857
102102
129932
71562
156109
89662
198616
37285
43776
194576
168938
111321
120969
155527
39980
88732
80858
108707
73630
157938
167072
176641
87400
24413
74729
86224
115902
169454
106921
134967
178973
77921
99527
53288
111109
43694
179841
100699
39667
92083
83990
121588
91272
55082
107812
27558
23342
12571
103782
35275
184570
178041
80529
193544
7288
141888
185074
7150
30341
88637
2989
63914
113789
149855
51147
121039
92815
65112
179564
62546
16711
199657
188906
60232
139026
14763
32283
188356
104534
50475
110064
90287
27599
164475
96427
112506
22765
86710
78286
163134
85429
2976
51308
64477
186240
51216
196779
42080
36798
116721
32541
72253
157585
150974
148027
138887
175913
124632
58941
45123
9919
50034
126534
101884
22295
36265
195051
158179
112848
72896
191724
131981
51429
129413
172918
51859
133663
193098
125243
101832
86002
74577
189715
101925
97914
75199
47365
75273
119590
94964
154016
186913
39601
96526
128537
97698
162127
24595
152827
83896
119673
194556
54860
187297
127851
186815
34644
198838
140976
51551
28732
39446
108930
174316
134563
81068
179130
140894
78391
60209
147374
123195
30625
32340
161416
167704
101408
141103
195873
131676
98176
96063
109916
135671
40656
51309
25395
169807
153691
117465
54750
180739
99012
33201
9320
185203
62611
26904
35657
3599
82216
184211
174052
197580
174850
21470
38525
186908
171642
3591
146928
134730
19556
177360
45650
7617
2102
35184
41425
120671
120947
23841
34597
188761
103812
56604
5584
19999
122567
82104
13708
65276
42100
108547
82036
154172
69145
100512
185157
39924
58767
166945
188663
22181
72357
80651
142248
196604
144408
125781
175039
128533
36288
27750
59982
190735
62910
45784
121832
166848
21516
181176
91756
147621
117006
133163
7545
158980
47852
107707
97374
173125
143123
36837
17865
154649
143175
180417
85764
139734
50559
84812
133502
82908
47970
96989
130660
111059
109029
85962
135724
23503
95268
87329
26506
56153
19217
163957
176654
156555
190393
179949
140376
64716
40293
105674
26732
57255
194864
143543
10997
50728
72441
32881
138714
172729
70746
154134
80137
17104
72039
198854
100500
117531
193377
171550
98536
175217
184182
103415
86862
10203
164568
158042
14460
122211
19506
83090
21923
69371
23891
30223
14169
95568
8945
34716
39433
155524
159411
187861
44916
21828
134567
168772
66989
48951
96295
76187
22333
191383
87746
149377
176775
193451
71788
26734
5078
199200
97897
51847
16503
112943
150614
137698
65579
130107
20210
198702
122044
30498
155776
128178
2000
183521
29629
67627
172361
185184
135832
189810
90109
98211
172971
146548
125672
100789
103869
74452
112604
92189
88299
54879
111551
126535
115067
166417
120580
81186
88320
4085
94873
47112
27016
69838
113933
159981
178585
179265
142503
150882
174479
9733
149574
166651
177182
100034
100644
84473
94399
199239
50851
106119
146995
87974
43076
38208
54593
53296
37990
65046
48525
150640
75626
50650
189284
44613
108771
174806
167356
164976
95479
64078
172215
114467
68102
157388
5563
123015
113278
182009
27169
20913
86814
149013
16243
132727
191762
115405
150464
79751
94556
59769
10183
73688
139039
130063
136197
11357
104307
43683
73072
49450
173198
78180
28281
115117
18788
2093
105744
191918
183886
478
187838
130552
129261
17079
6485
1345
122168
127945
161508
1689
102875
141557
143914
57890
146501
16105
8740
163500
163980
54038
191644
199140
101780
17630
17964
83108
133545
180419
174736
65302
115459
146898
68927
77584
55266
197450
182261
18861
141722
65586
154371
102135
16461
1181
36846
123731
118637
41643
95863
70638
168277
46887
4676
4843
124812
81797
40760
42005
118641
86304
132745
184179
139651
144610
192355
39249
118694
171373
122651
111616
100189
110601
81555
66814
6720
107530
102156
184625
70315
111146
80891
52178
57611
85106
81586
47426
110135
172156
54501
136523
11345
159247
159532
82020
39503
136334
43587
124602
151096
187309
197559
14281
160263
66584
35562
141999
38862
89380
3068
38617
117539
94031
131721
145094
128608
166457
38076
37795
140867
180581
165322
113050
47520
36822
28286
103950
42678
45294
104814
34761
62360
188280
3734
73549
171764
2893
83138
158421
61208
39111
148167
76232
127186
53548
77636
137177
183803
25361
122734
122801
9835
4359
135011
116511
104783
16651
57106
104188
127923
129004
52966
39514
128324
151169
27197
109464
169588
148012
166103
93545
170847
141068
189493
2895
18666
170251
17174
52265
67624
30041
21764
75384
64534
183152
128692
54016
6769
70830
52629
177900
70721
130820
39530
49553
7245
70568
135787
30203
108165
89232
134385
185722
57437
71178
38510
109179
109823
136793
98382
6269
88460
134246
138595
116070
118293
61064
134307
172977
112523
148145
26138
169640
123791
156352
3758
115181
13500
100115
55783
153259
150271
110382
61320
191028
140670
14137
178007
190988
176820
107678
143066
53641
50319
182135
62738
174691
20583
195340
56313
94978
49989
119653
40558
110245
62940
36690
156438
69684
173239
121304
167493
13576
55371
104757
102670
66804
127488
72060
67856
140596
36123
163316
64116
41995
46055
122503
156291
188508
174813
76803
50347
124913
97894
129880
167508
69677
22183
86054
53741
21574
153278
27769
30333
3305
156451
163251
30353
14
193198
8420
190586
55549
63993
167868
16293
21060
50743
125364
184394
106848
116374
138553
66433
25037
111594
56013
157207
52842
135943
160475
119466
57229
165104
141088
121653
161924
77060
22996
137992
124899
46627
47325
151479
90282
62094
151400
50359
119522
181388
7930
77362
13383
79574
82679
105998
16011
97765
16866
2979
167666
114178
137757
101550
114966
80470
103900
68117
5630
36612
142606
188965
49538
157220
24818
58554
51699
143794
133414
116808
50798
29603
189415
161888
65230
74715
18638
115278
115346
193514
154749
27145
144530
179751
48116
37445
102866
159647
156544
125381
2941
106335
196325
129430
98542
193539
136989
32379
34985
107517
162617
158973
188557
53977
137153
45369
107372
194233
107878
180806
65521
120466
91718
37744
39994
199868
167930
23500
197464
57733
192754
30781
98345
40326
581
137058
97
14947
186735
59354
6413
191529
138785
90314
197875
149054
23462
10718
147160
64032
84057
131222
81146
147411
169080
12932
195139
111925
93250
144695
41911
123386
9414
136710
170363
35822
101537
20294
87560
138429
115249
199885
60299
111796
19568
125938
8831
91501
14437
180903
166864
6638
138022
39811
91939
36138
96232
16790
164278
130299
155305
20238
87616
116059
120054
122033
129236
124153
63085
123966
116552
199882
78371
114023
59296
19649
55962
141045
121177
115717
111385
45773
9787
165400
78752
138903
131462
111547
81798
5311
31158
28518
7768
48557
112181
90941
186624
81659
120311
9437
75849
2454
164852
60359
171878
67679
126313
50174
170039
94664
79875
6577
187417
160732
44307
41733
23381
109947
37636
15088
125660
16387
94336
199010
17560
110287
60762
48464
133352
118961
142584
180281
109997
16516
17549
82300
58576
127622
37890
107879
102717
33598
12296
105511
110325
178686
29318
66236
43168
167243
16275
107809
174212
28821
46068
194325
164226
120268
159307
183661
111899
192071
184540
121099
178410
173973
182857
52604
43238
102558
89613
111278
131628
156257
60341
89643
10422
119497
15370
38137
88214
53144
71131
15229
129367
108577
187332
106871
102027
44201
7416
106519
175652
171528
80261
43144
38152
73741
41882
104426
70037
175202
193194
46841
62378
134154
116058
163176
56868
77603
25147
128015
6137
94787
193766
102195
437
122650
124424
93367
33488
94807
2228
190478
169948
53979
95964
3016
82788
58850
104700
151693
17745
97593
178771
150803
143294
66506
75866
13131
143836
164001
21394
33639
172132
43002
154193
180750
140657
58088
141424
9576
142699
58844
177186
112522
176523
63071
122437
77955
159166
91583
92052
147883
11488
34569
119284
191091
159536
138641
56126
176227
5288
131878
153612
49052
39058
85790
194557
161406
37378
139100
167571
41483
48788
29437
3719
77579
58111
194097
109400
17233
152204
59190
148048
116745
131521
10028
177480
183322
108068
3675
125117
15705
126471
60263
178570
76403
159781
149036
139685
90368
198947
151898
62750
8377
158502
67447
169598
74462
101150
70703
52749
50444
151003
150891
102420
32422
160715
3326
143555
196662
26791
101611
101074
103718
147939
182637
163153
158305
196879
66005
133220
169886
154983
161967
185566
169523
34835
121540
25166
95772
149738
115042
13024
93064
35813
188213
126578
38560
153520
97581
55587
105863
106724
154444
167961
166817
104677
33965
195772
158705
177712
37973
166125
174623
198130
88773
73288
97232
25093
68613
39701
68532
606
114003
198577
98831
15929
162254
3689
28295
69993
131880
115456
179603
190577
171527
92765
11589
138794
160665
46213
108638
8929
186422
178284
171759
107911
144713
100632
24992
23221
127958
95767
63537
4151
39395
42272
104181
91770
65484
79239
154240
44370
171522
182089
69165
182222
149486
47162
117541
121379
56635
71978
33385
27430
134125
177022
52778
23095
160344
169174
24789
60534
80192
95400
194011
129789
3527
121933
115882
148678
133130
182493
49152
74028
66680
995
86353
35799
69709
65503
107061
178165
74795
153462
173666
111772
159276
159627
116171
106256
166548
122084
11592
53329
177732
183406
94822
163867
171531
159321
97777
104641
9292
4244
31808
182852
183877
188559
57410
120147
138615
100925
22480
79246
156389
181786
73522
40973
11673
41050
106583
129209
160017
72119
178354
40900
78016
76993
148930
144062
71959
13702
62324
24579
40464
198501
197514
105255
129142
17303
112023
52307
34255
11378
8405
180641
181072
139753
68164
105766
57092
196992
25588
17965
182991
97937
71012
45818
104722
79563
103103
103409
34594
74412
188961
113203
18492
35618
167002
96741
15463
131961
73621
128561
130126
103487
188947
184137
148237
46488
122739
190231
69296
101125
3313
8227
153417
12350
121064
141162
136121
140663
70642
128168
68470
35003
143437
155121
96102
192260
19229
103668
29690
65074
103055
11596
64126
175466
5410
49611
58011
145520
145025
56127
164726
1227
189880
182913
111562
130059
173418
136186
128198
25276
14850
22501
179180
16916
52182
65716
58234
23039
106369
3958
155788
101798
41554
91017
6367
154990
104947
147317
162968
21197
140464
34000
119650
194386
171066
35708
102572
2814
491
125024
49916
158909
98999
138878
122731
18947
143029
79897
39575
143330
130756
90868
13853
75117
176506
168935
85285
9831
195334
180956
6383
8475
193855
23820
68761
185464
117507
125515
85020
75326
61870
197502
122158
39382
75006
82780
187433
127512
133726
84117
78011
115849
29649
35308
71799
79982
52808
105220
101528
124495
199628
41252
51577
47335
146050
31300
168180
153596
29770
1842
22261
122515
92951
119383
43488
1804
64594
198709
185761
146458
26652
124361
123546
108393
193096
162120
149603
144296
20870
170456
196552
117168
259
164847
168460
21363
108578
159529
76305
54700
54214
98533
171069
174747
99748
82194
132551
98926
173787
119114
161132
185355
163353
127570
193644
7738
118683
131353
63365
131307
162180
11866
59837
194992
20912
28465
37498
87258
155916
131111
26789
112457
172451
39273
9775
141465
48122
82002
115847
124561
89611
14053
19176
166240
15835
136964
42223
181687
105270
23892
66412
68462
68284
34239
173212
35582
56194
196440
127464
37023
169999
88102
14792
51316
124907
65437
56815
94397
126156
46891
174937
159621
107835
130193
197940
136018
6329
135493
192436
47577
129183
6938
189281
45054
45769
85964
49998
192707
144744
128932
171190
31287
183039
93067
192256
137854
145890
63316
39475
160249
21704
6219
116296
62876
19231
12842
96019
58531
44647
154874
1519
46690
122160
128497
39412
161764
57918
177484
176850
188239
112628
186711
19336
124268
22807
109034
181245
115286
107568
183987
99932
111885
137012
67395
146968
32915
9538
16248
931
126874
122970
76531
163449
150162
168432
153679
58491
67187
133496
49213
172385
161612
142083
156970
104605
14306
178985
159785
2331
46595
80361
194734
152133
99888
78257
161587
35403
96654
155071
128446
94427
134945
22228
42740
83629
46039
62464
167972
177698
166561
153781
87270
786
101
96348
126693
173092
85038
11206
60961
176151
19401
28663
139939
169449
58199
108766
168245
15819
67816
54882
38194
172389
80421
179156
129968
17442
45573
23543
109348
91355
44736
199357
71289
107857
154921
31549
40882
33058
72030
114364
101330
177761
189230
82610
24230
72760
50869
167713
196765
44934
1386
130375
108841
10353
10452
65514
175232
97398
110986
174957
119977
43007
92725
147929
17909
155957
101198
175100
191821
147858
44564
165668
159522
77986
35145
55799
125867
128664
24286
133115
96176
182175
128205
9927
73877
65099
96533
192616
74324
7854
163976
157369
5744
10001
31186
143766
102727
127
129533
26455
95390
84485
56018
78058
81566
80571
154101
77586
106617
130002
19439
122979
152208
162335
129561
95749
50972
70687
25586
27163
107823
53155
170564
2822
64239
118310
80700
34240
68324
97997
186004
69882
60972
114682
45558
195844
159813
51022
62318
69571
164953
14332
136879
49387
124278
140270
20229
196702
158460
83023
175301
199813
45597
124761
91973
131973
105379
16918
130473
191693
117359
82351
49182
176552
64878
22803
85233
7460
198299
187070
193836
30590
188916
61575
91586
120072
190789
176889
58840
16022
6505
176072
197447
58790
68649
73085
31841
119252
4955
139681
76408
55640
185708
115590
115109
779
23906
77898
124186
122989
176928
170569
25805
103381
173641
197267
79122
50760
62006
88632
53072
183872
138136
198450
174870
81492
136470
110056
35374
45395
158282
83348
87647
18720
42210
192790
176461
198232
186370
21479
167285
88294
112104
97558
26301
142271
81408
128478
14285
193569
53694
48869
199569
108520
118053
69482
166837
108135
90026
188576
18377
132140
28282
93668
5243
196930
198347
17891
197980
150141
63637
63360
54703
65814
85289
135205
183097
113889
145253
75362
24938
94963
182396
12913
183747
81693
142401
73687
155880
128308
82386
114532
15399
117098
83870
17105
115254
184578
126037
28770
49357
103884
166071
84440
105090
123437
68554
142247
156471
164438
161245
62848
93324
154951
93907
137644
141225
15790
182919
49733
120212
108498
189137
196401
190335
20562
20127
183067
195179
7238
153054
182650
56914
11882
7869
97066
13538
59225
145401
56339
172223
99338
38334
9037
96813
131331
57128
77856
193179
86996
138634
172502
164912
118977
11840
91786
181652
64333
98673
162273
70276
173675
25743
71660
7606
117816
68852
24972
51471
155487
146852
8955
68127
134998
117045
166808
98613
99946
126080
161419
31617
105650
171504
102828
78978
147895
77580
72114
45502
24004
70064
78425
52470
41429
170618
19372
80482
28639
121656
91601
22214
69269
171296
86494
194330
133899
185745
171197
45912
123391
175053
123414
143233
60305
95016
121081
168557
163734
63527
161639
67173
101533
107314
151671
63715
148480
144602
63972
63292
105827
171552
190933
48197
5141
95370
162455
192788
111693
75056
84939
111972
65354
57554
43074
167056
198317
89066
186069
149440
69545
158007
105258
117745
176166
69890
30711
105763
179514
97394
54156
47402
169191
62185
73335
71955
130536
118567
77430
199154
140285
76595
102116
56936
17197
37751
70216
162117
19406
8218
65476
188095
134968
155747
134357
894
105678
20719
95443
51528
68617
76744
101468
70042
163125
42314
162030
195743
100104
186848
56597
100510
131332
3936
162424
70247
79597
113746
141390
172883
185644
102922
142253
69991
167501
79399
184990
70320
140254
112057
121371
105283
105753
30340
105957
70028
133518
49554
191396
96962
101864
64052
91131
145264
109401
78796
34994
130127
172791
180109
60066
120870
199257
54616
68587
182405
191843
24390
133177
94504
24278
198701
54084
191508
32574
472
160481
147629
82445
185751
193387
171986
150372
107751
134670
41170
36387
92482
34313
119675
52859
66660
93460
104664
3959
134191
187379
115559
187579
153553
163858
151456
194227
175996
73030
77633
9175
123904
61467
37844
156267
167565
67223
98273
164921
38109
7054
31230
19872
141789
36350
37086
48754
67476
189301
55272
29750
176305
15368
133240
128931
48284
172243
151944
189268
128061
185987
115708
74253
35525
73413
108654
105836
105380
8449
49787
39904
74725
133924
7226
88201
92327
69666
182712
24159
186644
44558
17856
102592
100209
68855
21411
62297
171487
22636
158781
46938
163255
162353
187442
13011
194413
103475
108913
136214
66203
1594
22546
20389
53094
47127
33356
57400
129501
7726
149424
77042
64451
188581
98709
14764
198882
52452
28428
5952
146020
40806
168255
169730
173400
144942
93955
34648
138920
99213
65563
137584
34551
34431
25668
116427
1756
139374
173080
127497
23713
164632
116637
65505
12332
131142
183542
55216
194846
53465
83638
133280
93297
5492
88144
181678
2780
134427
40056
108506
163193
86426
75318
183018
78743
52194
197439
148066
109597
191335
108033
98665
4405
34139
89193
154116
145982
96103
83384
184069
107129
110481
188931
29835
137409
104111
50054
193633
13901
132338
112270
116802
38163
35409
90127
121542
120233
50367
176301
38131
119076
129862
47452
71096
1658
170145
189728
92487
66228
156699
106079
158665
37167
71966
20108
140148
94905
10007
91256
69122
176373
66441
138954
79163
174434
195861
136381
115560
50439
36983
109968
92070
188548
135666
93666
105693
147437
9362
111455
188752
173286
75007
120984
198643
159958
25205
54921
170509
182941
120952
38018
76753
91050
68764
172337
143697
65956
35396
130990
34277
156628
114248
2465
3542
190506
16033
154447
116340
49432
91103
128941
56261
45618
108515
125797
11649
38004
91767
95253
4629
183259
137109
189706
105430
5303
14934
134042
181393
192860
7576
52369
142033
152247
160299
8919
40066
33072
102153
150432
70104
32026
165041
25768
37946
123175
86900
175826
154147
72937
90783
127722
86048
86453
189402
186902
96966
1540
165338
182848
102770
38154
58450
197681
66577
133939
44028
109621
75924
71614
69290
116021
192325
67778
5531
126128
187591
127688
86851
177020
47884
183208
50350
130465
19163
96054
34143
150781
83191
21589
183034
111340
30748
39438
22861
54917
110153
64849
129554
198250
104085
83315
22946
42629
33649
177317
189819
87767
14794
181595
133683
135716
137373
136008
26976
32553
34210
72849
129460
131635
2481
9713
113913
114821
19939
156945
3439
94805
166223
21360
71809
148323
88693
192204
13012
130915
199695
125359
163575
136950
62604
77565
33976
132380
125817
19692
159682
25462
155815
45811
188466
27668
143018
142391
106712
57768
134767
91509
60457
19946
75354
154285
51498
115609
103608
198153
112285
102934
56222
126324
95532
192989
155412
62671
141459
134472
156181
22353
149362
160680
71243
82043
94782
99464
5993
171085
45474
76792
125563
101922
105803
55744
49372
44682
41686
136633
84749
66221
21751
194057
131114
104489
48965
153517
134531
109952
88602
70535
165644
98199
163548
125390
47895
90053
104045
97677
167864
95608
42472
134813
83334
46759
118249
39086
110526
136783
188884
108125
99058
181048
143510
136522
38196
128160
199971
3962
169624
155707
194298
104770
92376
86317
152891
57548
120272
162976
188053
3854
155857
69603
108826
61016
127278
103497
136984
16040
147396
126562
110240
54124
23209
122470
191804
22372
101750
156241
18896
76194
16462
126347
186299
13332
11544
8463
183988
148113
94401
4249
107248
137209
154081
11444
130360
130571
116531
10579
148476
104909
86585
188304
12973
158597
136435
1597
71828
27982
162605
71519
192272
166679
7153
136759
169123
11927
184628
54048
98615
120814
174091
130674
94868
58483
159623
53033
24446
193154
110298
166064
22931
42376
88786
29589
81699
174319
99933
145758
128225
112016
25469
181210
34836
102919
98428
148018
188059
10874
39949
130329
116734
17064
154441
32346
6393
103620
185320
171544
157513
43787
147013
130940
175909
170905
185452
198218
17445
43079
98016
127468
43588
126120
168226
17725
153078
152506
95382
9399
85315
146481
93465
111730
73541
179608
141244
27836
180353
58548
120280
134361
145211
71533
57578
101791
85664
134868
18786
54847
27292
88598
102247
140515
69153
192522
44675
72349
145260
103027
134721
42760
54810
387
148121
90560
28764
148985
151211
83659
138943
85539
144766
36823
119588
161626
115223
97169
115176
134047
121512
199629
195591
153921
41938
27991
131380
86351
196515
33509
145741
179882
80484
96286
66357
182904
44954
52887
109059
16045
163344
56937
311
117131
154253
139132
13499
173201
120115
174674
140000
77427
119745
82872
55670
101476
8028
168711
151220
119707
147399
115096
65871
47149
100316
115977
85716
164804
170940
94961
51571
15626
66294
49501
37254
10833
156236
184408
121041
125642
6318
6942
170316
53608
91979
20728
52764
113062
118012
101116
43962
58892
73778
189732
2156
34868
37159
128091
30865
164868
42083
63762
175511
143884
43044
58233
195862
180509
81092
65109
179490
138963
199801
105072
65600
25770
22414
186573
72191
13936
133423
103920
136502
90403
11867
82663
193824
42726
108295
21793
106956
131906
65163
52797
179895
51353
160432
53402
104060
170844
129271
166552
4422
4993
107354
89900
99808
5636
4279
64622
105940
157595
121655
156874
127984
139852
63197
24560
193273
76647
173326
59590
77912
144852
74797
70352
45878
168734
158158
114691
33998
2236
87487
27427
155780
86644
131065
182366
148114
133207
187660
150636
171886
175907
113152
23170
63256
92293
97498
109657
39397
42406
66899
194416
18569
29790
144564
70973
57627
7863
106095
34582
194665
41248
53084
139207
17222
38744
86077
96310
130541
177568
173964
77275
6553
41535
61966
98941
183847
186689
167419
59263
158567
96481
84470
30944
18374
52999
85666
14094
46578
13260
107405
99238
108099
56978
130072
72615
126811
176581
154884
4102
68292
58372
120933
26441
72771
127298
3945
8892
199861
145370
27179
188560
94856
1860
72024
14798
96164
7479
153616
65606
23384
126915
106690
159031
86698
23798
174529
144807
27754
118402
93337
90404
112011
63106
126269
189798
78756
69458
30848
5645
31842
196251
57058
39983
112418
141
174280
25842
21200
111931
130952
76718
146207
46813
103970
32995
183998
176984
13148
172050
174606
47783
81412
179913
157186
185641
164859
108827
59762
161875
118693
16069
127388
604
186250
27911
162638
130875
61192
86051
47044
32647
9584
118324
81106
22062
101553
171516
130136
41691
41403
162694
68385
46610
6206
4725
67154
93343
167686
118444
121505
56354
79941
73710
24107
73373
145093
153464
105464
175336
95561
161538
23514
107583
154573
112170
107292
145139
101752
52099
67923
144705
61057
73825
136244
45902
28647
161206
99382
129675
173824
199939
49829
39923
92237
12201
160810
52902
162613
95789
57087
148106
91191
26725
161654
77169
19663
117756
17450
104955
103895
19477
163471
182412
144984
25941
34150
117671
3775
75121
146961
99296
41044
40680
126319
166668
199377
111406
171770
95727
145574
79795
113043
198697
59902
16504
77360
26330
24130
187670
51592
9975
63066
2359
16970
138057
89247
83405
66039
125444
28731
181127
67167
74701
162415
8438
34611
31175
140009
175119
85927
130745
55740
33404
42421
68735
100651
126184
111006
88095
195622
129603
69968
187708
126997
95464
22941
55032
99130
92395
120829
54550
126565
68957
44739
29978
158554
154510
158787
141180
174682
57200
52499
47846
71735
66241
105256
106458
108403
155903
142477
86914
179469
171598
102158
187310
86572
81182
3340
160755
18020
71075
86231
149801
78614
85006
195233
141811
146116
101301
72847
155928
109938
67273
189020
196012
199578
442
898
15983
81819
52381
49332
149409
29688
195756
120214
93285
164658
153803
160440
29924
125406
12725
71518
164774
116540
21304
42566
194879
62146
179583
55019
60387
198970
171244
5761
30849
167148
17736
187432
38439
92137
157773
146397
109163
81248
133136
163465
125924
4807
157892
86357
147566
129836
194314
55352
152313
74510
54452
103746
77145
167611
44820
161362
128010
46661
136888
10876
29606
10910
147342
169737
100101
190733
115171
125549
86743
107909
195585
65869
166602
81509
46178
84664
79197
70778
100551
90483
149510
73458
161686
62450
161504
1722
113008
8456
151902
37095
126314
184167
83628
167315
197018
79252
51317
97271
198618
5912
116094
73498
5172
180361
83782
167943
118212
72895
116135
87111
98356
107098
130960
64717
148941
11870
98570
90215
44851
73086
116443
182065
153962
158724
94870
190883
29485
30969
69568
156608
115879
131825
56454
119308
76386
28520
187133
75777
111722
183408
119384
152055
115723
10306
41819
100356
29244
195230
75091
140980
3814
1096
91602
82197
177777
130010
113541
194691
51829
186159
70561
74652
119080
63243
48126
7158
9492
195090
37988
97687
56880
77863
151842
98811
138314
142334
99788
142560
142264
142492
19716
177172
33774
178295
145362
132078
77873
149381
156594
168553
70010
194858
174564
94069
50855
33989
41314
145420
153342
190768
50711
160758
149857
130549
149968
59287
186940
81741
8479
72668
45083
43506
156616
60016
183157
69743
119112
54222
189401
63240
163714
53326
89410
192515
167719
154098
11606
30080
184444
184724
163679
157127
51450
13222
8199
23458
88822
144073
32046
100149
181816
171449
118661
29532
67112
175960
50771
72747
38005
108512
198886
2690
41255
78464
111226
9207
39287
30455
126720
36833
85669
157077
187269
94896
127109
126200
181282
166037
30867
162002
95191
46082
49252
97807
150677
192047
156796
192424
31308
17628
118051
157201
31936
42926
9304
168162
74528
171872
80773
158971
55047
135647
91040
71039
63548
191900
189202
47666
156001
16956
57272
37312
39879
56564
168625
195431
35321
152270
31656
180166
40457
140507
175866
58509
61308
89325
25323
99724
149095
198150
151306
193006
141753
148354
70070
140737
22609
87677
113181
181691
22602
46774
191891
140529
35789
21628
135881
93029
141815
140301
142567
158068
172504
35138
33060
34723
143813
190355
71646
59457
7047
24707
27543
119765
4066
153777
189703
190712
58879
102954
132889
176397
134501
194087
25888
40780
29856
114485
94899
135981
181389
122626
134223
39675
185269
129295
93919
152820
45722
88600
120541
7030
67013
84288
28285
28713
181480
184210
93570
84322
131388
26288
79836
144866
28501
180489
169533
171753
185333
179115
174864
76464
57501
22072
65725
181448
173804
114293
171470
57711
52598
14370
121761
44792
115927
113779
28420
159846
102186
94029
117582
27960
98019
101711
90445
29352
28540
18347
97799
101526
170167
128599
177994
6654
11761
27849
21139
78757
31593
56095
900
178951
157517
103238
16335
111332
113753
142061
96324
87433
74424
84346
5407
161481
172751
155076
145467
57977
198631
50089
172796
172520
4834
56666
146203
12683
156231
111346
197542
77676
150083
362
177058
168045
160846
3086
67142
174732
189197
161876
48435
61833
36161
46132
46629
167167
99246
75097
176937
32375
138900
159021
75945
11925
103256
47683
11972
123173
142730
190820
46779
72281
19308
32744
134492
194840
2684
50001
154568
160591
116913
34095
175816
127029
191928
93457
183015
133225
33227
155644
172660
5369
186763
186102
106534
101839
126701
167290
182958
195161
52509
163674
146757
98349
59277
121091
112503
96252
161951
85720
149506
126961
183668
41627
95943
122634
189235
131801
111660
172805
39870
114341
41092
154634
166573
54684
139140
94384
190548
175624
3973
151870
27966
8308
91688
158780
97854
192251
134347
162965
41584
88421
180713
197738
2975
28253
16304
65876
5263
40366
21524
89538
122372
125584
174165
192513
109354
57072
109352
198506
198814
99776
75897
23353
41669
191402
182190
117086
44499
21206
106425
20097
113542
188340
58917
137948
167237
66558
16546
162807
184383
81585
187868
181367
134221
145161
105733
93412
49030
147425
167397
38534
188894
176436
25273
176349
115940
87609
198292
196330
17878
114239
66490
158214
66866
3743
172247
187648
159250
96188
158510
140025
3312
115128
144865
24049
74635
161585
176682
123859
6303
78288
142659
23810
116781
119895
55329
108905
121722
7542
101171
34747
136629
32434
126030
53455
31764
152275
141221
108367
160193
44542
54394
196678
140387
7412
35258
155615
23368
2424
128350
197378
67462
110757
115452
179824
177225
115225
140986
124384
102367
69920
164459
71917
157308
22332
164409
25283
41964
90151
149656
66279
66120
34637
180825
151250
174580
134757
8928
48718
101392
109011
100521
138649
154616
136052
176578
117181
126911
17119
28114
37387
112386
195539
34828
110273
183037
1656
98220
172121
190938
192459
59716
102059
141929
163990
186228
161657
59577
197408
143947
37916
46858
185298
168407
122454
55118
103752
50284
58474
74697
172076
93612
199537
129358
198330
16934
42997
198270
50142
93861
154798
25667
160640
39767
101996
120363
183165
102928
85186
83648
112287
144252
175211
179129
35872
110756
36745
147472
50423
4969
193708
170951
24131
17125
50364
39653
116326
172698
118376
41414
133702
139425
60086
170790
18106
71583
44048
14136
168523
15838
150094
82752
193517
123876
95832
19829
70971
13175
103724
195868
72643
111114
166401
165183
47405
27880
176435
98444
181857
35077
63766
88050
109624
95770
110613
21950
62676
170817
43937
188903
162537
65596
15023
110715
13178
40827
11581
140922
13917
69522
158833
36293
193898
59507
176843
191740
172281
51519
181193
126205
29075
89265
155134
66634
44182
25781
116221
178348
92169
178992
63392
151558
109086
149577
178152
116233
183780
110667
43690
167320
12471
133572
133719
81025
129787
41726
48025
142834
56884
114659
180090
16039
118207
72320
60701
111773
171359
89995
173425
105778
63754
142701
154183
159866
159137
107016
70993
112271
33778
56798
53192
20418
34204
73323
13440
173003
82059
52354
134067
113195
14845
193261
3499
179225
28135
188964
17087
164665
180365
29675
85873
140412
44382
175742
61642
99120
130070
137504
91014
22573
163051
168168
24293
68201
79990
182319
127123
137547
76348
97367
70747
145329
12418
99302
31534
154097
73002
42715
82273
119642
140938
25034
169459
129264
40167
183036
179697
111737
113891
48278
15827
128363
172095
162800
93430
8685
116177
61751
34601
67980
199108
67875
185232
108146
198509
177707
43890
175949
38696
142464
148995
128084
21069
93191
139809
772
80633
91671
66452
144190
177419
63033
96497
53141
173657
24104
168351
159784
6749
86175
1700
125679
173901
67594
167634
171861
52251
135500
75478
63321
18246
182578
28250
57686
142943
128952
62520
57463
193992
149450
163645
143145
16735
146900
63089
125315
35379
137053
83513
186704
60799
23357
188969
192041
7003
171869
89790
76784
114067
11031
6690
185114
157836
1311
80528
183016
179223
120691
46982
41313
179449
95494
102040
150812
4517
77398
36076
180385
74185
4407
191522
10664
119866
88970
137476
122826
35131
125106
6014
77491
122001
140627
176308
67861
169541
13743
121608
167004
126941
128224
190185
171910
186510
167806
192212
41566
73286
92887
123737
197497
21915
34959
136306
14588
48934
149517
173174
43610
186873
131339
32977
38619
23140
64759
65036
163869
30807
4728
48872
123128
83841
114751
33783
96968
194399
36022
51036
84428
171645
134862
132638
106774
163739
28927
132655
126948
91820
85974
180542
61239
91682
143556
177737
8875
122672
191268
125317
153518
30210
167175
121602
127140
137910
118029
25641
31353
32988
74267
171108
199702
168282
45297
50569
100096
188773
173681
108569
180891
65394
192668
111072
84297
194754
98013
111043
97611
178945
164004
5977
4714
108971
24573
18494
66396
100543
30766
190020
137967
711
190400
61545
69694
27348
103587
117365
98389
130566
84768
114788
19858
67960
108298
100447
13218
108803
177940
183417
37928
121883
113938
130602
98752
129094
24555
20401
103131
20353
141808
160713
97113
186779
24024
80658
82835
102530
49239
121405
71391
15840
85563
117394
67016
105062
90435
129172
185259
107371
178560
73761
6961
172003
35866
38123
68289
165951
190082
38185
129368
119603
54589
165720
66402
196776
97920
54780
49689
168866
22270
60076
13731
144213
17719
52811
137856
140463
179466
106972
167047
101926
24533
83276
106264
30133
21093
83091
118770
190100
121762
119129
133555
108996
95605
187335
61665
169740
145689
58103
91226
27737
43051
50038
15223
167121
104468
159865
71507
88896
155550
57667
164635
138293
163038
30225
35858
135004
712
142524
70234
5501
168821
183744
36694
28761
123501
132004
149838
40095
71557
53024
151121
67976
101068
75770
98265
112982
156711
74856
87837
90638
150120
195894
134644
17305
56709
94359
359
47706
125560
187099
199462
19996
122380
149980
10687
106219
88742
115031
167096
93998
9921
2042
111350
195174
134735
85101
12010
176806
189240
87076
132254
113189
146853
127400
155401
14103
86194
92039
111028
127480
47556
118047
66510
131229
139401
30752
105313
80488
150255
95613
134731
66342
75495
198710
92168
49857
93952
4031
16717
84683
151298
176258
68912
98190
158133
108255
145284
106276
191242
117935
190777
173758
12387
188223
69523
120396
186278
74658
87945
62790
59595
16968
129276
128863
18572
197293
167081
175244
106581
163744
106515
161184
110098
99839
42923
56305
32211
158793
98113
159749
6290
151073
47570
147843
190427
110053
114931
148862
18991
89396
178510
66066
149378
71545
149541
183473
46805
199234
186965
138970
176183
42149
87129
44863
59194
88815
29809
84189
106144
98810
49481
8926
96073
77855
66671
82943
116494
70736
5843
93591
32037
23516
108562
49526
170798
65425
198358
28200
93433
135202
165936
135670
35598
99945
61706
66812
117944
57543
51348
162606
87450
109176
86474
92520
112978
81337
86865
20286
45372
164945
186401
67766
59338
159506
107843
165285
6653
87194
64578
158656
164870
6839
170601
18327
136534
126199
893
4058
154590
160056
169818
417
81636
183728
18780
5840
20429
124787
45005
56707
174157
51951
77489
174972
177203
137214
56692
171463
18985
95226
78275
140074
113237
187217
78082
147213
112025
157618
116155
19896
147266
145085
25251
187373
99878
132858
144799
191279
109386
166238
3603
158117
92244
33788
170293
180386
110490
17307
83119
159583
114411
129206
41544
79028
113332
134326
185661
60256
59286
73578
183050
147424
19651
66977
166353
153033
57343
178235
111698
60822
10045
111013
170522
14018
134809
86787
92324
197883
64972
11839
74657
56990
79844
46548
31976
47842
40302
107790
27413
138897
3721
41936
126988
184535
41965
187254
50993
112456
12843
164542
184764
109440
195235
101562
90396
156712
67027
58990
193629
150748
120627
104639
199827
146029
53030
132101
184049
187788
136156
110624
109747
116315
185275
8016
2214
46724
30522
164212
43782
161262
177832
76669
180151
75923
136080
56254
171679
8964
87765
186990
76726
62627
113823
164547
168550
21740
76039
1215
113561
110076
91764
31500
144399
81027
59336
59169
131766
171822
79331
182137
33240
33037
164202
54256
153937
133119
36208
11566
104116
43081
72220
17979
180288
50192
35801
38160
153657
121721
54448
173111
73616
169890
156803
93547
166470
60074
87938
110228
111426
165076
160888
32369
126908
167473
130279
153060
99345
149956
56714
184244
118176
1968
57893
166001
63324
28218
193397
99065
35481
114529
112639
36162
96319
72366
79405
114098
102311
139448
163030
180460
103896
129013
32319
108411
11999
12278
103596
158095
179509
70124
182928
10812
161905
138633
139858
161627
9459
83600
47422
95058
193162
91863
96893
61174
10853
173776
52890
76477
24429
10725
143347
135111
133388
167948
143305
31474
179408
16667
167584
171006
77107
66982
137423
132955
148959
87419
138300
173934
33974
22592
157871
8553
14864
97676
186129
135510
135089
135966
70319
77853
42633
95399
147393
64217
120837
81471
102240
22457
122241
178609
14096
5604
193526
102822
166948
131294
164580
57207
114279
167771
159442
110181
19609
166954
161227
13322
99697
171558
101395
191360
173781
12733
107779
73264
77651
105525
125529
153591
165424
147553
117581
155233
96806
52751
155332
139163
155604
115878
121799
127708
78617
66815
76842
13206
16273
107698
95627
186508
116049
98039
74240
33762
193875
131891
52809
83212
34639
157789
45356
38491
73503
183967
33990
184921
95375
33604
31681
184052
30446
172765
114972
109015
92417
184410
33402
153029
50864
66081
174992
86204
86380
187847
179049
52800
28502
97103
164988
172487
19616
66150
137594
57382
162676
160820
160572
60624
157068
193935
113948
181870
34250
84548
154027
105252
25440
63406
154711
160616
161998
90601
93887
111058
86497
151960
131402
48664
4194
161862
190621
98457
118265
148636
161858
194707
18023
24050
144540
61210
193502
129623
182385
72710
59666
129607
26977
147918
75768
15748
22434
80346
106689
51040
191824
7695
66471
158747
172033
92224
154471
20055
112099
173711
160348
129844
181743
57677
27581
194064
9809
27109
54659
122117
188653
138443
15516
100556
120043
66959
100818
181987
173902
102422
47642
11428
182452
99575
44716
23292
127473
84676
104862
80748
145514
7722
40937
181094
121212
106726
86195
5735
91679
169669
180248
108210
123619
163783
117216
85960
77740
143789
159410
168536
26574
26569
179686
112063
21784
142910
8907
30976
95327
18790
94480
80771
183465
11466
166777
68924
14369
183532
82452
108749
154117
12801
13871
114262
30986
25823
15643
6373
196301
191925
96991
43465
129983
121243
27395
198823
136878
121402
19234
170982
104350
188862
149062
38987
63328
90160
143129
105206
134060
68087
161781
159971
149602
23159
26581
70382
67802
198774
141483
79898
169680
127651
183142
148796
156032
163177
160075
19266
164251
159484
4503
50978
161241
119310
166024
55542
59706
25508
21779
13492
194860
151803
179591
17600
30578
21078
167536
89675
24575
130608
50796
54754
41812
4704
165480
175587
62414
47181
28055
3667
181527
176302
104835
41616
46735
170963
90276
133953
23012
102766
3243
124560
28879
49354
2069
21465
135258
145744
11766
54509
164940
71292
13709
170033
5174
69327
146255
176442
132916
120522
97377
22969
121863
191989
99753
178672
155840
157631
104103
98661
160183
57081
103143
92223
195921
4415
120089
120828
13911
12550
80025
171182
183616
55454
86593
60198
19465
139224
87876
74931
165240
25730
3404
148304
142700
108022
82344
195993
21857
37854
186813
55268
107561
174615
53127
44598
19982
39768
131459
195811
72379
89376
31772
13931
21136
37911
3975
64030
177029
130680
51094
177415
64846
157695
36771
131861
97788
163400
153355
23994
170097
182102
52437
6526
105556
57710
175925
38296
30232
164183
75095
47953
58260
54820
151463
141259
155798
92963
108353
60949
45670
126864
146767
131364
161919
30235
158853
48377
175104
126491
95810
79154
21403
187687
107888
98173
94989
105290
191471
22731
190338
11789
193210
81023
73275
78381
145097
76825
77079
70530
180323
198787
199978
67689
189804
145409
168459
84957
66707
14811
174973
2827
36889
164901
136518
137985
882
143266
146346
127377
52541
111528
110758
66652
66840
824
187126
53026
195647
82821
173196
184512
173805
82078
45702
147447
26152
110398
61286
29908
38571
79077
105194
188791
101187
125396
48170
131393
177366
176965
48619
77775
94839
125625
162831
162526
170264
27065
136866
61828
168978
11289
179391
2729
96570
50646
133004
127602
88166
82511
160762
94662
83763
182652
187511
68916
172485
128837
128832
63129
79760
42248
43607
102478
165504
113808
27922
24481
147652
129414
38812
25303
125149
46415
13497
169181
71244
135907
95821
110346
94041
199824
10545
30851
175821
81530
81927
139897
80995
123334
115069
83806
194867
123241
23858
107497
62203
177305
102280
58557
192122
194690
84898
130989
36245
136129
189950
29436
123574
198835
53536
101331
121798
66453
102885
162868
117381
112300
183671
28251
155862
15018
1244
64833
32342
13566
17765
62062
165130
100957
43291
132953
97174
113419
80140
61297
143910
69193
157827
40961
43146
124709
40907
189116
20458
123640
29563
177096
134185
165547
83586
35424
142316
27686
185610
23755
162734
60887
62463
162214
74908
97817
41569
192275
40958
113052
73965
115428
197671
67426
154025
86583
189244
75083
79315
116365
31711
155398
121781
82559
19202
158272
167578
4903
151634
137909
10748
37447
7871
188412
139438
129755
112477
65020
88071
9531
123144
135138
105571
10988
105127
168456
39205
155297
80056
165105
91345
178587
72020
164996
28609
146751
38180
89033
73871
115078
105304
175115
159965
34001
106473
52537
196907
165729
36522
124403
77507
195914
165546
131972
116468
77262
160198
114491
198898
172020
95907
59578
1107
184369
107869
22628
89434
110370
97671
109200
138834
71222
110775
71581
41595
173597
12004
162100
8406
125977
63666
156324
71872
114331
16512
104653
39195
37039
91037
160984
175726
146522
43723
75261
25739
97111
70380
29285
33092
8947
55369
132145
196989
193340
34501
79706
136735
44342
181928
180755
167546
69499
83726
128152
27908
76158
128469
51765
7529
130459
153697
192574
90643
167254
39458
102209
103101
86119
70478
31555
112051
120389
86433
21821
98901
158113
163023
143752
114417
183730
119539
18937
169521
112212
167224
114539
53601
1172
8245
65745
34507
32227
184648
26564
57397
99129
22909
35329
136941
9872
190366
155646
20319
166605
145084
191658
25745
160091
171768
182766
162548
18954
144774
140716
41930
27779
153422
1894
136602
35182
56987
112622
15781
162056
21525
192896
59848
50162
189989
45829
53499
21346
76255
183330
184936
18895
148357
110291
39429
174417
172413
104017
34248
170651
122334
53437
199013
187587
31843
154869
215
185698
129653
156744
175038
148697
165835
109204
164170
189544
4555
4112
7310
179787
192001
133190
96230
39201
149783
43706
70059
186377
179708
40244
29657
70628
81545
62239
66544
24172
118644
40710
14063
75787
10968
91852
31032
157434
75470
159970
109475
137903
68490
199819
161342
24839
75805
74121
125260
86733
46929
67208
13690
182304
26891
132050
57347
44864
27
8177
52584
3414
185963
130013
198333
92843
128211
2790
49588
47890
59337
132211
62314
140305
132996
132316
89486
180513
156353
592
99102
185806
157490
36396
14694
75200
191851
39154
13215
77001
174665
126244
80607
119099
84849
115271
100807
171591
77027
171329
25482
41994
85122
24447
123722
84138
102196
24983
51977
149326
29525
102746
152801
148743
15030
25322
44746
17773
149233
135891
156749
48867
183507
12723
103924
132195
138328
128313
98577
28656
20910
44818
72206
106868
158782
157449
82168
181800
137686
109533
36979
174982
13552
132071
120560
189504
116512
106524
62633
15402
28815
35967
72445
189991
182048
122442
197915
177667
148461
150440
103572
97462
77954
76682
107688
38790
119884
163473
40074
193446
12120
136212
37162
184783
85029
22621
57254
192787
37473
30328
16720
153511
75208
152069
198632
31545
161377
192781
70583
30636
9161
88161
52042
106045
60677
84364
90112
136897
47370
137843
72972
123017
5084
131916
38159
16073
119915
8077
91668
35213
17665
185233
21186
65404
150219
117127
166856
126558
73143
102881
29433
118908
135360
1271
75293
55929
147908
11119
84688
25258
43378
89904
161439
110476
163662
171168
93563
118703
64733
37020
115340
191915
56426
67371
187115
174497
160472
82569
97886
187537
725
31297
45213
22422
72866
150718
17723
153577
47277
116994
174374
185977
193801
136703
74480
74189
37115
180972
111739
54008
15916
49026
77834
9352
175530
65317
53231
45718
139995
5901
161580
24725
63180
23077
196821
47873
173814
67600
117369
23673
102491
121265
20390
40171
115142
90884
186797
142726
47064
415
169963
3395
136432
10940
156243
94916
41877
183889
191030
71238
187011
61931
58415
167897
148370
122618
33014
190581
149729
187601
118495
23606
34608
86115
18277
93544
51994
102626
4953
176663
188601
77652
145881
141993
68834
68233
89875
26363
143608
66351
133513
188249
14585
155892
67950
128001
152750
61860
6005
125954
85188
58061
70994
44968
199366
5480
5285
189581
161958
136182
53157
3108
94576
152277
37714
162689
131910
90801
153556
182772
17491
147107
147984
90603
56129
53002
188164
3169
7277
14695
156664
31441
180941
126797
138378
26495
49994
61759
85860
95647
73447
130408
71027
50593
140863
119656
94152
89323
34829
146396
152213
114408
183360
60597
109686
62971
179833
161775
160458
132884
199308
194645
158139
42851
189424
2787
75643
50803
36597
177191
116081
138574
120378
163301
20902
106750
95483
183111
110122
136512
15914
36445
139482
145477
25754
199388
165368
60769
152206
156975
149860
159355
82483
149716
151981
5059
130703
97795
4870
42680
69639
25976
1432
128643
102883
90057
62228
114007
76752
42322
126316
98055
171062
150193
63896
101920
63906
49581
117471
153058
98258
96842
47009
82928
184995
156823
80042
79818
151618
176369
82413
180393
38694
82922
181699
41542
59170
131278
133999
106813
52682
181892
4295
191374
126124
118185
116809
72043
88334
152665
22029
25909
80593
173691
146180
84276
177367
118462
22143
164421
191474
102701
62857
26563
56877
117029
30528
165497
8007
89821
1881
79278
9535
113206
163591
7198
28498
169547
155379
140150
153775
137147
40272
110928
82618
36587
137730
50673
8537
158386
130551
143455
162252
174499
33114
116158
163816
155647
28129
188519
138606
58699
163736
43475
185412
53250
154046
98275
24496
84799
73862
30515
84900
148130
42870
23608
53172
118451
32237
194843
18433
25370
39012
105707
68962
30961
86645
190313
64652
40755
186255
153987
55250
73969
73237
89960
186507
6801
30349
66448
10790
57999
23273
152174
111322
170767
10487
153336
74760
83471
152340
89034
3219
50710
112445
98866
15104
86442
112020
136477
33620
19062
159390
10788
90035
53248
3299
72980
5564
145694
1190
192380
1433
99763
52670
38814
166641
133124
30816
67803
18226
82764
185104
163732
24920
26385
35547
17098
91222
8965
94456
170821
132785
64940
33056
189486
85936
108205
156142
179101
18978
120264
106237
93579
171576
44955
137435
198062
2052
16754
24492
138511
178648
55768
80609
197520
8367
135593
91977
28214
64937
126632
136738
102546
194604
122031
48481
125353
66723
39593
35129
46287
185343
112714
26443
155855
199920
54644
35504
128649
120820
111121
105353
57910
109405
86465
59995
119027
76862
174621
195211
15341
65714
45433
129552
29509
4778
169841
192112
19686
134923
68733
103708
1829
73977
108765
110194
16821
175495
121577
120427
75679
178581
171241
46653
25335
42854
145424
41895
166838
95924
164024
46971
153950
112203
169476
32020
38631
141834
123223
169709
160962
125054
5757
186722
166607
99907
138052
191920
78380
121790
137624
132784
127655
93783
190686
42865
128063
185027
32868
28159
65978
137433
84349
100857
144748
15386
140447
168700
24276
18140
147655
110258
160878
182647
99381
37874
53994
75880
68796
75604
143142
8939
158692
159798
165943
176131
111811
195010
162452
31283
74076
59863
147298
158378
25025
172923
170685
69530
196305
121825
93034
60087
182820
159016
126237
36719
56856
96204
18553
77033
106461
76723
172824
121877
94548
192213
4248
73295
16173
60531
146113
195351
155808
7124
24214
150477
109940
192428
14575
75916
9496
133208
191813
149533
140005
17208
89832
48679
20388
85763
49474
82960
69727
198484
95128
59728
41130
154357
151331
82736
70372
35975
19739
189714
55138
21639
149092
137841
63298
195669
143532
75683
172299
115907
172830
55383
11311
38978
153315
64784
105528
130526
27756
83682
84087
88668
15536
76236
55017
130511
33660
158225
107306
181239
176626
144463
194954
67035
7235
29800
167084
132166
116297
100847
54176
105400
412
72442
71811
144359
81304
72103
160337
163158
30480
8006
112009
72588
45427
90602
116835
8874
134681
158013
3708
197842
194633
199924
109506
64431
41455
103866
186435
173452
93888
123373
169038
107543
104681
110144
113362
195971
150145
176439
187202
158438
69429
180540
68717
19447
136076
52405
173351
112100
123160
139984
190135
99943
97966
44007
170387
148243
53202
117078
57866
133646
22153
88912
14874
84055
133067
61038
194797
196478
30897
178850
159458
78854
123556
53645
196421
39282
106490
76203
76660
86006
171252
78461
74470
162963
29668
59909
6191
174257
165397
36183
22578
157361
177271
29253
96606
97494
180061
28493
103440
157963
136350
125018
58794
28324
154894
37724
90131
47941
173077
121346
64345
156199
121029
30638
102926
28239
130245
26043
120270
179825
113720
52335
63976
116936
195778
94572
168849
122606
192331
88674
179272
21108
52399
160428
133794
46327
3045
109241
100113
165353
29184
72673
89920
71328
128487
50251
116958
91358
125897
167185
94864
12780
176076
22971
101675
14144
74457
35724
36507
16152
185348
154176
76910
132626
124822
132133
19348
10645
31580
182534
98103
199700
72564
139154
152314
36761
163746
195615
51637
172388
27563
185608
100070
14626
32290
87632
195182
153419
114256
102987
81125
38907
37966
178356
129998
142087
132793
99193
130528
161484
7614
63318
190660
134877
32783
60589
164231
149620
61144
43967
62489
113468
179004
154065
130623
71500
95813
62736
107005
136183
196354
146547
64360
32924
87099
188901
168077
135895
969
153387
108601
180392
161085
134807
118224
134138
81657
47429
38626
121474
149677
197549
169960
131253
100143
141733
102479
61460
49141
140874
82471
129565
109626
88458
73284
177050
127324
154862
87764
151544
110264
145434
144937
14950
73225
163229
84068
123882
53027
182585
14740
46616
112774
195555
6582
78827
131918
93075
93551
161635
193020
97693
23223
176630
189237
35141
12353
23348
167777
67323
118050
25030
120301
147764
197841
136930
4260
193458
80448
185946
78859
71525
125250
3939
152522
123533
23099
112373
106215
77964
82611
106203
91562
134707
139589
81113
76301
145217
24810
2570
2898
128364
116957
61902
185800
130039
111448
165114
102772
158962
91500
1452
169175
147211
16987
116960
122463
153009
57068
114022
197197
50141
92557
153262
122078
192113
80813
160946
192695
152321
187937
188651
168380
129495
194669
43004
72400
146336
72051
198745
183100
42128
163368
103739
10130
126256
183122
44711
176677
33803
170172
136479
182624
79003
77941
180578
45943
6962
70635
148417
108546
4898
136834
166946
87510
31416
27762
162422
143659
135240
129893
137512
84408
172598
177601
182561
40690
177429
166851
129798
125724
10607
108302
148996
57021
142294
121077
73018
197037
179376
196794
63433
4109
69341
88695
52104
90305
137429
174567
112533
105982
87355
63770
50702
21776
83061
87171
91201
143499
156662
3928
105006
44861
187555
89487
122701
91967
283
47538
90956
128678
93024
192892
89235
100722
135980
86635
25705
175649
155594
93979
69823
170266
84685
62870
96563
70705
31019
84360
178303
151938
96158
171165
189317
101400
192769
105234
58691
68051
149820
84158
170657
125407
133799
7311
140584
166481
118626
158536
183187
87854
3794
173208
136264
127376
49515
80735
90551
87103
163795
41226
106667
17758
176043
42188
195802
28714
165155
88536
52698
44364
59099
62475
80838
40453
195657
86001
147127
72928
104385
127172
162592
120449
84495
93846
165575
38573
55497
89321
197659
68134
100389
117082
39736
14155
161019
106368
149317
2399
15740
70516
154608
40060
177207
119361
168804
137586
69941
43635
192993
176960
196530
9941
194921
15845
33673
47969
199871
62818
95662
167743
13881
19567
6853
37791
174950
27804
24673
151588
191802
141615
141013
18770
46424
110468
79788
70099
65268
6341
22561
56905
75313
79453
170738
80867
25573
185650
126904
198560
58647
73347
97303
80257
144535
157522
40312
107824
184556
58566
95769
112790
90500
118450
125096
150735
37987
190058
61087
191299
55501
198827
194318
154070
56663
38972
3877
60518
38333
48113
54278
168068
88736
133057
32620
4225
194589
20272
107717
84198
69903
3462
173062
63215
129619
184427
5301
163822
192497
34491
184993
135190
72324
142986
86253
39577
9528
105159
38538
41241
59795
186530
14077
154994
180922
164107
106086
54036
106938
157977
23524
130590
144888
62812
23452
156012
125460
44053
58162
113341
168780
173114
168510
95983
111983
64181
151054
123702
14863
115414
15830
104694
19382
16049
139250
76556
139274
171613
5892
18567
61769
118427
40688
106890
123829
69814
29834
139704
85754
24193
135488
65463
185736
123298
6847
71759
129025
552
59540
177665
47609
139948
111288
113308
139786
5297
13625
63003
51685
69476
70377
142453
100169
167861
57737
68972
170173
29419
78369
98185
87228
49328
97185
151403
45044
159498
173091
110741
22195
47817
145333
190804
149238
194051
176688
34808
24485
119442
79299
106480
184004
53744
67843
191830
35913
134494
34954
86732
162698
189552
150946
118855
42393
182334
16799
150048
176024
78833
36291
59243
196962
121047
139185
63244
125707
73985
107656
109887
23448
30196
55645
58001
196453
100853
99833
92602
141429
192671
157933
37251
178063
108671
172733
153049
183820
28360
21667
37467
141931
19350
180827
62459
17039
152440
74087
136507
99018
49694
26572
95394
10951
144464
173317
101390
7353
70498
25340
71438
99204
6027
19788
56716
161309
133544
185731
29568
90117
113690
94595
133720
35283
54474
168323
190680
103294
188369
131432
40140
48853
135954
140317
79290
102442
99655
34328
12716
110997
139459
56467
37774
166922
101185
27317
95838
61190
71731
12449
42942
72851
13534
159891
101639
195120
87225
153038
9800
11674
102826
192855
108598
56822
56039
90290
187132
162709
143186
84766
8835
102762
119073
19566
6467
27588
50298
192087
164995
43341
5482
17782
21527
14015
15592
19215
137540
2116
75051
85659
17175
87212
138869
191123
31542
23660
172676
115562
123721
68210
111280
10692
133778
86808
60749
27170
43576
146974
116897
120345
123232
118958
50166
174146
197503
199314
186977
87557
4556
22346
126935
158390
145371
185616
72586
17913
18480
26527
145515
174341
58534
67569
47620
193685
159205
159394
91938
180073
35436
44069
165878
129186
111662
178592
57019
169850
63217
105558
65728
155526
115598
71099
174301
150407
6326
39492
6233
10484
19943
142740
157590
165023
114010
151483
1908
13788
77517
161270
135433
101583
86149
140486
84906
69672
28748
56538
41512
88145
76157
69362
76570
34323
43749
86134
88405
167109
104921
64077
104401
130441
184640
50108
190901
33076
61703
120056
90586
178596
142094
105859
70575
190965
199906
156537
92757
103076
83200
131351
61005
183686
132872
39737
177989
96108
172776
60951
133838
40594
93957
154996
164108
117850
114875
123860
42953
156015
131241
7535
121952
105291
92348
31004
167833
111143
61236
162626
117658
81818
28530
61688
80660
99372
99160
147442
185484
9884
27380
101897
30476
120894
136822
90144
195694
6623
194239
93896
134011
184510
172018
155405
84796
141982
69972
31572
193734
142322
83213
65810
102144
137244
17506
162278
127720
160229
72131
48827
98359
133753
117352
170063
20395
156134
11543
98629
23649
94789
84594
87667
77351
133385
52853
94694
156356
158927
159678
2172
130054
136901
100518
47680
145154
112243
20066
8186
111388
130129
197424
107932
307
19854
65997
126257
72569
122781
68691
13747
53902
104754
55848
40221
62758
145288
51728
74097
101542
129250
118670
71560
59822
137765
165385
195626
53544
171345
148626
175552
165688
15091
108750
16578
61917
104556
167654
113928
114857
119292
67078
14032
71436
49681
176077
88699
191785
141725
28982
19864
9559
56104
186319
112965
177948
13510
139458
12630
4014
189265
144864
5764
106679
154063
33489
77329
73258
13817
184197
163104
63569
179043
184642
68894
171291
75534
21301
86090
53606
170918
33784
14503
138709
170664
163463
120077
54237
50047
198165
128570
166846
12641
109677
148621
80455
61519
110386
74426
74741
47700
128754
160893
174786
23765
92015
97401
123239
41004
28172
45831
177275
5105
178080
55505
84776
134548
191619
92279
20302
179479
40041
154765
12557
42336
171748
85009
10423
167845
61982
18351
127331
155036
110494
97347
169066
46249
109422
103182
27325
40512
104710
48508
72172
70450
135950
164080
111389
35494
25896
148987
16282
167203
129277
110645
101601
148193
53053
154036
78455
110880
110682
17683
54786
59567
69610
63988
57488
78290
15515
173764
45375
155625
192080
86958
129144
52858
67638
35908
193118
81469
86435
32716
74890
4141
163880
147708
86574
45240
172526
195220
174848
58582
182312
22524
38271
87293
172743
110412
23929
189479
22897
135175
76488
131495
33872
35492
17531
134958
195731
162924
153077
45985
87864
13852
35104
174871
102335
42262
63776
143949
59872
79598
84631
67589
149492
183806
9952
22682
111697
110632
56252
44503
42402
86763
8472
136068
107340
7351
95701
179036
48627
163908
105435
158334
56818
7531
179978
30559
157772
51558
50928
111019
38583
88877
182365
178297
40057
154076
83209
154800
1841
186717
54898
101289
100916
94932
52222
147677
172531
139032
194027
142802
195937
84029
105426
124965
183430
157340
93298
185151
14710
191941
55844
135379
184485
150884
180890
41469
42582
119996
53472
8708
88147
155797
108918
80543
7631
19411
57361
14676
58113
49227
31973
159850
171956
174553
161055
166083
94828
25555
190351
14328
174743
26448
123191
198674
49711
179964
193534
106142
119682
80808
165557
51660
41196
133320
196430
172420
123112
99491
143475
80052
182111
86517
179078
102361
152933
50281
133381
106056
33196
134712
6427
114009
197679
159962
115689
36640
20314
147640
2564
165332
108589
60310
144870
117228
40082
15202
24222
122115
181945
190987
51170
41010
196227
46293
19040
161807
53187
153430
116665
72303
24879
181973
