102694
144206
150331
32849
84549
119170
14012
124624
81127
466
175562
152172
52852
62373
67880
43421
37885
108882
10166
78124
184974
96451
141978
139468
94409
84568
123653
123166
87082
148089
43877
154163
57915
53119
92160
21956
98337
39108
99649
32919
53735
22794
79180
133874
110885
35407
198997
199258
199632
190200
96617
173960
8695
31271
55144
13229
9043
149280
130949
195389
46556
119030
151069
19011
15637
125272
101626
89549
104805
5717
115913
59880
147690
83580
56484
158878
194554
169591
37659
148607
31632
103583
10308
12253
74233
37767
78573
132947
6300
134095
159295
128099
2044
130429
172501
25882
115220
50874
198779
176173
51703
43832
81687
141493
169274
108429
10354
119547
7752
20276
64452
33410
62105
71473
11348
125233
10863
165772
166009
152425
92634
127502
163343
81880
160376
144139
123219
27700
114513
81850
42172
85283
52569
182204
150159
11750
125846
53592
10768
138729
100943
8976
115612
179326
196889
30613
60315
143996
11773
44174
143104
81833
192967
144418
140399
81314
68941
184544
165751
30344
177066
167928
107984
116100
116160
192055
60823
133135
92066
21675
35448
108246
14204
24934
180223
80235
20928
134356
78385
92285
173738
51783
2973
131120
192293
118155
138465
190057
171603
101960
13250
183266
157944
167345
110183
105918
6182
20525
67932
127557
118036
107961
169577
106108
183305
155245
65014
127249
39124
100109
172643
158444
106894
39973
5063
167873
114275
119261
180052
104945
124817
120811
77769
156884
132632
85047
82189
94908
188849
34343
13845
5950
166590
33665
77320
157540
13426
40020
146697
110213
80631
53188
2436
43564
54665
191380
183204
131027
10811
117570
114326
183248
26378
126664
76659
10304
111703
183589
78291
57333
90945
5186
112612
26244
30163
145869
178286
193172
1587
64340
7762
49867
186861
71300
179661
118163
192966
87317
149717
101559
108737
138065
97240
177236
79890
182927
77015
106211
39311
186607
30878
126268
95481
61663
90900
100426
90897
27616
199572
199426
93799
155122
120361
150578
10136
3270
125279
24602
111647
73767
114088
34654
102858
196307
194844
61090
28086
110439
112927
62640
177079
1138
186291
104467
197827
34442
68675
171688
80645
15590
105117
194815
184330
38520
167144
88256
61298
83341
178460
192940
158415
113980
1869
79160
195658
169138
143985
135250
106573
154663
157157
156997
68884
185213
36742
92447
22463
161608
31361
165766
155467
123294
17354
151762
100218
170662
190130
189915
83818
76257
170436
80473
56382
111521
64111
114154
196149
122665
70335
146381
21201
80723
31006
111880
19314
112593
13697
101609
93620
134506
13537
2672
5001
14433
177012
1547
124232
149591
83647
176501
171738
42229
48387
144266
92058
105572
144749
91991
68121
157569
13360
101058
69864
55374
4425
27020
106434
192051
13189
168384
186214
74767
180630
76389
132184
141044
116840
141283
16391
101900
101599
191935
9773
52450
88113
163489
124971
165413
164980
108001
152893
178222
102869
129609
23639
56494
5654
12272
103228
14522
152498
87399
59173
124281
181934
55583
66210
123011
25628
90520
41075
47856
11579
122875
37380
16256
33115
162918
95639
121458
162389
42578
129824
109531
36051
19279
128685
32135
145407
68347
20677
101498
107731
31709
89227
179057
39501
102966
38239
184338
67934
37852
156764
6296
20447
172436
6735
100170
88268
172410
124074
198237
6615
173098
97489
45853
48633
107772
61177
81773
165675
117363
71888
87724
92982
44618
26603
90248
168220
76047
7503
54319
195502
95151
109679
83058
69953
107762
133969
105714
20289
71718
185600
26695
113578
187728
5050
137478
133230
91803
82122
45826
199162
189080
141925
78340
60882
15310
93471
188480
36992
69436
135031
191282
90028
20364
67231
2837
64793
129639
114717
76987
193885
7940
183222
172384
89702
60698
105920
145798
165606
196498
80375
155826
138258
105822
163806
105540
33838
6066
93559
87883
27708
175219
116970
150689
170794
130330
118434
137238
63350
199026
112436
84046
196742
5266
173254
6684
193471
11063
31732
93163
104122
10116
186845
164860
313
65473
199708
30046
154883
72717
175422
98652
162543
118039
74325
10743
136282
114907
157451
31739
8730
199340
189933
57943
195582
122798
61675
33599
65366
167735
107042
191530
146613
135369
144257
83858
188066
179637
192579
61033
155639
84094
198925
167085
198961
67329
150324
37712
188973
61030
34470
61861
69612
99460
32466
170194
90038
106962
74720
68036
33845
34553
105967
123542
14775
24420
120276
189234
71673
153200
57660
141750
62953
102936
145419
88942
39876
25868
145437
65123
30062
44479
1444
147302
89095
169259
55659
33323
95634
17232
159009
97792
184124
102237
126547
192287
92927
146281
7025
32948
29896
32120
135203
83351
55219
168572
75544
53225
35680
138199
144010
49180
86117
186881
91308
61158
72278
131173
144466
54258
53492
66306
157719
152245
192094
122941
104224
85928
63840
33846
35412
74530
82281
14758
66941
167299
88770
159540
10137
91074
138627
163581
111945
31069
78157
178345
53560
84157
8326
29927
186217
58772
148628
76202
198028
165938
181505
116523
118524
46727
11060
11494
133623
25159
901
180561
60173
169443
91422
154530
96807
110077
97227
86126
53486
141749
36324
127869
45
126210
180629
152508
47976
88032
66097
154769
192951
92589
30862
6229
173354
164550
125887
113144
71150
199032
199415
45794
150220
112550
125456
63135
112815
11194
147999
70579
173436
197612
126893
166044
12111
173504
141265
7822
137719
50446
124151
13047
111670
70597
141249
75203
121884
150392
181670
197589
116348
61788
63707
62328
160595
79864
103263
99041
24837
74415
81250
190792
137102
142508
61893
41854
48529
180634
96834
49
92873
167316
110651
57259
35841
108704
167513
126818
116148
126287
161804
170485
129481
92242
112824
58518
87600
170534
181855
46064
17282
114798
108487
124671
71756
54744
71744
115355
87029
41619
86093
147819
162341
26469
160096
43720
172911
16126
81873
148453
166435
50363
3565
164643
3484
156513
167900
75731
47676
69032
165347
52791
155935
90876
158599
128763
162187
185109
33256
117540
98884
158382
123428
72800
194748
177381
108314
157012
97968
138874
9931
56812
78285
21094
71658
185299
97763
125993
154890
37611
100792
198319
60158
152609
9834
111124
161379
108289
140840
185405
109969
33785
192928
150231
192036
147060
105089
145816
18112
162949
21560
21572
110192
61599
57433
69295
120600
120530
131863
79050
184079
15662
119134
148659
169918
98593
51391
65215
112489
9561
80172
145471
188920
34623
45452
1537
130132
77322
109902
46398
15133
8922
100964
37041
128540
199533
73867
7343
3989
24442
9133
141029
97760
11274
131183
6881
92286
112975
146062
148541
18908
91960
33669
18682
27077
89324
153602
154131
188673
33993
149653
95941
165538
116609
153277
99672
141488
138143
164493
152920
101372
146665
131006
8382
5846
131994
199021
80294
123025
112115
192023
103562
38898
39091
71169
100119
17255
171445
114849
102667
76642
98398
189404
124164
152179
91039
50451
97028
75895
196946
131790
45772
45302
67095
65922
124320
80991
42914
54260
136505
120107
124985
118127
36567
162846
54327
56963
140457
190051
129827
81157
25259
1958
16986
198906
154903
26386
188201
149961
67206
76027
140776
18281
112981
153158
168454
163058
147993
18300
30401
95565
12728
28955
837
24330
152778
177632
197555
68548
134697
44779
135727
198014
37395
48675
3302
8496
48433
25348
193106
119155
37058
151656
116943
123351
155881
33634
172701
173739
81882
15589
155823
66473
27607
185703
119451
85443
161221
60649
95455
44804
41143
42637
9142
122623
46011
132792
128947
56140
94112
90141
121163
106561
12572
186905
114401
85518
71919
41169
91936
170085
108039
77268
86903
193201
128226
122282
55160
33041
121468
27566
190867
187908
133449
60793
73913
13469
152122
37739
856
150663
157598
156903
82455
175091
118183
117129
30723
92018
123442
143078
84415
199229
32060
119523
158029
189499
37178
93565
125316
195867
33376
198382
115588
142273
150661
112754
158393
107441
74134
11672
186872
166492
110949
139707
34903
166494
29786
28546
187188
129106
17331
21735
174506
161023
184486
43991
79919
183080
179324
176277
66784
52526
194804
43755
196131
32983
197413
126769
101901
118927
108925
173576
65815
49968
91818
43216
120330
111053
77152
152732
82724
120305
118757
4606
185222
150348
31533
195530
90765
136142
159624
198719
11127
68452
32455
150799
31628
87130
102482
107803
163612
115275
17599
144410
138384
81264
171536
55488
125240
90183
114170
188951
191563
109360
34298
157140
170325
178438
60454
139288
168944
64689
108687
140006
110203
27633
56424
93758
147382
81130
20590
33501
117137
21474
199281
82005
11542
161311
20917
94058
102383
138485
17333
68190
97002
104986
125524
116320
100769
55385
11033
177442
41826
80491
150873
30829
117836
190409
124326
187845
189095
120540
105727
36691
46990
173791
62371
7568
160302
71365
105570
64775
51820
98623
168303
117339
72520
90421
145720
142065
11075
139368
41769
122610
46924
53671
42900
48671
98742
35425
152996
192601
45328
191122
26108
147782
128177
172048
103706
32178
187349
113633
121941
174461
50837
125023
68160
148330
66020
52730
150311
141157
177762
179930
85976
14011
56088
172440
194964
171277
166354
190411
25633
191853
87470
58789
141498
77321
44319
109759
98855
145379
192225
17294
145713
48436
42275
2882
65433
55004
85537
60138
147735
44821
23602
49795
71521
3072
136436
53304
77221
186188
50280
99329
33516
50786
40707
112450
23640
41040
43443
131895
155827
60532
34236
99386
162738
143669
66155
156789
107125
142813
84577
54945
14499
91800
1827
103267
177755
132981
98672
171729
141683
132087
2522
24246
68869
13443
42109
84423
144597
37489
85012
149157
161358
115235
139706
141152
17411
43295
32202
164238
153087
75086
114412
93156
52907
92588
132780
190646
14809
126727
11788
11352
52055
84843
31526
46036
2443
49766
97912
56455
111145
10776
131702
103215
126105
67981
100239
17842
149262
34918
119512
136007
48015
156756
87778
80317
170591
32462
58085
72058
20721
190368
94954
19201
42585
192172
8204
61438
33994
42624
134739
79939
88629
105490
7225
26861
185853
33363
164637
151275
111512
15003
62796
36836
79330
74283
112366
155378
16894
140692
3164
182462
73598
2147
11806
126401
45703
104351
131131
49165
168195
68636
71298
131363
73547
121564
128434
21684
14757
38405
9605
22732
92299
14997
99218
148386
175426
197545
161568
89718
164906
82326
118219
84092
37830
97998
40644
35357
94299
42255
45185
60816
46780
47201
175342
6158
10533
137803
132096
185596
186339
75079
9966
57315
57804
71645
9647
86915
42492
118114
66318
11361
198514
56827
76169
91656
87262
90325
60254
39203
171462
112855
71417
46641
117919
153848
17469
161850
128352
137127
184218
72028
26952
198361
112944
166589
42869
809
184759
151630
175535
150452
5715
92411
86950
123410
62913
76124
129534
173911
185910
142934
143755
137312
131233
93734
56210
162815
194195
99416
82270
140879
198758
185957
146478
16680
44474
64321
16147
100502
38107
40846
81767
101886
117120
190654
130118
87568
95707
91298
110985
173495
129324
161485
141772
4859
91459
139878
134214
178718
135516
85216
65369
50751
75306
12732
6887
16201
38820
18290
162421
177765
198693
71678
116587
168110
64514
29612
145862
130866
176999
29006
25819
187551
122942
72096
100332
11603
113680
103308
40102
7516
20676
111224
187705
25487
162465
26184
190086
66790
12789
145599
21023
52547
159698
166126
196877
24875
36572
69046
63506
142827
21839
13691
127632
89087
165345
92390
142520
116723
48873
63605
175958
71791
53131
15843
172903
51669
172001
35697
33696
174838
68741
60396
104857
47226
127894
27739
133746
142535
75670
28711
43442
195062
196701
194651
76924
177771
20903
4809
66868
81346
192057
69428
151451
95738
97176
105427
124663
118352
4706
35271
59158
71798
164222
39472
180977
1135
195989
104597
84131
198033
77783
50307
195762
77881
192434
199856
2818
61207
66732
13072
9947
153541
197427
20754
27659
177631
135748
26623
34066
104215
108998
98418
20472
50330
73038
168488
136055
7142
94276
80444
29250
199492
179711
149595
143849
55255
89408
54887
172343
167587
78990
132154
48447
115308
41699
170721
110285
146664
87522
126532
25863
27791
137126
118177
3146
108115
181631
174225
146857
137438
60163
18794
53843
158600
100231
121725
20550
128949
137014
95790
124974
56582
56276
150264
82417
155759
142706
17166
72674
135937
136247
51459
137817
59456
90826
62899
60800
32933
115155
26177
171490
64281
92247
195007
6358
56461
160243
91717
77849
2289
52090
9967
93963
47505
83406
83422
189763
107979
10429
126579
81105
183854
174616
113606
62853
66360
137131
93335
8124
149033
43092
155544
114382
168215
180970
44243
141794
4769
79320
96387
124532
88922
93601
107419
80683
8053
63206
83211
174846
40170
133482
29783
60773
187224
170005
36398
168111
79554
96356
129361
97892
179419
135632
172228
168664
115280
172578
480
29058
139686
195259
30097
125070
8819
146546
1225
45466
43286
51190
112525
199261
103712
30257
55208
55084
121449
60134
151335
90951
15960
123505
138865
8089
7749
101648
102265
10038
188473
132824
59332
37539
25444
343
38009
57630
26703
69318
99694
169403
7499
199635
5052
139581
165327
10626
152057
12786
170781
160684
104548
173078
142141
125351
139321
91365
89315
108261
129689
130852
199777
181499
149768
93674
143476
148437
17661
78860
113211
50636
71266
120184
5777
173923
137487
28243
27528
131264
20138
155626
132593
180426
52984
70899
2304
170471
111100
55211
175069
171439
139678
161703
1983
145847
184253
67012
78187
53498
123315
105621
182903
132414
114573
122564
96259
190147
142365
159294
59800
86058
88263
6875
29980
30069
166274
57297
14582
16110
92213
34074
49068
82577
130025
111269
93594
190295
196969
132653
18329
122954
6282
72202
78812
24156
114315
117877
129459
12033
14280
196768
181861
163932
32439
139031
83197
176676
11781
155136
44549
47540
71724
130121
161884
164935
4971
149493
165468
142733
199793
192294
143284
183581
28042
63143
5220
120210
52124
74883
19898
52492
136862
144089
37787
37929
90880
31661
194469
101685
16402
157559
4639
36399
116301
160666
53487
189106
149292
39635
93493
101444
112637
172725
194100
101192
133357
59975
118137
51084
159834
191213
132828
44481
147658
114062
153373
171740
25357
138905
122856
7820
137779
54652
153241
86784
28123
94752
109965
71166
149462
174742
4781
186996
190483
199636
73043
82505
141266
172818
139376
79718
43725
164008
136610
64943
10677
142504
85787
90675
179302
185487
55878
112977
71863
193078
18457
16749
193914
196277
34072
84831
29614
42774
136894
175894
157556
148847
65766
173130
14410
36674
7699
59548
84216
25717
57384
65160
61848
54154
121702
99947
143496
17752
153254
94293
32901
65718
127469
17107
167404
79893
187912
169348
150387
175277
11946
7838
9693
143228
57518
21070
51266
27497
7436
153747
167177
184038
22736
106275
165268
39836
92
90487
105485
109262
146539
43382
59088
170588
169830
66382
194618
192867
101536
174978
157027
126644
131071
150460
191822
64868
57968
165586
143183
57340
32587
102958
158428
197676
51065
157582
182226
101309
130471
126408
170074
85090
161401
141324
77876
4234
76382
69768
30895
161146
45228
79607
19273
9797
113631
175603
41912
162170
33688
165208
14551
102529
160276
164087
78456
123958
127974
14122
158328
61118
171556
130268
191763
5161
191516
49277
180108
68632
50399
116435
11573
5327
97005
116293
38655
119098
136403
189055
77612
145455
106353
32597
124352
182374
123819
9117
91058
9035
13199
110843
139323
180761
147543
89727
81877
131300
122075
51778
165745
27159
172178
9306
58873
63254
58053
157608
171648
6471
189664
54929
84545
9383
14797
123617
51392
65951
11614
100605
7423
114015
134815
66054
149690
46815
199697
89705
197151
89890
154708
37994
143734
186610
25182
24034
134871
196651
118122
167184
152637
186784
21420
22791
171350
178255
154762
127482
2543
104974
34831
159312
147026
35127
20470
133985
79900
119739
150117
142932
79103
131605
178513
22552
123388
112313
68724
5125
98608
83314
95839
137800
123176
147519
116029
99060
57685
112449
78363
160879
189278
178250
105164
107359
157566
80240
160507
14418
147187
171979
26144
239
162031
167432
6915
157841
193741
93053
147116
129162
131296
179342
174250
7961
4228
33636
130782
188270
23513
49823
28958
73644
65677
144251
165212
132504
51110
117861
21951
40023
75463
32499
38935
39883
77771
70668
134766
767
126697
7485
33054
170123
92677
169279
130668
16086
145439
174323
135824
142603
156077
74837
129612
29882
97244
64877
8865
45291
20780
54146
77642
164826
72744
28682
81318
117160
155127
129725
45334
40335
143457
71784
175161
8320
5221
25246
88004
137338
32015
155065
173821
67954
136911
87169
8067
129696
8937
189442
148525
58938
104670
111847
570
130615
65209
182888
107896
137294
121294
71284
158329
84343
33263
58340
52936
159960
116313
72462
54315
161836
30204
86064
26837
166433
167681
29726
63966
24596
148294
185831
63270
164424
195221
13257
29586
52339
148969
152839
30409
153195
190844
142377
187525
64939
10022
199403
49759
45860
16577
157738
143425
127460
4185
130005
188298
87736
41628
9691
117986
47750
152256
141591
38526
24890
79452
105853
140307
88907
175555
70915
51403
7026
77345
84914
192442
92208
139687
75405
187134
44286
17388
60376
97438
264
157461
36228
166419
193253
169305
56296
101021
36341
11219
108462
5790
21497
91614
3346
130214
80063
45980
38586
72401
134197
128213
145331
144828
75621
2255
62747
82693
64911
26334
84862
12212
189870
161693
119418
24651
52734
80751
24416
194986
43083
42215
136302
119270
135110
16235
53995
19359
20088
158352
94960
122131
43917
95858
194449
78429
157692
74208
173586
181695
79379
52040
73723
178006
63954
198822
148176
118840
41743
82697
137796
196766
191107
128306
193704
15778
16148
139307
18906
127786
190360
30508
156169
6078
194297
179309
112220
191103
197850
71326
98914
31408
181335
163923
164565
5183
73021
80374
16193
1320
157794
64024
154138
180506
130495
162041
130262
95343
179890
39731
169243
49543
70886
45055
114694
188504
180632
7453
72236
83401
197249
10336
5765
193500
72201
25265
41770
14401
122609
1049
47085
144289
103670
91467
107159
134687
176408
111381
156925
191039
154213
27811
69000
15664
186587
80544
73697
105842
26344
147644
74682
48233
40876
92724
194786
93042
129756
77926
92726
196924
103051
157766
20185
75611
78851
181240
171318
69408
97592
79644
184929
161006
32374
145181
22697
183047
32236
154410
97243
186794
72134
37550
177701
92076
109614
55641
181221
98980
11375
195886
142298
21082
188641
71127
69521
138792
63581
96689
166412
117097
101394
130345
186127
43356
163966
194809
5976
118013
193445
135097
167676
24204
89317
18909
182243
55230
181767
153671
183379
187856
30186
64659
92119
165976
13471
131566
72271
153701
137292
103358
98565
114343
178159
188586
127456
41842
116850
150489
26336
169141
141211
81422
164090
57246
48904
88605
50520
185633
199215
58045
160576
164128
171769
143360
177891
7543
28535
70062
44001
139586
129877
155346
27066
93966
21648
168450
115293
174345
133010
45348
82113
61748
161607
147877
97147
73909
52463
54707
123517
3041
27697
70015
193060
136382
192694
91606
61514
13379
62799
194339
12585
118321
139346
78208
149876
141526
150398
4960
44937
124405
24721
119517
191442
524
40868
58514
69100
45557
106003
109184
9736
164654
68627
189122
136854
141894
11955
92497
69552
43089
4727
33152
29183
89672
18370
195316
77760
119592
14665
36126
55398
144367
191630
136039
12928
20653
171195
178517
37907
88251
186412
91873
137298
35291
32190
113932
6412
4825
160419
131158
172393
118751
24701
185901
118947
59078
24284
6116
104345
193978
51424
50676
2442
55888
127078
31463
173214
164614
10510
191194
43358
6580
4682
4780
33264
123641
182553
147491
21718
169019
73918
197929
124516
181346
172067
120708
177718
105276
57532
12943
147673
1985
30660
102965
28053
79770
75131
136845
171032
161410
128180
15481
147791
195063
127896
1550
124358
65580
61911
1015
180300
107052
58504
115028
129569
110836
18073
184173
26597
154959
130892
84328
4862
125825
114163
67704
110225
125000
16146
37241
123651
164652
169085
169953
162084
109496
71647
149532
8480
75445
122392
440
131763
118853
47184
137871
6811
20646
39838
91710
152326
104442
101144
92587
178546
105689
7138
92321
196591
82797
123786
198794
148672
165150
118599
112277
186251
28885
55403
185820
177383
66830
122593
65111
5155
110073
135659
68934
44448
160720
171273
185496
135906
129103
119154
199897
13278
57075
20052
34778
23334
83221
140583
146975
157579
169786
187171
127576
151562
80301
75660
101248
87937
47720
190862
17409
53915
15143
139041
65786
98294
176082
179336
68009
173324
198387
195882
62955
29975
150590
24861
137815
192259
185139
46839
55178
165116
129230
105415
98491
21323
149502
112674
105407
13649
109924
178733
31949
141799
55508
55752
152762
56873
131370
26699
46179
180311
162301
80532
157978
58330
171404
47091
182057
68226
125092
181922
49503
140346
109915
57405
49944
115690
171370
151176
112629
47284
149057
57896
159386
146967
192822
2192
142770
42113
8992
131440
5779
107374
61831
62632
52529
53950
160716
121843
134797
188531
17955
101974
190121
24797
125280
24310
155866
97400
186107
190136
138556
131536
190226
5058
173288
6796
119998
187017
10085
46127
114330
118061
42491
87041
5188
199066
51578
121737
20540
83305
33769
182408
5649
96579
4775
42310
152080
5388
71555
27050
160776
47967
55270
127875
53276
174812
117627
33875
155829
44795
3673
21683
92171
86839
143357
41715
70271
27878
156532
178184
181569
110502
102494
47314
162007
128782
137150
41184
96011
107851
132712
192454
100081
113666
63519
140056
108853
177723
79387
81867
117263
9798
11189
85874
65027
156897
141934
188937
106439
73319
38479
81675
106673
190809
136140
148405
18871
175353
194091
153244
76060
60313
194024
81378
175144
199666
156809
24494
94507
82283
81531
131713
83965
14286
173038
31374
195821
149919
106433
56525
107291
75301
84961
27172
164501
14975
181655
87408
176384
159100
77945
67529
81561
113869
71049
188042
15154
116967
194704
137412
187146
52977
73808
176874
106469
139829
42605
36541
106479
152431
95196
33260
116132
17751
40714
964
108527
47116
187517
128592
172982
46739
74989
100354
167944
21609
143971
20705
128171
91005
130300
42519
66502
65974
16239
49498
105211
166431
176271
127551
73352
32098
70644
26857
108331
195300
130395
14746
137976
140011
34494
110975
78556
2157
28391
124712
139629
30839
66109
99876
130090
110062
177786
109790
8131
142989
9220
113371
82635
62141
50382
46577
118499
18005
182810
1221
145663
181756
117528
148817
183656
16858
196218
93769
195734
31513
189639
125941
7915
105330
73624
28683
187266
34482
95855
55314
199440
128716
115737
132061
147533
132661
127281
197617
129321
142359
48654
106769
100766
9552
89176
146557
136923
34971
180809
38269
54839
2679
90882
16089
161732
194193
88087
82038
196276
2583
76423
171440
81978
187804
25195
27682
39865
189381
89855
26691
48275
32580
134309
130822
92336
169110
147700
68472
9421
177270
109540
168049
26016
155455
158241
47203
53149
148647
122668
69224
88677
71228
69201
55341
178500
31471
89959
154040
20372
130780
97984
7689
137397
15411
51388
154864
45262
190316
128479
80814
109206
118726
19889
148446
42453
35902
122009
72157
172332
116747
147607
9833
39031
169065
68329
78894
109351
199506
114657
92372
69994
39595
39456
36806
137414
56189
29504
193176
150986
64501
11071
87904
165796
194863
12522
48857
21506
53973
110530
19065
3508
45492
90901
198760
196665
84301
95447
179407
129500
165253
69167
30442
156283
45378
15649
133054
100580
97426
106669
140903
81348
143156
60968
106162
172915
132650
81711
136580
820
55896
72996
151009
9889
63402
187887
69560
37015
81153
157395
175891
109182
135238
42168
171201
13109
54415
53618
84089
170478
44217
162517
107938
172959
197285
14849
36810
191622
168692
96640
46517
29228
9841
136374
104776
53759
10548
139997
116558
164110
140814
91056
122405
88302
170126
55548
65382
57539
108236
80531
62148
60620
78712
5109
90237
37487
27198
54434
103834
37128
138555
172068
101715
191526
146517
21570
60811
180824
115321
53893
33161
47558
141664
193673
21997
117829
63831
184396
199085
50572
98379
165000
49570
58420
98486
182864
90383
76436
102150
179025
184342
169492
197108
98264
55919
193435
5387
132596
165282
37291
189420
143787
82837
47985
45422
54736
115303
49325
92819
131841
193373
101687
191126
187016
108873
196159
69400
125255
198605
74491
41440
186911
198290
101123
186340
10346
170321
172825
93131
29840
57368
24361
8846
176217
160391
110333
82499
102302
50058
130995
79
95020
98825
101230
26096
27928
8784
126790
46695
147072
89306
14170
35997
51809
164469
28120
81154
139887
149087
185476
83216
60969
167067
155329
44513
80530
36217
61353
151136
82258
87630
188807
109190
54062
15084
78944
149039
90947
37231
80181
190093
1732
181038
140564
118802
101642
107877
8726
87597
121624
88310
65412
62768
18012
122068
102169
23749
22324
117102
18924
89021
95474
70330
2334
185931
68043
193568
2094
158661
103515
162379
187697
125426
86028
159012
44390
116933
75900
20017
133984
59280
160861
141337
38733
58955
132706
131354
74930
120263
89558
174673
16513
85056
108356
83079
169453
109045
51802
102992
165307
190958
15631
86868
77411
64512
81683
191486
169771
63454
131529
14201
53320
192801
42955
58041
195218
158713
183229
98912
51447
73609
7857
44104
44463
116672
92961
94179
16371
18843
23271
3019
85980
18657
121441
68644
197954
52072
171927
48168
71360
71849
98482
168199
96258
146052
116053
80517
40274
195224
70427
94195
103918
156190
10194
30459
197704
149114
82107
125555
171406
125002
30518
54223
56410
55965
88908
61417
163846
153309
96179
152947
62063
40729
51808
197658
188625
154358
163742
186662
99365
106295
57000
104094
138275
71059
58195
91389
111943
21698
176248
65256
157266
89819
147780
138921
51970
177724
119939
122761
187471
113428
163006
27526
52790
70637
153786
145423
17840
66816
117119
2225
129969
140297
13227
196660
111496
166792
102872
165146
123447
92315
33933
120802
131485
133859
61991
90303
189356
164760
193791
94925
9816
180040
106352
78949
84658
160366
75911
145609
22610
186142
122546
172158
176644
109332
135648
7528
81007
182361
187710
117597
117781
48553
53870
199997
18032
75080
195274
88572
102723
179159
51028
86492
68549
167484
112221
162140
161204
186642
6251
23746
119003
74692
183892
27476
24952
83439
47062
180865
196436
150728
48666
157230
18696
46187
80602
90388
153912
154254
39857
85661
58223
23741
13390
174633
112082
119233
20150
132077
160965
155674
112983
122445
16307
62525
130242
781
136624
138838
3046
136974
38688
148109
124525
130638
48269
168839
1353
53590
136078
39907
109413
131376
131532
178475
157384
74561
194284
161213
137074
130145
64588
107588
81276
140520
160934
11187
187928
19761
181637
66356
168645
163022
81778
140502
80862
84234
102376
193884
20717
40033
36259
88013
38383
91918
154128
165906
158515
99057
333
108956
166173
171110
140032
181461
83598
121033
180496
1408
181437
180981
184620
46514
193018
198291
31462
59957
192220
66817
16171
54817
120094
171057
16669
181996
185595
55601
173292
113590
109233
46905
14669
22410
7461
164734
141737
89725
155937
86063
33666
196442
59750
171850
77315
61988
71224
43392
105854
191703
180298
99873
190050
71403
102536
194168
86337
70457
80783
20812
57448
36604
105835
195076
139938
110877
90538
80901
170121
63718
138596
90298
57770
1173
98110
15659
48561
78090
159080
151282
160875
178140
37087
73859
154572
136975
76603
193825
169921
193863
8194
118529
52951
34524
139249
88535
53057
48297
98697
12502
67180
194486
90827
120524
198870
30716
33690
175350
79557
106483
123039
89992
36405
122951
36271
36620
70708
181702
63031
11794
174025
109100
170011
105448
26917
166380
122657
189392
5247
131430
65196
98001
118454
19250
175163
20542
62685
74773
44809
40524
67634
94455
79312
50678
86821
62587
140379
190679
181057
27615
38496
61835
33373
163191
80583
155019
34286
40987
95549
13045
162464
18309
87567
166746
88761
193999
90309
43795
150006
78724
55147
65191
55736
170119
133310
176021
76121
91461
124719
40208
37974
199896
120565
100726
171890
49984
183638
26755
176933
25074
172237
26925
188781
63856
198914
45720
181369
21590
35760
8192
155727
117792
184590
155549
157492
166706
59772
119301
16670
149893
134135
21004
51144
16322
131945
159728
144711
179234
85794
8936
8527
63032
114764
20929
170882
186429
8638
191934
47174
194580
58606
108714
177455
10453
14473
186934
33355
170585
154538
53980
40262
86822
188493
61165
168468
155948
60043
61839
147331
120851
51067
13542
81462
86654
105324
153366
30090
120755
119240
9679
178938
83386
174034
59927
128030
124449
172692
1755
139962
28573
120390
141214
13569
127418
180892
53551
174376
126542
74003
116695
64614
18403
147062
121391
75998
98353
194218
53810
90364
87463
183506
123496
44027
118794
72829
126281
59236
64200
178547
149034
186190
67298
59683
161344
11768
137884
65222
127610
142448
145382
145357
139779
60960
102819
121758
65826
82115
71171
28307
35499
14024
116330
49541
107958
15885
64818
80578
107445
98069
150749
161761
1363
85523
130567
90895
149930
102398
13256
170496
148968
51923
13957
133503
115603
177589
47811
106592
42720
91421
189704
185919
156735
154056
53037
107272
89337
69561
112019
155324
23874
96410
66511
177217
144210
7880
119368
5205
91954
189414
182351
45731
183980
163137
69427
125961
145246
95364
161741
34261
13652
179892
198533
38695
196898
48537
16575
105409
15077
145032
150637
84502
30245
81753
72251
175776
177681
35786
127540
114802
110470
191550
30197
52317
24696
58029
70004
169760
113601
132447
14866
152545
37004
18807
65267
153708
154643
67715
199679
190946
124274
187765
109372
165903
79041
121791
14287
46116
81635
70612
119231
172577
16424
36877
76540
148704
148535
107457
93844
155237
66206
40161
72852
89400
89709
8232
125419
21471
17015
162666
9694
128951
165850
10984
101967
148199
3451
29223
79720
143961
75537
139915
50385
64171
16570
93946
114550
155306
129809
103967
118945
77160
85842
29358
93212
104846
90691
27403
34096
104492
148839
147144
65927
67684
40156
108152
28213
132233
105298
133509
93106
94878
2064
139103
52306
51490
136673
115478
159845
46782
110058
139632
16097
140357
94986
193718
9855
67188
118168
164776
175191
61135
32354
177460
45081
163351
198520
111480
117113
93836
22065
124932
120971
138088
12038
56807
96225
65939
115336
140519
81370
30128
139404
60492
14021
191
89682
42330
84252
15201
83959
17872
95212
61302
14805
3358
70345
149069
129762
126640
56715
111751
78253
170060
122615
187336
169011
53410
47853
42897
127420
128602
75785
160819
145572
149879
158891
9257
143182
12743
5274
182453
185950
144902
100614
29887
94511
81921
165292
12450
90770
165166
172391
106047
177574
54253
83448
174814
123031
56952
124154
45736
128095
184543
159375
35907
173185
124496
70693
31960
153206
9656
95136
28790
64208
115959
96645
179626
97452
26550
100848
199946
79116
184845
81018
46806
133797
28803
192129
19794
150212
36660
165234
93178
81853
17796
32380
82306
168416
7554
4635
93
131162
39207
101845
56552
42858
137136
66389
11089
21774
30609
121203
31657
72761
156967
61815
98120
174750
69946
145859
138561
26620
43372
129446
87468
108700
102142
89477
117822
88483
68982
174431
1198
143823
119976
169283
197722
149149
46573
89939
177286
81846
27717
120310
190267
199402
152293
70738
45590
30915
157176
51035
80646
144839
37153
135099
171719
71006
62275
103020
172326
104305
42553
83098
159667
185656
38748
27912
7167
167435
128588
40092
40435
128550
182687
21562
175917
10730
46166
148989
81908
157167
117110
179480
128595
184838
124322
68930
121558
140422
160564
198844
32173
169798
185533
99578
76581
47798
135519
152966
149764
120614
189277
90631
135962
64924
195395
193934
75280
100811
197653
11305
76619
52398
57003
85789
42318
136351
170967
146415
20796
80704
115674
99353
191387
78405
127317
167122
151643
12221
100655
195478
17612
25964
54150
36984
159812
67351
1282
79298
13786
100546
57454
29685
127453
137387
55431
141863
45696
113918
196044
156883
80950
121492
133964
169677
101100
161652
150259
184704
831
86088
172354
81170
36062
85014
25590
11900
58283
106603
159739
58360
179402
165127
8601
27350
73935
26
9086
97008
128869
81223
136291
44288
176468
99779
36355
68189
183025
144165
61699
81613
181111
151309
83255
41078
59387
43654
125904
1698
62964
116368
134776
86264
57422
197533
94525
80981
156795
193765
167669
60570
71726
76140
122994
1058
135957
124160
56955
168415
11721
151150
158892
65114
72019
163285
117852
145359
95655
152203
192353
12213
154957
180144
132278
3657
160492
136451
136146
126426
84263
61855
2230
90777
191954
115298
126465
167300
112331
58954
73422
146796
167828
191248
178775
53866
18466
111575
125404
75382
128288
85475
30199
41602
152956
49049
69531
176348
116642
185234
176733
8836
197189
32649
53207
8913
105737
132548
189713
80562
161143
141847
87244
144276
84943
165337
133170
7206
69569
156174
73233
97710
22889
75141
46439
172264
47654
96726
92354
180476
137113
195838
61300
175455
98650
176803
22837
157796
153022
64221
65900
194141
7861
53806
86369
1327
87558
149323
57907
149885
128449
111538
189231
112808
182617
182751
21044
124604
8870
11820
135965
127770
60045
64983
125779
42270
124603
177053
180486
64542
96680
59460
174944
194747
181794
180012
171638
127775
142693
4264
199982
36596
93862
133692
57705
164964
47347
185988
163848
73023
149144
192283
47406
74145
16417
112817
99834
143714
131136
71273
165470
113715
148434
82167
194941
183640
100647
65852
133740
80154
49616
29060
6324
195972
158593
25733
97675
94585
115168
153046
41462
87694
99703
187346
41431
78266
75541
156760
60249
137052
120975
88063
186989
47845
107956
46204
176565
123946
187093
166439
130581
4222
53214
192775
196347
172634
149948
7266
31090
76768
137221
11864
13311
43497
128850
6719
11251
51169
130777
111005
157960
181167
198030
87528
198966
156066
52823
31010
193488
62687
103972
92937
4496
119888
80033
19824
128992
14984
136582
16802
187607
135423
12908
186116
60351
139989
52259
175605
161182
187938
24380
24475
102441
163576
40343
182287
114339
106000
65308
145135
85263
191263
62781
90448
187278
79525
144659
47130
43047
188491
143178
51610
136464
11819
97420
167661
165671
21879
14942
122434
101343
166882
91760
66413
62306
194732
141353
194735
42132
110006
94658
180106
67185
16037
179238
59409
192120
167766
37953
119959
22259
168761
183717
43423
128682
197950
50093
12481
190017
176284
27112
183798
122575
73737
176228
52819
114443
66603
29195
181859
150213
45842
177175
100413
73099
10612
165069
67608
161634
89382
40580
144205
131115
5259
16043
105797
112259
185107
51423
104518
5289
45234
125742
118296
160423
34766
91795
10959
152235
178963
143633
25761
138263
92568
57950
151790
2494
68104
124736
60005
125865
4367
54755
193019
70836
97222
192981
94362
145209
178039
121803
35963
158936
25325
82312
155090
192987
5389
175988
199603
170624
12750
55201
37119
7346
193614
145715
135514
139712
186502
194289
179060
89602
52213
132975
155111
127773
31807
122315
11321
51005
35244
164371
111331
149392
24001
151598
89981
167042
8687
134406
150776
168236
195171
110589
38689
69288
43084
140936
33084
177222
78783
4353
73833
58348
122185
49908
14601
72265
61222
72298
1232
159904
98048
183479
101091
198233
120420
9667
105884
38778
152338
197214
46497
186561
143976
127515
73959
142411
83385
175269
134287
191818
135053
182602
75725
98335
175325
14546
12234
159589
119287
19254
196240
44325
77669
14808
47861
188766
165374
183407
158761
16640
151816
101015
6231
11965
16125
124297
152020
37040
9382
153436
127151
18652
155279
134148
124966
127050
73490
107019
55717
147657
100933
3426
176588
107189
66512
43783
71527
128457
52607
107654
35614
199983
192021
64738
11213
35920
121810
189701
178792
124379
72745
116564
38386
166936
157620
17010
120236
156965
22393
131410
190217
172702
21347
110008
165569
186581
55277
167487
187650
108201
9676
199965
80894
13897
66538
123639
22781
191609
52552
157775
69158
178835
122032
151979
135701
132458
50335
5290
157252
42043
118973
185209
106559
173069
36518
42705
13092
58544
69810
108689
11907
7155
168319
168363
69235
156144
52840
97255
149056
162502
159578
158682
27092
32245
143998
179811
63463
57009
76791
162082
90628
95199
76499
12019
90304
5057
155247
15078
22742
52135
87965
47186
42544
121607
78619
41933
95091
196424
53942
9432
88914
46845
131290
31649
144613
27894
116806
145387
129694
184787
131717
46916
91046
197028
125443
92049
183862
112480
32353
143339
170418
87818
185208
40437
104791
157307
14069
136034
126951
108473
10616
45314
8412
31872
3715
15328
167817
109698
85364
68736
157710
85822
53247
10283
199384
66911
189708
161430
18214
28339
179677
16473
129487
159733
97481
77786
62315
163163
124119
98186
82861
137013
48830
4776
57929
128663
193031
55473
159219
98567
186423
161240
89188
195313
28470
118907
137264
126201
39244
178187
14569
39677
183341
185883
119181
96979
118326
176856
69202
192324
15319
104491
25486
48532
118625
60604
140238
167326
13001
36219
161396
135973
55412
65390
20610
29999
116972
138527
155660
115227
12269
91895
34061
24298
32437
55832
95037
22773
92658
137752
136239
116760
32258
2335
17250
15233
48956
88295
2626
197615
65782
42195
76802
79791
76298
89944
199649
185492
41684
78202
95113
83783
13022
196816
55024
186369
112876
122008
87643
191310
106396
163582
105340
168792
180751
191634
29738
54447
109263
118776
139932
59547
148606
142207
25556
28954
49925
26815
79756
163067
191809
132640
89778
151539
39679
91839
26519
110358
151654
68832
188614
76077
129242
167463
35297
123909
85290
164978
120217
151585
162399
147192
79688
101263
122455
52851
181543
119836
113391
154345
166158
91204
113829
141607
121534
56468
63334
160436
145883
142250
53218
142489
168492
81345
23544
14573
47719
149109
134750
41007
120137
104422
88734
58315
182660
152127
137688
75834
165998
195839
171944
161307
42510
26636
171248
190452
163048
106329
124830
38887
193307
2011
92654
173874
181768
73401
47265
162174
104729
36328
82984
169475
116473
104964
169990
141550
160368
93536
87280
118320
107217
179639
135530
136120
181100
63315
74204
86643
155206
40222
133306
110106
87872
8547
30013
192749
13285
8900
188309
55282
128708
45762
120896
40300
136303
177894
164839
86236
25706
109229
127375
81267
26248
50644
144943
89084
54160
42025
139637
49418
13618
156850
119784
132628
18589
21670
3339
190098
124679
12959
112080
173210
2944
90942
13051
173373
129192
141481
51446
16901
49656
110777
107071
148608
83383
37429
189312
133525
140351
49408
100542
55847
120577
2415
152243
96690
119213
53087
64669
190260
143662
71220
153143
51582
10435
138791
157844
160047
195932
78747
44188
142132
128309
56773
117075
1766
7807
166458
57775
11501
181777
148736
47018
58593
170568
193108
148527
141472
40479
144036
18686
196299
165877
53572
186528
96140
110939
136516
7517
159969
43347
109139
182189
30891
182782
43790
95762
46601
90078
25043
149100
16157
91683
139841
109143
97003
65468
17662
149711
29889
51001
30432
122837
33051
2962
60116
55825
142096
138763
167046
107815
49692
110459
189881
119971
196346
53945
56816
157227
100117
151867
187988
105311
104781
5009
173438
159561
172073
175961
152529
195709
146992
59274
24716
160259
4064
168090
184460
181899
135746
34213
120410
140531
171228
73824
131665
21514
69846
21807
74559
162377
166829
160424
115232
171535
191621
158207
177397
34617
11586
41339
8935
97637
29372
189575
161660
189389
63096
62175
24084
84391
118280
142252
85633
59563
98864
70373
153805
151619
20804
67311
136976
171819
76063
113292
78085
178240
157295
69836
138473
134453
139098
159267
198665
171857
11601
92560
54572
38600
86894
112749
115352
85903
4860
20342
74924
181160
102103
101250
116282
15137
189748
1331
144142
102202
62897
185657
32356
52506
88120
143408
37304
76484
133507
56957
185347
129732
45922
37971
50611
195834
175496
69045
31059
159684
63213
110260
58888
127099
28003
113574
122204
168569
113440
197073
59360
40654
39305
141580
33827
67440
25005
3567
121413
198061
41000
195906
6314
84700
59941
158112
83966
191440
133844
194512
145247
75268
135029
13315
102070
191559
98045
149284
181566
190066
10338
34459
101110
98005
83874
86724
147140
128847
107957
61543
155659
121717
24265
142361
39221
152029
184353
22559
162542
137051
19116
23664
35214
99226
139433
112595
189162
99583
25225
181897
167659
116926
54760
13687
63200
31468
167776
132115
16819
83352
2682
179228
181958
127149
3031
116196
159764
66628
141921
193997
72402
96656
6925
36344
96122
109861
4403
121557
37326
5425
129905
141193
114978
28417
61763
151717
174544
13216
173879
1926
1257
194865
195884
188235
120432
39379
75432
109544
115523
53578
138775
30112
91664
16476
59171
84199
170955
52164
170804
180132
57637
172561
84520
146571
115718
24743
64067
61489
91335
144894
111252
173682
134141
89619
45490
104165
165
150978
76387
93690
44038
24142
28149
181452
113972
77002
97726
9505
119236
150286
62890
149632
5622
84260
132983
77204
87863
143834
117624
70790
63721
79735
72533
90351
173895
7016
128723
3154
31237
137729
39765
99463
163702
16649
123906
124655
142428
16794
123407
130678
186186
97333
65292
94484
143171
38096
150534
88208
98806
172886
5626
14130
107185
17987
58768
114076
8151
98052
15887
112355
26227
64929
144692
82402
24906
80763
20073
134232
136418
52197
108567
134382
58241
114556
143623
100127
12039
19020
149798
191436
154825
164384
197056
121574
199990
184372
112280
192912
120879
131893
120623
134301
173128
113786
163050
77241
121728
15867
44107
79129
61712
163914
26746
4964
89149
37821
20142
165084
125179
33176
161236
197865
121643
48567
43717
26115
151395
123046
62044
65914
133298
179442
189507
39309
108942
68428
126513
29851
108335
147538
117453
51443
32326
199532
68341
109135
119232
36026
93329
172528
188522
113625
44671
160292
157542
4770
3094
104275
71190
159668
40838
165666
40991
8175
48125
101111
55458
14325
191422
116846
147983
31631
20785
120218
51937
28521
126367
68762
35107
125021
153128
73125
127268
91120
139876
115505
194553
188497
38714
162826
93849
35041
172842
1392
134524
143525
87758
125196
120059
197583
181614
53825
133410
135302
135119
131724
37235
79337
88999
14497
132083
133919
64232
41874
148339
169643
196892
81343
177035
139287
127558
24148
173319
67157
94457
15980
160748
103653
114337
51788
197163
140713
113914
120061
168617
70813
88079
2124
140785
81167
154153
60470
119428
76795
714
69537
107020
66488
196169
14959
60790
168858
192340
162645
80090
186407
13893
28945
74093
170104
152853
162198
104788
158091
194278
137277
66987
162913
40455
91001
108548
10049
160897
161009
172276
12062
24186
173233
85246
73426
71833
28071
169098
105868
146579
3569
157314
95084
177209
28611
179367
44214
104976
116209
3604
15210
186936
10333
24679
137656
77290
52268
59390
113512
7048
194036
28475
113063
145015
126962
95437
40627
196221
244
54718
50876
71468
92510
43674
74753
55249
190071
21520
134791
126512
58047
39769
54982
47554
178663
15058
179001
15682
104790
26817
98675
16603
199163
20473
2720
162732
132644
196774
180856
151848
38427
148687
152610
151172
10512
121485
164147
129923
183421
110449
105705
7855
125676
171873
123479
195009
113657
195226
35685
84855
186210
156779
124779
7031
60586
25049
134083
126717
54565
107962
119692
153
96008
31773
170709
156200
57306
110825
114458
142719
145927
110809
167305
29275
49757
160021
147496
85305
54261
150027
89463
99769
33569
24760
157062
124339
36091
104100
99270
187257
9603
31564
128391
11149
12275
173281
95050
108944
117665
184343
187241
155426
111599
18506
41128
8741
35553
199101
160421
124846
133417
101112
18451
136904
198653
36804
157601
10590
172026
68082
43851
83444
138113
163115
143085
130998
177364
46342
128093
185304
189808
32741
15834
156135
49655
96557
43760
21204
63265
171987
60978
122935
124771
13194
152166
47266
183724
142685
108251
128736
156893
71860
84294
106746
118569
59675
181528
106297
42967
84282
55311
85636
137481
26785
58745
77594
61987
46274
133978
126594
21691
159973
54903
171827
98427
150770
98143
97275
150262
80320
5797
137981
84521
41641
64123
121714
118530
22572
99546
127434
73553
83984
90300
26376
124312
180071
54104
192687
111080
150990
128612
4930
2552
70164
169778
159700
99584
106173
91592
112985
78820
153851
141298
60648
133792
58288
47251
149484
158296
136410
22421
195068
6898
29567
180334
199685
86793
181651
158281
20970
104690
194042
168372
112845
150912
32267
107672
136126
146654
173156
76391
121190
134860
145207
156220
122208
142845
184171
124465
84720
87911
4156
148698
41949
59698
49489
21357
47296
39276
196335
199232
67533
180222
113661
99510
110891
140384
147654
37995
184262
69077
20457
149616
185380
23051
144586
172071
164377
27680
186540
185345
16788
121419
1981
197123
199438
35518
179599
32320
165304
44683
85835
56609
185970
60103
42290
146525
56429
43329
155732
188364
147928
199386
19837
136153
183599
69433
40502
139800
1125
181932
97509
190728
191849
119799
15791
77014
126666
140047
131991
56813
181046
113611
148964
18233
74916
120941
58715
10663
106742
197509
8768
25140
64677
48695
160182
176141
176402
109431
118198
154180
138381
177834
188200
117221
112829
148102
197339
69207
106482
104834
11334
8903
3100
102920
78515
15562
198482
119802
115424
46580
106187
41387
137824
178103
82637
22637
96596
90964
68492
84394
19223
78274
115893
133204
59764
198718
128989
23272
80251
127734
50150
2515
44439
78803
59573
118267
162970
142761
155411
184991
183345
700
1838
92407
12511
111202
166444
55182
100067
5854
18992
178272
127629
89933
147898
5180
34534
106593
23987
138533
30108
136113
187013
15502
45737
115447
189060
190775
96833
85804
9021
13428
142611
160220
94841
26143
87987
112545
46245
27767
20445
1546
19190
143801
55680
196275
61587
75698
137881
189856
109494
89485
112174
97464
46694
46268
159288
189859
25029
191154
178649
70835
185219
60509
181953
53003
139900
47644
34067
63446
45584
92801
59638
116975
120353
66778
106846
150806
11830
160448
37964
84910
43764
180529
148694
92484
32727
129171
176314
21135
153819
199349
60013
98736
144770
73231
14570
92698
57066
16604
97223
36486
198633
92597
8757
184243
29121
127732
40970
29605
49069
137831
191581
76036
137302
94729
87312
167938
100590
173355
180384
114106
74967
169113
102124
143032
35022
135597
15204
50983
112777
45172
198668
126345
56465
152521
22730
44543
178216
116779
71950
33024
22712
183610
69455
103694
13819
62201
172199
174782
25816
187305
128022
50266
23971
139484
87884
196042
163569
12616
96479
107881
156931
42198
162130
43688
50997
68698
143092
5444
18173
17284
138058
118073
91877
72470
153289
176879
63912
49983
20266
25548
36108
55938
115923
19354
169665
75359
137513
29261
187645
177620
168698
2392
6599
147833
57571
40012
114876
131747
110151
111966
72545
140653
17228
90072
190797
172567
106862
67230
176755
134009
102731
143418
159006
156642
160235
125860
38540
36687
7270
160719
175296
166058
26013
27268
181521
170327
26961
599
166562
166738
22672
55738
94098
161552
132394
101064
93386
155946
92552
196891
92850
144838
7696
47485
157510
182522
83267
45643
177204
21536
133264
10885
177831
157551
175189
56550
39394
125512
184938
159933
150400
165824
139092
72210
21768
65664
158901
42358
33702
30078
170163
41127
79813
187853
80914
70055
64045
194230
17385
123097
162432
147870
174866
38725
154062
70505
113416
194578
129842
38294
96735
52107
119422
72666
89597
175118
18581
80524
151455
70299
110506
130115
81420
58004
40216
48514
101179
1250
179131
71101
51601
156723
124404
169821
14543
52245
89116
42189
8997
151876
41055
172133
137720
54502
25053
61483
129618
87633
151681
198583
54819
38404
102691
38348
93512
112563
146892
11538
14839
136554
157578
190948
134527
37627
12139
175978
49521
158475
149408
127507
169678
78686
31077
116107
149263
64839
176749
70176
78695
78701
10561
6140
182521
138696
11957
192117
192773
82459
162594
126155
104512
57626
11935
68260
67124
107485
115605
177481
122741
150266
195287
92082
63807
142056
117544
156780
6074
11259
30321
193127
46789
148907
84517
12839
52007
118869
131639
88989
70231
23262
130622
133308
117402
79766
150299
22680
113141
14821
98545
62024
59400
103571
50351
172423
187752
33891
67232
84952
140316
36829
154051
185376
46485
112680
178312
132584
28006
25295
108290
83946
62418
132206
57920
127487
70697
30265
36294
126801
112575
29199
140846
97557
96111
100471
177565
32139
162317
129926
128726
58826
170437
73330
129084
49491
136216
162955
40609
54531
157527
198068
135583
134207
111638
98251
185456
109276
14358
188064
53125
59426
87221
51575
18036
120923
11085
8738
134086
121389
181298
199364
70555
2883
152015
164330
97480
57573
191113
78940
110432
38833
31418
115580
68448
44563
146879
69856
43018
74307
166727
153015
84632
124871
185273
35204
191448
110664
70105
53064
81362
53605
13832
63228
189396
28565
67474
26849
104470
106872
116605
80915
199306
166576
187007
172855
106755
87272
84637
198842
199207
166771
916
67519
49395
58235
145296
123262
119569
151500
135817
118124
179136
173393
158424
127158
126220
179356
151935
19628
24362
77349
17162
35021
31577
194698
13339
105223
44396
129776
46357
30373
59944
70027
18328
170763
1377
191946
148126
54648
164206
170753
192475
162343
194605
74784
576
45712
22222
3578
113085
59740
139810
107864
165574
77431
37820
60727
94529
129632
86810
157260
151442
31658
168527
193692
15758
154491
53844
171206
84592
30580
138832
95566
67496
33889
115214
105783
18547
17854
82373
157784
73812
144066
89290
91082
68640
110699
140487
20749
62054
61434
123817
19947
136454
139770
10886
160115
60097
74551
40220
87608
141890
93640
134520
111073
27956
67915
69563
16983
99832
161420
1479
148923
140619
4044
1245
146946
48598
1298
65691
33474
99199
2118
98312
64106
172270
121719
56895
149833
63284
57740
40655
32855
6879
129127
120935
73067
133158
184158
181531
6119
92518
118741
155012
191495
153690
197201
162194
8038
126147
89508
33712
61008
111103
27459
39510
5540
179922
159460
57714
131527
133998
4461
23261
140395
22999
114452
152747
105339
71279
59554
8183
92789
66465
126611
42540
170648
115705
93787
6193
131931
121220
78587
62753
66069
101040
140392
17945
199483
59549
109600
105229
150813
133500
15049
193255
174010
167331
138506
90233
56346
65976
127702
55885
352
114558
119453
110362
22713
193405
191660
148088
6275
28359
50992
59201
124362
30031
169336
24063
154845
112507
122866
40500
30721
146498
114834
48798
23081
41086
175482
198981
110392
56318
61773
145342
26293
141365
74611
25067
166911
9125
180909
107153
33918
143231
12879
139180
172113
22176
194996
69289
188167
173056
11043
31167
176032
122839
80622
166524
25468
78413
198228
105097
76782
162463
24478
174867
185674
194242
46022
28486
116964
148315
110182
198079
189482
48214
119297
158152
86087
168494
140348
68929
35171
116232
84063
29678
197694
5436
117683
189929
166670
52997
142949
8584
134999
133367
55576
145822
81602
127911
156878
71986
177131
187183
102507
10509
110800
191892
19041
142574
115962
82979
81043
105626
31402
84644
121084
188764
21887
71742
157640
38653
168579
89757
139512
91133
186961
66064
78031
140604
93119
133671
79361
77965
145435
96488
134848
172914
82166
124214
150901
138373
124634
181184
18624
50006
143929
144179
80306
659
77726
16634
6954
194946
88979
3522
113148
128064
52
83614
179175
40211
15668
133633
60478
31429
181617
164035
103937
160815
152331
175031
99348
34855
192832
190615
48332
70229
25833
75599
93175
90672
84501
23435
75630
94549
137838
24819
118000
155793
72255
2991
41329
151330
195829
16590
44461
32566
123368
166870
109678
177414
156870
39717
164771
56629
31597
195589
73563
78328
18452
49793
92291
103779
81776
9024
167758
199033
138904
6523
22892
169060
125675
140845
196896
116429
152712
134633
19549
133850
75715
58656
120554
8555
3482
159367
115992
58358
189385
34141
124229
61049
176557
67740
190913
165670
375
144684
83417
76174
35469
55627
119293
67304
76612
175818
79155
135638
43223
147881
177293
133599
143956
9673
46150
119804
105899
88813
11131
165456
150230
125995
106470
67245
35881
23692
173186
137595
156064
102408
134027
188738
6854
156028
45225
88743
62855
39805
69741
85740
153832
133376
168225
56834
195256
40533
128174
73711
115045
179432
69110
3860
169185
17950
125061
105652
20989
4997
142100
14491
32717
148335
20430
137161
181791
323
162740
27591
105591
100137
119557
83924
130776
167955
49798
71052
192347
104187
129545
72365
26126
126654
52095
3139
81415
68789
134565
16959
96687
146569
163093
141099
179261
34252
37441
74524
113880
176363
167936
40915
124681
85963
179727
167451
82202
102308
95888
43035
4342
46796
153456
26258
38925
90337
6747
22399
183361
14810
74035
55136
185403
54996
24730
39360
180764
24989
83904
171239
50563
124886
43254
124920
6454
60763
156814
97200
29279
60358
95302
165743
184574
111608
72770
93949
107326
155627
147606
133327
104400
101632
49032
27023
199550
27385
150395
103671
86579
124726
16139
62090
59079
114409
75085
157716
107385
72150
157765
33832
27333
133206
52542
20768
8495
37647
196960
162761
124306
192736
186138
35296
60549
74327
156632
31698
88830
134780
70312
29677
120124
101761
23158
97605
108738
183030
111953
14539
35726
97812
154453
94407
159232
142672
48248
16500
103931
54857
170782
73608
170477
132222
188720
64768
17940
4801
34263
23964
142756
80422
9564
129664
28771
17555
130282
5618
170683
190142
115494
196156
143370
20133
56160
2423
177003
123266
81528
104702
145548
54701
124304
180570
114961
104126
159695
172664
37863
152192
14095
136045
199324
76168
85555
22545
51865
174604
142084
157378
17214
156062
85681
109489
134554
5103
150024
140480
106886
49001
192558
60857
32607
104773
36332
135987
12747
159507
107408
129885
5897
197566
35538
60983
110378
59145
154109
69535
187721
60303
198328
28920
135214
45817
116560
13840
199086
82799
54673
167279
148438
16945
137395
28672
39659
166566
8048
12817
66113
58160
188018
64496
63353
10746
44623
139231
119075
164977
183645
193578
104496
76139
61979
148673
21928
91833
60164
116788
9687
106666
65729
100941
119260
81433
115643
100331
34929
105250
1847
149367
170742
23769
111705
81913
49536
190115
80912
189251
8526
199949
75681
33911
197578
15263
133921
102397
168253
142771
45272
163771
197508
155543
189793
67791
123703
53974
66491
68594
194730
58908
81285
196073
87220
128117
48092
81001
82998
170227
195563
197231
190807
158940
79146
63713
153699
189931
21868
53988
28850
56959
197319
104148
13950
38566
2347
148383
13808
110839
54285
125903
166000
100571
10914
163532
151840
62892
154899
148419
36603
114167
186405
59804
173719
124338
26176
135977
134370
129595
166391
113263
131548
170644
165045
155372
44020
120365
170669
59034
51535
172449
169287
116763
75061
181871
134802
22467
95334
137048
25174
22656
57590
136658
20275
141368
169597
121778
49769
78622
25809
79550
120768
18029
172909
146846
95685
107783
124220
164494
172846
190361
142099
68434
149536
3919
57810
71020
58975
108929
159562
62179
87622
88862
71249
34317
161096
73263
192874
93917
96391
14487
129715
106920
134284
85788
61735
140163
183132
190594
23268
13493
143816
23572
55786
55666
3876
92214
50487
183343
13277
180467
159158
93824
50784
155828
194282
24080
169158
30783
42550
36821
160152
38128
123419
148442
55254
190194
15443
52752
127897
123937
123903
86384
170810
71810
159780
107658
67018
98035
14664
85254
100433
109961
199157
116377
18017
16270
19608
196455
164763
195329
78504
154195
39209
62966
18332
16900
122196
158945
188089
92924
10314
187451
133443
130443
166769
142780
23808
100950
147847
105596
134020
199490
131836
144317
28570
76598
33608
118043
23016
134566
10872
137047
165810
119635
75905
67900
132522
160106
185300
10483
115953
90122
128929
181423
70218
170718
45983
142918
4965
167998
98340
77442
199723
111580
90213
29295
186698
134006
66301
10033
136969
79364
140647
25083
21885
59129
90103
29830
108645
93017
103662
172708
36086
87166
27899
102028
188097
111775
22891
126668
31111
7472
32994
100443
21217
91504
166251
97163
133598
68280
141505
33589
6856
110323
43010
151941
23693
166363
192799
186812
18772
75566
127011
154114
57188
26722
160309
19362
106167
124766
169566
66715
64448
106125
2644
119020
13647
86538
49800
164890
79253
138985
160753
153215
358
49869
44517
31614
120232
92513
63164
30222
15047
21071
161877
96948
192495
38389
65194
72405
54666
110920
85365
197057
127916
33382
22256
82442
53699
159268
154982
138537
129691
176890
174120
161490
179406
52077
108231
51629
72619
35519
59788
180354
153568
148799
172007
198043
184076
32023
41638
99352
55390
17966
13855
179485
83953
93498
190148
24654
103936
188579
179459
39241
73452
106840
74223
169634
184595
11198
6851
193826
67166
59424
104587
145582
108946
94246
148710
191010
6826
144874
9533
81786
16944
130154
153514
104058
26545
150035
131129
12717
176357
184907
33249
132009
143261
177239
149254
124641
59726
59168
71633
129272
58226
23779
89824
60929
102601
92529
164732
113967
158883
179800
179185
143131
91451
52648
44178
5881
25120
54924
164567
110683
170676
177932
55192
44493
154443
195473
46396
183182
179559
67059
75002
199984
8673
46574
29384
142176
141654
153885
36580
17439
140432
188895
136402
87192
54815
118623
77884
191178
135553
92978
45275
29842
67593
65188
184151
67729
76073
105649
57346
56943
6437
132627
112540
56900
43252
78602
30903
128718
66980
40224
9448
83688
80639
113636
159013
50788
124237
126122
83242
84645
27815
171656
43552
170098
16585
133041
141754
97902
164396
162764
10051
98446
120102
147426
49220
181487
14723
5518
148994
36410
111928
154456
169426
9060
64029
161936
145670
145966
145904
113484
103044
96661
45901
21844
36820
176516
54343
131614
89071
133595
112335
5628
144972
131360
108090
73418
103531
130722
159414
153714
148372
4579
103659
67320
104822
175675
34016
130679
181701
135781
189923
167767
10156
188725
69333
118344
194939
6673
138721
42108
163911
199707
164232
26005
84159
100761
149322
103255
19034
177535
105144
163859
196988
169122
30520
301
43577
17115
189973
119475
75015
173671
79696
80708
71688
14713
81815
24647
19017
156611
108560
14338
45633
179844
195253
58915
141958
20844
32114
50917
104171
58615
12182
103188
51691
79363
199480
145951
140369
13303
38417
150737
173222
69927
127893
28050
21632
89610
56970
101644
22523
139538
124289
148063
193063
25688
178175
148597
27223
88985
121649
49779
129107
111169
169829
177527
9113
19310
131672
188344
176304
61879
49468
38650
83118
47716
184257
170002
157069
185020
195432
74880
56306
130199
165187
102469
5338
63619
59851
91203
80760
194666
19510
182936
13640
47096
124762
18253
17794
14893
123313
38875
148464
108278
23003
70430
189398
178211
184170
171811
2101
30770
81282
96608
185083
143283
167731
161980
151424
34111
22063
101087
43561
2886
148683
85274
75577
78300
2813
149901
22041
145492
179079
6180
146820
107417
74153
28643
131781
64264
196172
93313
185841
118793
192685
130340
87216
105851
140078
135048
48645
120181
92964
169008
56947
100734
134828
114897
154001
35187
42873
100834
4300
56493
35364
23936
80505
115370
141241
131667
132562
85812
61740
17805
178854
55256
117673
185177
103541
4966
165428
127430
70165
88437
110244
19828
180005
105869
191424
10669
37000
63904
3471
173173
106588
19581
89069
88755
173290
96109
166398
155059
195525
156579
85875
117406
110734
141635
78862
104876
178789
119929
151527
70932
32636
136064
191899
91742
127942
140774
149487
188411
26467
168328
79407
83847
126867
31672
183438
19173
96738
197515
23770
175493
165650
7664
56236
120114
17042
83884
81684
91416
94974
157505
155238
188772
118854
175581
112727
51359
157655
94345
133963
77650
14844
109003
185905
135002
42875
186810
170559
104739
87799
158016
70260
165741
107011
190828
159461
10448
158920
70484
45964
41151
106638
178553
197941
29655
14152
77371
49886
6162
2501
56362
194389
156448
106139
96092
125166
53240
57118
58869
29691
132325
83512
47881
149853
15303
114332
194739
5230
42074
88097
112606
196926
150350
151105
42271
111178
22406
88093
27796
92916
98094
105710
617
149785
168658
43775
42131
138120
76636
83217
148077
20710
28015
21504
126506
94605
40828
163987
175995
116242
121606
151090
116653
7062
17067
3386
164478
144170
127115
116819
104273
91629
42191
179731
19984
27491
54500
63407
173301
80179
140256
15170
29706
73956
48375
198899
99082
169513
83441
64814
63632
94569
37935
196093
168901
81328
179305
18578
72128
17660
53716
11635
67687
185352
142911
141623
162569
149652
74758
19571
35852
106501
128206
155980
121067
37770
62221
72834
47601
26490
187655
100711
102511
105987
135674
30483
157193
145810
195065
144922
115916
145304
158243
65174
144193
198345
170885
64485
170899
129299
91528
162381
50365
122751
120418
198142
110488
30688
74343
169480
153194
135446
133624
89917
83696
14702
134534
146919
9031
159713
4978
24677
196195
84554
192642
74774
148101
55011
50333
53822
42466
169164
76415
175192
12574
157600
36685
174493
120025
142291
89845
88709
54497
193767
129521
151624
155005
41786
150294
194839
4820
101386
154758
158691
179624
92791
65760
111877
40589
90872
108304
158326
97828
76922
179429
78548
128974
43001
178253
77511
67852
178022
187185
30137
57265
9634
164911
92669
98601
38730
194280
107589
84704
72160
130224
134936
21960
44769
169402
57465
22468
9660
112733
106958
58755
171621
80318
71779
170045
66026
16658
113669
119173
174990
35376
107954
165099
8629
54719
139543
54519
50789
181471
66237
147697
187724
8894
89019
82915
122353
66449
53065
130619
147541
138463
102410
67926
124171
3389
71601
28140
174655
8212
132604
80836
147246
60904
124254
150174
79958
115567
148785
166325
145546
32701
133397
88950
8592
175794
157438
47541
35095
101252
163456
40575
119058
62862
120735
162128
47691
4378
191594
138910
186231
108441
125156
31516
116677
180675
127553
177306
26560
127169
32838
4284
104346
43253
44627
164085
63872
147173
195034
144096
5827
29493
47530
15491
108644
120083
93847
166959
147641
122573
175021
39075
91987
38475
117718
78857
20218
4546
168106
196122
151192
74381
71750
132871
167791
5111
159230
150861
185351
50420
43879
142988
57381
133676
72314
171295
94638
90060
132592
62099
25118
101484
70175
118595
101501
20048
152115
105946
23496
106269
61910
179114
66957
152363
33278
2162
44150
180009
149118
85375
81037
118510
116898
141843
61553
70930
160671
92772
127986
162271
9784
47942
42526
96698
177308
151474
45957
145083
82313
114116
189746
132108
25709
151897
117046
174706
36508
108415
119800
144706
59213
39800
36901
141682
181964
13313
164023
87940
103014
142019
175282
53782
99200
39670
160554
33980
131271
94900
117997
78797
55981
82864
181112
105517
139087
95276
126402
45160
50393
80956
140229
74489
180056
135882
18888
101902
131789
151859
100429
186201
19047
183475
142314
198465
71977
133704
151453
139011
155778
129125
40018
116890
99569
123030
168899
154006
146013
92626
91068
15435
115237
110982
131166
130957
144605
197287
7255
134591
35516
36427
70008
4000
107659
27941
12169
189495
132675
52871
57565
78000
79757
189099
17020
181967
136366
172321
103205
121912
167696
151226
137980
60579
741
94169
188068
57296
135575
197487
78389
170668
3699
196837
153963
43880
149063
187387
88607
190016
281
34674
173861
141869
193291
57383
22964
14038
96262
147733
67255
110551
108952
36488
51222
121111
93825
19565
145896
21440
156275
122184
83250
151430
162829
153237
193850
120243
163657
24990
72192
7896
136332
167506
2525
45848
160938
182229
166581
97708
75821
6661
155277
115769
183498
58291
69536
179145
82683
93567
109493
89547
78625
162142
197939
90838
165735
151883
151138
24939
80354
166791
146369
3818
109040
76296
107918
76716
189092
70144
68110
20773
192344
170337
17562
79926
11328
155334
113080
99899
179122
60755
98218
39643
127091
77158
59920
130343
22113
163269
182939
149310
190042
33206
149555
178309
158930
148122
163573
52125
17579
112811
59838
143034
48159
103677
18317
122841
54787
19702
161594
23478
98415
91000
24240
162184
60117
80442
26259
64606
177157
107906
148571
4142
71509
90816
153081
179722
180980
133425
103494
188166
45777
29575
53337
4904
66224
39505
80187
161597
30116
137467
64680
82722
114096
88345
15307
165587
40518
111334
147647
992
129303
96005
2847
53389
118246
123658
165540
125433
188789
94290
154343
29628
28665
37113
71501
23930
183439
56726
100116
161175
58511
1809
40871
50028
129560
10657
109164
20082
43114
47061
125383
147453
107210
118522
60861
142304
181097
36678
107059
95121
160981
58006
195671
1330
126387
125989
38202
191069
161049
92071
58265
195217
7117
24957
157966
32256
18900
42759
27951
27645
49240
33835
28596
152350
186153
178726
74963
20588
140577
104838
125210
4410
163098
99217
51009
113833
178745
40535
44841
78611
150154
15008
69115
88338
109505
108477
31216
127020
65958
19524
79785
165094
81141
172398
185082
99063
12892
118189
14682
13221
171780
67701
54133
66589
182755
182404
29108
50159
163031
134359
8953
106310
120707
128186
102749
143903
64294
83078
133873
4583
79624
150087
92458
101465
76025
170302
90864
118205
199923
48636
1978
163135
134783
67795
7363
103404
70160
3348
91290
15719
27409
174756
73391
54188
73411
118391
13039
20931
47455
174911
178684
18622
135816
190602
78051
52498
101451
48722
144660
136096
71352
107977
6216
175622
111471
177410
9899
65365
72549
50656
24838
164353
14029
70553
104339
57214
168103
192662
4895
43642
77132
106660
190849
3303
190344
193481
7228
22345
48665
154916
10220
99961
187541
3707
180893
120698
11262
4866
68932
82987
85276
53931
23255
66935
16509
83048
72969
188337
197092
134876
6872
181919
47025
66384
193989
13715
11565
47602
64627
26592
149058
17026
166379
163572
170467
124530
161434
140312
77518
85453
46270
134689
69547
117024
62150
59596
182731
72014
85714
128261
193849
116771
99044
152121
158024
61330
63229
94304
21137
