71415
85973
49584
119651
97269
6056
184390
65636
66679
162897
79874
55131
120766
16410
35242
174081
195999
18061
1667
29032
79616
24587
33224
91047
81389
57409
35705
174898
177005
33779
102184
126695
180351
114456
162471
169483
35124
60536
84196
36622
157468
43260
189119
35996
173394
29484
109577
150274
68850
10825
123076
166181
113685
47591
130336
183776
12488
50759
30787
129087
119527
145006
121960
116505
133489
97813
186505
14089
188495
59294
133894
118485
195832
110698
63038
89107
85707
65501
120348
135689
142465
50894
29214
97503
39341
62025
9820
194729
92994
23882
90875
192441
63474
199294
9169
123798
135594
112801
160363
90342
125900
73242
106884
138947
110550
145746
119756
90937
13427
21908
18778
88797
190520
39663
93761
177006
113874
177160
10096
174244
89941
67889
127643
155337
17601
48460
47311
1631
23468
16842
150645
85060
123433
160429
103680
64081
42258
129548
48850
167161
88377
196388
76318
43721
166107
36733
157049
54370
41185
63413
106615
79734
36099
183024
22093
51305
85470
53297
194186
107758
167888
22081
86132
49934
115407
125882
101072
191999
198468
164905
138267
1406
49775
69867
67933
127005
33732
98496
157920
127589
22246
125254
161244
129010
118126
74993
110454
66636
55631
7039
80477
87832
73765
124030
129750
167738
151475
182342
40458
153704
103221
63012
112711
116488
1474
64672
142257
730
198635
60080
49391
54959
184274
78589
170275
117892
32762
48438
70322
115444
175513
144299
109792
155978
31098
96050
34019
111519
173165
1226
175461
98630
15825
130682
158977
82134
198580
168291
62108
137139
185118
93918
100749
37557
93534
92212
5773
97867
165458
60010
74258
183249
132248
140650
50666
172052
199953
97582
26017
155263
87858
167343
33446
92272
199365
80127
147603
43798
98803
130597
195644
65057
125171
145893
28621
171977
1931
96020
60988
23314
176614
145955
179423
115326
17578
105545
4015
72374
178248
164869
3815
196806
45257
101867
101807
34220
190894
115712
70081
156166
15963
64848
56223
113999
36297
174687
164000
189587
22917
61766
51673
142768
64379
33766
89146
84686
91443
128586
50840
131848
148938
3703
88292
176175
101979
66246
152587
45752
190341
137693
198546
190146
24454
114425
155542
2799
74775
43170
22726
101665
21016
100523
46095
156762
59114
13758
176958
4056
1091
177168
120640
40334
148999
24772
147239
196713
185713
137937
184815
125996
35613
51106
137129
111467
162670
188149
129741
119841
109749
142446
171670
59690
97125
57222
20486
47293
125314
177504
125645
40327
133239
163385
114956
136480
60571
182833
45519
15619
193837
138966
168497
31478
29841
63735
79747
52970
199972
24354
168556
129770
60876
84572
135222
119104
24815
110940
190179
74143
117187
141287
11848
197467
90569
60204
87422
26223
128450
38287
180951
17893
31138
111845
163542
24228
106520
198261
58616
175770
92098
116499
490
65651
109766
48416
135921
99555
153896
42933
8510
134249
58668
44273
73901
164326
167638
188782
9950
104850
152815
69731
111338
190296
67671
73676
110701
145812
60833
184811
178639
18048
34242
39442
79395
170600
182730
76110
61478
78906
41448
178401
115640
3510
9922
51690
138565
111408
110039
63083
96795
4392
107496
126025
180491
175323
109497
20163
21610
168708
152280
136430
45153
105081
108118
75104
109429
114226
133708
149103
46075
110353
139683
163063
102909
100829
124493
75344
120294
10642
36438
47302
137468
67179
30448
113447
68918
78222
176897
181118
100438
12635
122720
110025
194250
47635
100977
69592
70775
162553
147093
62117
174326
103227
147324
107446
128590
81920
169369
3795
126476
127481
108898
144587
111736
46324
33934
178687
121461
178520
8560
88948
186806
120393
37424
18072
127332
126374
55228
110377
178357
129210
38046
13029
143946
69012
197195
198556
75902
87639
131797
53644
137849
170294
127885
50925
182582
66292
126895
136810
163786
161676
96831
180424
192491
142146
21419
104712
8800
98549
60658
55405
40759
100200
57070
30910
5855
180235
60500
166478
129384
156986
115701
124324
118555
8254
147325
649
47748
113163
40929
152980
29353
40734
70018
39151
173686
167780
46947
65830
190196
23419
35327
77005
95006
55475
79519
100243
50061
187507
145781
135308
144669
169538
53088
2796
90484
182314
142003
199496
19153
58712
57056
186473
66217
60540
108390
62842
41515
189241
21848
80
57725
107764
196242
126761
199185
85542
88285
93973
24661
196882
71430
27531
84044
172651
145726
73096
175962
6281
182579
105325
114150
60202
115335
180213
145470
92509
179255
50580
199179
66999
178711
68596
96045
6174
24450
72756
157355
135071
190229
94022
147045
36093
189781
166920
126265
65891
11508
90256
14493
31910
143854
175598
189457
43626
167264
198830
93817
111664
133677
109089
81065
128207
12680
84728
174525
105035
176704
121277
105845
105660
119921
64003
192779
102603
12831
133582
114006
113662
1615
42803
38888
196323
53951
20882
195902
20756
136721
132512
106017
86267
114134
44673
165409
18063
66383
99732
136699
163663
85062
155969
103072
121532
167212
69664
155432
3612
49151
123749
199338
182136
96663
118375
70933
59071
155896
54858
83906
174699
25165
195284
192612
163851
96585
159985
138223
97740
174721
103346
195794
35664
192585
115192
20755
68019
130315
149342
39543
165681
122886
113047
50857
150833
184019
85611
73355
56664
193145
167052
81933
4476
2737
27972
178709
196205
140144
94953
193576
144703
81624
11076
125902
75773
95528
34296
191254
127900
88335
68371
91147
116484
172568
78453
164559
22632
12576
98194
181126
24360
139694
169667
79400
190837
127338
45910
188127
133908
37075
85696
63099
56767
87496
154248
56588
131873
161779
48318
173922
147736
58786
62408
30467
14519
118486
157879
72361
57498
118494
84442
115552
68911
10486
86162
165502
93350
194264
135979
104554
90660
91339
115243
113731
46085
166372
28389
25255
36954
195976
136484
161147
75132
90438
78753
9307
44846
35823
186767
141981
37762
199682
85509
187006
74835
189775
163586
153571
126086
92038
37538
116509
84327
191356
179329
4317
9749
93410
36855
3943
162817
78396
21862
90647
54243
91425
186410
19627
73466
164528
142491
38260
1292
88894
189269
10865
6186
135887
19298
174851
101013
101279
88175
84182
142093
31365
124557
74048
101209
183183
55036
73856
11128
3209
194306
3714
128404
8494
172574
22718
36827
151379
128421
142030
139348
69484
71626
165235
93697
15072
72463
91713
5888
103074
51033
14662
38621
27902
109962
149792
89608
36977
56065
143122
83263
136772
53831
94053
188117
82308
115657
68191
169102
93752
155074
86758
78547
36053
150649
43303
9272
130312
21855
42183
145098
20129
63634
142793
15506
52865
68357
178767
114252
56195
87341
69493
9539
141734
60856
83432
62423
42699
129774
168280
110511
10472
38106
92085
39036
58713
194222
163654
47736
142348
164816
187813
164849
127108
45128
178273
93247
130895
90009
109756
21400
195889
54775
177768
23669
4755
137442
187208
190627
138020
50188
103389
174672
42012
148134
75884
117796
181746
100342
28967
33724
109527
43551
31477
45692
35611
79930
37471
70166
26877
16352
150343
162711
116378
186
30617
165969
14534
77244
13603
167640
15495
61444
39434
151731
121817
151283
7194
193207
158856
52184
110508
16768
85456
108030
167335
178967
142066
83128
160112
155139
96145
136445
155882
185876
117066
96394
147145
163429
133113
142787
158922
29288
5194
146324
39067
7882
190764
50838
17972
157291
73740
23010
81440
157301
84284
81144
79421
61523
57567
30713
40101
131086
58578
45489
19216
24582
149065
125523
189729
123516
135230
38561
191903
147413
17874
137165
62132
113158
138270
17470
152789
181165
6047
170570
23541
171813
64926
42396
81473
127879
64296
127790
128752
52624
140578
12672
85112
158467
83810
161645
89905
10637
190921
197822
113109
9375
29466
34325
172386
175567
116667
117749
145045
20366
85859
80027
134446
108903
64951
99038
130313
158204
173640
153252
102891
167525
137898
51111
139278
119014
35417
186041
174352
91426
184863
28348
91224
93296
12702
155067
6641
37877
52315
90082
163689
187600
144687
84807
69392
175954
109538
103930
170717
39782
140165
88336
162926
133366
14735
9227
135377
142455
145248
118329
114274
174408
119831
48921
86215
153012
137664
168924
156172
159432
146202
167683
31893
166525
118880
137599
139183
98002
124942
172146
140323
165421
43769
13898
21964
156030
58501
62387
83082
118325
192725
136320
137623
135066
169697
31827
89669
138331
52827
140790
3152
166317
79657
188248
120917
61142
149821
87493
84091
189922
36352
62943
31978
117188
70702
77192
17095
119291
179982
141653
1256
132882
193986
62979
198282
178047
159242
19695
111859
88841
71428
94640
123263
28971
174500
164782
178626
59882
166555
176193
123053
136601
98560
60787
101834
89103
192343
144494
111015
75036
94081
132287
40450
53614
26208
118778
172633
38369
6061
182213
63431
87093
70557
81885
98235
80985
40159
76300
47645
177393
75361
9682
94756
34807
24709
164775
135162
153560
24178
98066
80180
88521
58716
147148
100909
76441
76916
199247
133315
177936
51344
35993
87527
17821
4808
160702
14829
172012
73752
2542
61660
92290
5672
3126
172057
9422
38546
93569
131255
28202
103594
167306
683
79044
116364
49578
12825
71469
162429
52969
118792
63304
135953
113059
136722
104396
39546
124169
118827
87337
28661
119972
23937
50979
197876
30633
179428
154181
5472
100062
34201
3607
104309
86690
43802
158571
33443
89502
197793
155011
45805
23375
468
60560
8707
47038
53040
194499
131827
56646
150287
39922
37205
72370
25380
186045
156619
11303
166860
78098
174214
2144
42072
104423
178155
126400
177433
106423
100458
133593
46711
106421
132609
64114
197609
164770
25044
170277
126404
81381
151874
6350
34908
25284
38429
92621
118024
6681
179119
99005
108344
18838
99420
21530
33987
158440
152223
27251
163168
106122
147787
29737
13870
168190
33049
58446
157818
129903
131078
134063
10363
95461
170597
101107
38552
140210
95908
97499
133049
147579
134335
47875
27273
106065
92048
28362
44259
190900
187589
29660
12281
94762
167789
133396
90136
156138
171133
163696
59789
24267
173999
104685
116688
111064
94571
53849
13654
86363
7466
66675
43794
102997
27284
16676
183184
90909
2158
95950
151204
48431
16836
81665
169889
38995
162585
30119
112389
199114
36544
156724
143024
53491
123671
166348
7989
173654
152042
50391
2086
141316
43273
36662
112668
6400
59139
182847
25534
183893
17198
178661
130269
184446
9310
43670
34690
25360
119067
112719
32416
89210
45698
145499
68938
165167
141310
164302
47217
104153
8868
34784
198447
165520
134616
156005
83623
41837
52216
123582
37189
16692
53339
47323
157958
193551
21635
168852
128674
13554
67523
48714
157959
2377
134111
17853
4721
159450
117358
4269
178768
114921
72989
170760
39337
75166
70061
196996
82342
40548
144067
178641
67503
2320
43727
143596
173696
11857
112712
90948
151171
70313
9645
90400
113304
2811
165190
126026
23842
122887
143822
16174
108588
54134
175663
53855
2568
35691
88221
140008
133717
146822
116748
158363
13584
186684
74684
138664
112772
156566
155528
99319
186242
186656
52783
146749
115967
11570
98850
8718
132181
86506
66151
17786
144024
194980
118900
197752
111200
199012
55179
70935
126396
148049
142875
199643
91651
114492
19101
41268
122205
48876
122231
69845
177922
108535
147238
74948
79076
193117
183189
23237
178766
131490
38813
190528
31874
93322
95388
118813
44823
182448
162940
83246
20483
142216
141457
35584
18366
92111
16946
70259
142566
61938
100380
51989
120481
100839
15696
33900
84274
49807
195809
57731
10622
20200
40215
71180
38922
17935
119222
81119
172013
191710
42592
83713
136276
42824
118936
148190
53510
83146
198311
145729
191043
176774
183057
36287
129920
141444
25808
34788
9454
156146
112149
170401
83167
107444
185072
196068
53597
142195
115152
186623
85234
107488
66611
95215
49163
172414
55755
180254
116004
72898
158882
27549
135275
57564
34260
94149
97278
128122
196829
147151
70567
64579
37435
6637
64896
177941
182185
172298
177315
21850
137942
116050
54251
147386
83967
185135
158337
80079
156367
62875
58689
144351
191926
70119
68489
113301
38276
191602
39831
188381
83377
16268
136087
6984
106463
104064
59244
6783
62994
167443
186056
60402
138631
118382
131058
35160
95548
176165
146702
134184
151795
138622
18897
162269
164557
29901
54167
74726
79417
72683
155241
164463
136747
97719
169406
128390
54532
21762
170383
146345
180127
33554
121959
161285
121984
135051
22684
149654
89838
163323
105916
124810
89287
39023
107171
166358
101527
96916
19920
25078
40595
92650
131578
176740
13899
190303
45207
17386
48807
86907
34340
66918
126921
2318
71563
102939
131415
114567
112043
97253
94952
84693
32684
52330
36333
66800
46566
118553
130040
173251
134400
128651
117457
32223
104826
1653
123636
29194
178522
36598
78168
115777
80193
28072
113781
46896
148384
181078
186668
156485
136298
41327
50551
97783
80979
43457
102807
160077
141588
17195
112650
158443
193860
90377
155209
90763
143151
134091
135171
18286
127089
158162
21178
198346
64658
113965
55401
112599
40294
42287
15599
190214
122092
13031
39618
149432
62491
182241
32382
27096
94436
151416
154247
88552
41047
115470
84815
138261
104646
40406
147090
8585
102963
153281
86599
50931
94826
148850
169725
70714
134675
107140
177570
145017
153857
160778
77607
156194
115747
181821
138458
66442
70495
168656
143322
11073
121075
193216
186887
195317
108014
161946
94182
130482
73267
165948
14719
183455
162494
119687
17336
8583
82716
144043
165570
131518
164692
172696
39007
8896
65012
15802
87628
80439
94
158816
153388
48672
76431
94105
25715
74546
34498
4238
97877
11104
173754
76650
38511
109988
112469
18953
189184
63812
67938
117874
39426
122502
50389
85497
91429
133996
21883
90075
74242
179783
164777
137405
153539
148074
116644
118112
113650
68213
87690
180239
178279
315
19399
125593
172256
156734
13465
28775
84813
152034
12558
74218
69415
184386
121044
134466
108989
173376
22168
44602
85016
61290
130042
71331
194415
128101
198659
136654
46529
161885
106995
15038
9598
97612
66865
129819
29552
197008
155610
117033
152073
73470
82871
146216
117373
96326
31787
4167
115073
53409
17533
128834
114824
88271
30606
131539
154102
54056
196762
175230
189547
116917
151001
148612
72670
74264
146710
50269
35387
37170
140686
121296
104254
108661
18210
164668
90074
63638
154980
190510
28044
69891
123384
59320
94555
89039
199494
147406
97869
123325
159433
198160
130116
146384
10269
108538
4688
144792
115063
82187
195242
114621
170331
73029
127462
29533
108178
85983
177531
26097
67626
13517
112641
148754
163526
5255
190959
125839
168130
9626
106416
84913
93684
183311
126101
30461
138924
23295
22615
106039
185803
110729
64901
86757
85383
44844
192622
12866
119945
187717
86398
22426
149614
117707
63207
189488
98430
95674
56432
30736
177697
96014
149038
27699
195745
91417
166616
75440
181836
19475
149599
78096
16769
101396
81498
73346
78362
197560
120009
791
68559
183274
185311
157292
183467
115322
20239
110710
121590
64320
152063
55226
41165
83389
120219
36314
56103
760
198126
41598
157414
144004
99773
161834
55992
14637
106849
190378
128020
165065
156004
181486
118671
181462
184604
108047
142129
104029
34969
74798
51412
199596
61525
179806
115053
1680
103460
167063
75311
24806
141842
64783
77493
174154
95691
1579
111597
160987
44234
102233
97918
70802
629
33009
42617
11818
85177
137953
162114
97695
180103
12331
184413
191607
195336
25497
157779
174036
38197
49745
179950
88754
162102
22275
13341
96237
91160
177993
147616
30396
103248
156082
56141
47386
65961
182860
64935
165714
191743
156872
70412
134572
188655
5257
22758
21796
67000
13675
119195
176241
64142
47223
138324
97254
190601
62017
136081
23644
99412
79653
151584
70476
114374
87117
155024
25758
176852
24610
194208
68785
801
191272
175847
9760
155905
81207
141491
159157
146055
41879
39251
30809
52950
19398
118583
178241
186585
2612
147965
73591
97251
76320
61287
156281
102172
10873
122233
178170
186387
40920
616
157223
102074
53956
103231
171999
116924
24379
118634
86065
190870
76654
171114
112141
187333
79682
95038
23125
19166
27217
78826
162838
191719
161480
65613
36189
142892
149125
40787
54072
177133
40801
80564
199188
159391
44605
97962
168093
192837
42251
114288
122808
175151
59712
166797
126514
55605
108431
124617
182679
86661
64600
41536
67272
138984
56125
142370
133574
125400
193940
132555
131985
92337
116237
47630
153674
49900
170716
187536
75220
60151
196045
105580
194913
167453
21533
151179
34619
27562
133486
124770
190776
161256
64061
103816
24424
107454
173182
49644
124185
33416
45152
83244
149942
199302
113539
122272
168371
7785
45947
109088
141876
117513
90134
43981
3801
174423
68008
80392
110578
61486
85454
100923
110609
14960
197068
130350
27893
65135
50404
149064
15966
2658
185229
114094
40592
161339
164586
26945
158698
46737
37310
69697
159754
77745
123865
14385
62643
99633
110001
171923
41201
29082
23813
134216
40641
74821
173064
57280
143960
194163
67356
104967
183279
100014
100420
171105
177450
169448
4093
83111
80841
32631
146462
120447
62429
163361
193792
127321
168970
149611
118255
19758
123850
17982
84133
41061
192119
5532
106029
86027
84062
95889
18878
184634
17456
46763
97010
159045
154024
32639
26883
198907
1317
136397
16263
187518
108908
154855
138760
47040
91330
88793
119889
160080
85781
123270
85409
13536
27352
7333
17047
163836
119524
136603
101564
80709
6668
173183
171525
152982
192961
42970
78981
38728
42683
396
20188
10860
34813
15436
48683
18235
151765
34015
27939
70517
177814
122203
159370
130803
113705
145187
69104
52085
159719
133911
29442
149021
174515
39573
113617
63052
96228
92478
34154
92426
70326
10260
163515
169434
22437
93597
198767
48860
44959
4316
144493
196648
186373
64647
20753
25226
168823
10491
163756
102584
171266
197358
8387
115341
64378
41262
149174
92241
75107
52849
77487
124419
59720
193395
96018
173838
82409
127155
158269
110157
39229
14881
92143
153696
156510
19907
174339
8437
139445
85250
15952
144707
64406
9062
105767
4742
94042
182406
190097
74836
107642
189505
148978
141418
150203
198312
7927
148849
98079
156307
122472
74205
141247
182640
162532
5587
127333
121857
32222
163508
42643
84597
84715
197210
167954
124244
143204
1924
97493
69550
97304
49700
117521
55313
31888
24529
140723
193251
174298
60726
121171
187102
27725
166612
188103
111417
163475
50538
120021
63079
97130
61508
197265
163412
78700
196027
114666
193115
190356
170553
180098
53797
51231
7812
18796
139212
119201
199329
175947
72714
156155
58323
182193
160871
103448
34367
185802
56508
136626
183007
173191
19688
170875
124435
162318
74367
170498
161933
156794
136757
45198
38209
164116
73786
194378
41908
178656
162047
82479
19990
16394
166426
9068
176954
168107
25899
87787
30291
27820
126309
98525
158283
39680
56972
188115
93437
52292
187876
8805
17994
92780
160058
182770
24449
61156
81238
35505
7836
188341
197364
194334
199945
61875
151427
70207
166686
140226
26708
193381
181669
63725
89802
46310
55524
195493
32182
183575
16018
176273
172863
24248
27858
45041
176399
176029
11912
41298
71440
41667
34593
182362
93302
192217
176376
38345
189225
30482
153721
136154
13184
17428
126595
83224
125222
131969
2193
39444
15306
101765
112728
177241
18368
176988
102337
103699
152348
186145
18608
188154
190112
118441
129790
32515
134077
17919
191962
133100
36724
156344
28083
162618
23161
99282
84025
116019
57412
14458
189992
165372
14002
32445
116795
130905
189521
177913
49686
136744
176599
111807
27415
131091
156562
120750
159416
149477
84698
121330
140750
98151
2407
43826
95619
186070
148898
114297
43856
149321
68032
112385
103968
59179
21358
143474
26826
190178
99835
43540
90805
192897
194283
44036
142871
72137
102477
187890
102825
23625
121667
50609
17515
5461
119969
125513
29385
104799
181175
161474
124296
143650
110536
129864
83049
144767
165317
105519
178930
178217
5652
53878
171926
82086
52229
146649
56470
71805
54931
116479
95949
181333
86431
43829
35015
45418
143419
62152
2726
187918
129443
117241
9721
62048
177189
2990
164924
52287
142717
129535
121829
125161
55730
34972
25018
41925
148909
162702
121450
183927
51013
39295
180260
87862
29429
180833
146933
160841
179757
68430
23837
135749
171415
46364
85242
168221
5352
170910
75784
109153
127562
53048
5921
44801
187242
139513
37449
151310
182016
183540
197184
90065
46109
30157
96113
183582
82894
92898
24829
25242
15771
109936
116517
50512
65312
196653
179733
133203
97131
53203
43708
740
22956
164822
66613
181744
139204
175432
59231
175672
18600
71890
149934
169718
80910
172557
111868
167181
87259
143504
109783
125858
128428
75852
189557
67452
164487
69996
89209
171338
78319
22598
62139
154772
15982
126844
195816
96720
140014
3580
4311
110723
151454
28804
21393
85095
160626
110484
83816
255
151208
120841
150783
21854
2719
149666
14842
123528
62710
183005
11142
142972
93308
56498
53610
196637
10430
39584
37384
78192
172812
62716
144701
69019
65393
126517
186725
178679
164392
2450
194965
18428
3377
74794
81574
137164
54816
31206
11504
96165
40278
57736
148005
84456
110915
159459
196854
1970
170165
190669
91051
61405
59124
99863
170839
112624
33116
48486
2365
181603
36677
61288
120494
37945
90417
135061
109742
35368
116406
167793
109715
109056
54704
152478
143242
167251
98809
166040
159099
13955
178568
6148
181717
181512
178834
124422
184898
69390
66895
173940
185013
20476
91086
52151
129900
87466
128359
197345
185218
192257
56469
30983
185548
64062
173536
136289
75620
185558
38127
108576
183533
7165
16116
120970
75225
68563
84183
99080
80729
197825
116309
188956
84542
183982
50685
50768
54035
83501
82586
47964
51233
175442
131154
44418
131005
181536
34560
166803
36298
63134
187316
74256
180650
34089
133147
64824
62751
112588
64760
6307
31922
13136
6019
171691
75110
63656
14827
51302
70172
47707
20586
164841
149663
87147
11609
41787
166968
184729
108945
39034
117629
4224
114317
153174
191739
147096
131993
160031
167235
146778
11887
86786
40565
78600
121510
163020
95025
63999
134225
29057
95722
111696
57930
178418
141290
199586
199424
54783
32830
32776
131326
188161
42167
148747
25547
29375
136837
99239
145257
125909
4204
91598
125045
127723
135407
140979
114669
79901
151162
33806
189832
75400
110802
45660
52004
185730
29647
162539
135123
145459
167596
104040
32651
117690
85249
189744
175004
127065
114646
28385
58679
149888
10823
69087
83709
48888
38726
167113
32038
117039
54164
15114
112069
49672
63526
167118
110227
35639
74454
106460
92031
36066
86190
25506
31419
176744
176794
11072
67265
67971
18821
53476
25106
8546
113368
132932
59442
118071
39784
10150
162108
52156
169567
184307
21165
17148
82021
213
92398
127201
160028
106418
103977
65502
130028
50665
196555
19049
34987
53969
124007
87046
173524
124552
36005
13259
48441
3810
98296
53734
61400
105028
38539
174513
100753
119624
38821
10516
70150
87090
7210
59678
59475
166879
184240
58149
10577
182922
3259
154536
111405
174731
130630
38759
88824
173149
193762
35874
108543
133026
137706
24113
178465
194086
53479
179087
176839
193348
26421
110785
39478
194507
82225
67945
71119
19126
31517
191354
170102
7254
86658
31837
197377
57010
108741
26340
137924
73692
46326
52035
45064
153700
10599
114820
78176
139724
32257
103393
159384
40598
198872
5894
94139
136574
71751
96199
129512
47983
123037
171594
145978
174698
21806
151360
155160
139441
124685
36078
137926
57253
186485
32076
191854
73981
137961
187524
98768
189360
60788
88033
108511
92361
147340
1247
52658
69578
18679
156765
143812
80065
180537
182911
102635
178502
54571
182489
104732
41970
190434
38893
86399
21320
148566
63322
145995
73358
43565
155899
102887
12896
31439
177369
86598
124927
95864
82804
82127
88436
153728
80237
27254
187253
87555
106057
28640
191201
15281
121223
39617
61517
153934
197170
125336
37085
153424
28541
94065
148652
30907
188440
186021
160004
49066
109830
46208
9890
78947
126836
167483
105395
141369
59688
107313
98332
11667
123891
127738
44428
54215
12086
56472
198102
49559
128715
87685
124222
108378
98495
77216
146380
26217
90336
131753
73920
96632
188118
176443
69162
63301
68422
144722
93086
132575
21535
101196
141319
178191
114493
123992
89328
170130
81936
136775
139395
102851
75040
159586
20187
114191
79178
103721
88254
114000
24741
116658
178949
46492
44380
126000
60382
192879
158714
187100
42765
139130
166392
63162
169360
68901
63800
67560
68861
4180
122907
138447
9951
132105
109126
21519
190808
34423
169343
165087
156848
183773
48831
72507
111062
33122
91199
104245
168471
60155
159603
79899
31796
131630
171690
91670
161161
66370
11783
104413
33983
121587
71055
24572
6430
5903
146864
33044
27852
168435
62351
28797
33763
127659
24913
55852
144830
76288
165918
62659
25437
182278
62691
109161
138448
47105
169341
13646
26312
196795
165423
122045
187236
74809
159118
55753
130413
168574
85931
98160
123091
184879
180874
168509
140783
139777
46621
58902
116273
159993
124438
49463
173280
152657
195342
43284
40692
121875
127034
169223
121660
130548
119338
120031
88706
108713
12295
106136
198603
110467
120618
149299
28111
92059
32161
76211
29350
75319
87069
129383
68706
122416
31273
103194
49379
96003
103218
84130
115744
174439
110957
121945
40731
68719
103336
183190
178221
195114
162664
114437
72984
132476
158405
31366
86338
1162
81121
162191
183317
35382
153131
159501
144591
193980
158683
100689
186919
25121
195790
66459
159212
6042
122670
15372
10571
20023
189408
43970
43730
51883
69451
81474
122684
185735
62043
50407
17094
125418
197387
40367
82244
23981
37536
86629
150319
150623
198628
158434
69566
199987
197391
174632
147828
18381
147968
144473
15824
165825
83433
148508
56100
196451
122367
173030
82612
98793
61520
61899
158191
162499
10562
97089
149471
60070
25187
107723
101300
130775
131482
80680
182424
194205
190117
107435
88881
20659
103730
72017
195105
102034
29007
59553
144841
4290
85374
131237
79403
198625
146444
17823
131595
26698
95663
188288
46209
23944
171730
185331
167827
1031
135178
130796
99912
176950
120974
94499
85735
816
154159
149210
85744
76069
37346
63238
14483
199011
129633
156450
177614
16012
186567
144592
126187
97437
33837
120785
36052
142825
104841
167577
78643
177108
141500
150018
188258
90731
45472
145361
175040
176796
116535
55445
10006
33677
3858
43916
134245
164553
19874
57958
163556
94700
73811
95314
28280
136644
17905
15413
84142
31134
138872
59875
178333
75520
60865
96476
173882
5755
125309
179521
115683
79562
137943
96435
61518
21757
64195
81271
148674
185003
92762
83698
158245
22151
78390
50772
191823
96776
32467
171086
125220
174155
83665
155538
130556
80490
62172
46830
139552
152624
141181
1496
152683
172373
128672
192652
147328
48773
73887
66891
184776
15872
129297
105586
157776
157432
17325
60334
72667
100864
56229
116733
177068
40227
152210
100538
154270
44626
73461
25720
96116
142108
83373
18920
138341
144917
126923
23645
16132
6660
180170
75929
114689
154331
61649
72371
95003
111489
51896
84048
183150
156167
190753
139992
146334
134064
58777
80475
165564
180788
94050
91080
85077
146524
149495
35935
32402
126932
45386
74180
2492
50629
36950
34753
119824
122550
94202
138399
161249
148414
181307
71359
11363
43049
8975
19700
42808
2212
52244
197596
132491
126153
155148
47504
191956
161294
7937
187098
57141
183062
32616
64985
51898
11559
87519
119159
1340
167295
28108
106518
105979
123883
184606
138297
34463
6094
146941
65423
121055
71741
69042
88357
30417
195815
48427
84718
186715
98578
40547
189659
142219
192104
143336
57817
118528
82203
141923
147355
92837
75146
180289
99125
143500
50465
72888
151750
83331
135087
59494
30537
57591
195069
34445
171152
145454
182596
1826
16555
199959
190771
95622
181067
187692
102653
136600
173244
46535
195491
18703
45435
21744
61743
192784
82307
152989
15945
194836
41338
112620
33917
182777
98272
155689
198255
76590
154581
8711
132945
14531
121784
30267
130231
120504
63092
22336
106731
87321
142342
169515
189573
65925
82092
123369
25256
43983
196102
40471
150769
117509
23469
14904
146212
173415
16994
11212
147593
78935
133261
103738
155128
151711
184943
103490
124255
71946
142732
176693
158351
174015
20148
99684
188111
196418
181586
179170
150525
41871
75389
115636
55109
52465
82272
188358
80852
20305
173868
107162
183697
93361
127981
151195
168631
185646
23216
104414
166142
122633
153258
134164
178905
126493
195747
174251
37032
33588
166819
121332
192952
111126
45300
170303
12856
147982
186252
99186
129344
19330
70185
100052
197148
118888
14895
100828
117302
100598
186514
81744
2205
199303
26805
4654
195952
131645
81214
175286
65541
62074
102742
198166
188634
124611
63220
116358
196803
56887
82845
121744
126424
88537
137450
190012
180954
179139
162991
75498
92339
94261
197814
112591
62575
65100
105244
31653
126764
131267
153083
80577
160520
88184
60349
174303
97527
126750
181608
66431
182924
96637
112866
93658
193968
65844
155415
93822
139911
140018
150840
24206
59051
130288
183692
12816
59366
125100
170035
23721
108646
178135
102405
193582
100878
23096
66992
26971
179640
77238
74738
181805
30652
194552
109218
134235
1275
145912
48110
24341
35199
144280
16803
79798
199833
91437
92932
108684
151112
73593
114810
155004
2722
161994
65126
195250
81972
3360
68863
106709
8093
45052
70791
110043
5745
114436
124429
110109
157480
170374
111456
167134
174239
34777
85692
151988
53752
131915
101697
77705
26139
184106
78618
55359
47403
187946
71167
40593
159710
29059
134853
124872
124162
150798
99825
59259
76134
186999
126926
113897
56556
126392
176482
20521
107082
20523
121376
194685
156441
8130
50048
177722
156170
192731
180644
129934
23234
11460
32906
47462
83174
103863
62169
3490
16673
46426
80846
29873
158858
194130
163279
54846
159218
120678
80590
55417
147244
62925
188190
21617
77228
179292
108517
50604
76957
67302
87006
191138
75310
134279
113907
84530
94477
147297
122127
85758
74954
172253
9778
152190
145796
172265
7322
139379
183146
185586
2633
26968
70996
161869
127283
179941
96460
153447
123693
167086
183937
188408
1794
23044
176184
157459
100039
160830
178991
14793
164336
173649
19237
43199
1873
95580
151899
182801
85749
129562
87031
138925
41057
27263
568
13985
63491
62550
126321
184288
50443
199581
26637
147174
33141
86651
66495
61484
189052
76626
15066
112780
15017
25846
9300
145558
87927
37199
141689
185279
70550
108287
32406
50339
113098
144617
166657
180993
136102
149154
161054
61333
112574
185570
158005
127590
141183
83666
172091
199262
62993
189770
113210
96455
84747
157728
167830
91792
67389
75973
65241
53216
185862
90291
58151
22489
196289
42011
127259
43697
3445
144721
170554
147134
74958
38071
66542
88726
162768
44788
28652
37715
106635
61224
23844
69228
125743
120669
78040
102566
53884
48698
50018
55686
97550
165210
143143
118152
4985
169623
111495
10076
52771
55158
126016
134620
123378
83757
46346
160883
188679
122322
134663
198200
181599
52884
161935
95085
114804
133437
55559
131703
63899
113531
145525
116927
13329
36037
199296
124299
75457
15497
2938
141167
15785
67136
32556
156710
197269
67130
142729
109145
58743
864
64522
88818
180007
157862
40105
15861
4645
166004
139214
26659
10246
12255
35876
96969
39590
185660
18003
135242
156153
81160
19880
66711
113197
27401
24227
38599
162182
141165
141723
186367
56085
56603
63902
187533
74751
183323
16539
64641
72914
751
129851
48546
122710
32112
31046
54140
58427
138724
159399
179689
108281
126814
110916
150074
25039
172500
44492
25779
89694
84077
42147
175048
108835
121466
182849
154679
103989
29027
13977
121325
34500
168770
88984
18027
155363
22404
17609
56023
66038
184624
33239
30436
123349
176447
125107
114002
194489
119177
40684
96696
89081
98721
189466
121343
64726
148076
54723
14776
96783
181208
168312
178485
5123
117338
91628
184181
37234
189597
174647
109525
105000
70759
164713
156783
23867
40771
48399
24181
147821
92657
9973
39186
138973
193444
194294
140739
53051
3287
175506
91010
172819
120103
37365
92822
176089
171744
169230
167030
162340
120119
127391
62312
10050
6528
33431
51002
119449
59268
9026
51634
119812
11429
117515
165151
67914
81112
5675
45089
34976
188926
44546
44311
66638
62247
139220
156184
191490
192821
1355
141445
93635
95853
61175
191434
83156
97059
186133
114700
97196
144174
27734
76449
164587
101313
19883
103582
94814
27623
118950
115163
106580
181722
37096
28595
61907
45042
32778
157380
81470
165984
53896
77190
60186
152246
123854
139184
96671
168759
41198
63026
35545
81233
139595
149819
155718
164480
142843
137713
58849
157684
80298
50898
194820
188681
5617
36600
58154
196117
83071
53962
106708
114544
171016
30244
85078
78133
17454
129388
183881
191367
120959
101489
76212
66110
30205
33303
81811
120843
123033
78271
2696
8930
123392
21957
14784
174356
116490
190738
197091
152630
171017
83430
161952
161743
125863
193355
82200
10532
115693
163422
92885
73175
83149
118400
36758
62020
53271
82669
133867
101259
55506
141066
76785
166776
97672
166597
82229
147863
173977
86321
56761
13438
165153
191769
68784
108751
21791
17263
80151
161868
65010
113471
122292
174471
157148
20109
60056
28687
108553
24870
151409
126835
57395
68408
118332
9964
33970
32613
142655
38198
96197
93385
169428
179464
173844
9972
69311
104033
93129
35820
112963
10634
71035
65929
122884
85642
60824
120426
79587
155214
24723
69667
28526
151921
102475
110016
138875
81512
93984
84944
175626
175273
83930
126331
70242
30952
97589
192602
28236
148869
189719
128866
49947
197255
32328
70781
187472
68495
197396
60345
177120
177521
31878
86671
9666
189864
31720
35862
14165
30656
38238
106367
144759
26042
139495
28117
77537
21986
187149
166483
122388
12796
66227
18507
84536
181661
6931
185276
50778
116487
16264
73117
1195
17270
8642
95771
9286
167292
154882
104054
7666
77838
19291
204
150554
7741
169251
69349
12106
84504
27421
147259
179518
132728
4201
9932
20469
9916
75116
94981
115621
11831
82331
149420
182107
199800
178426
33360
108424
79499
26521
22453
157313
77987
71028
69190
183738
95954
47428
133651
114370
87412
166016
182752
129624
129792
154507
127459
136829
199461
52144
191094
199843
44970
173629
139873
150985
194617
26934
140321
14272
191981
153036
20592
23759
56274
138858
193990
84129
196691
78716
143952
91282
194956
144743
107349
172583
124303
192123
7072
133364
107466
28294
59866
12228
67614
64885
104249
190405
184822
32054
80604
139313
11473
195705
53497
66596
75078
57625
11373
121969
147009
139303
52839
137850
24272
31731
39971
153021
90938
5969
55672
51024
76100
189721
169309
153108
160159
108012
27043
99002
46719
97323
23687
133031
185278
56060
85645
18178
39572
176681
57212
105554
191922
190588
185627
129349
131080
109627
64148
51521
39694
144560
155172
112182
148183
197701
50566
41799
91881
160261
28326
113600
88506
63020
196680
192958
28332
26275
90495
6999
12306
129112
86372
87749
62445
107202
100919
82874
52459
48151
18762
181619
76026
165453
127572
42706
136688
82917
105134
153619
141311
114405
125553
23705
180715
30913
1817
192492
51583
111685
91024
47104
30164
67401
17634
63833
28288
110832
171889
25104
51929
188454
119465
95040
73247
27235
112209
163268
169346
183544
180342
104809
66509
145341
37778
976
93556
33497
160355
68800
101321
197351
149158
89421
7819
150366
69879
25838
52588
174710
95526
107199
94257
127717
101702
180508
63676
7179
28049
66670
145426
147878
24811
115691
37011
63204
71661
1856
107903
158298
163741
177404
152910
148565
162575
85479
94842
109809
61631
54198
151100
106948
193134
142895
82644
135197
65965
115831
25302
135963
133326
195959
166375
129477
67834
83420
187844
8529
136734
106407
188402
39930
177536
179039
161201
60906
197998
83163
177735
177081
55093
144020
172881
26038
76349
167632
55816
109831
143056
646
62271
15648
14027
89177
142403
118695
48051
121356
166110
34724
125137
91867
37406
113852
100212
194423
68592
112967
184913
64988
112642
91106
67622
57124
4339
69861
109037
64105
157135
159182
178251
187328
100114
20875
185148
198376
1315
74047
198206
110861
23028
84595
128115
152422
41608
193763
149669
108148
66146
42367
57109
25635
39975
192655
80010
75467
182402
174675
171815
49618
104761
131442
93595
46622
94303
156954
70650
172569
121854
26830
137279
7361
139318
33411
195157
138455
102806
160396
193538
105656
175129
191232
12749
182646
188073
68652
50860
157196
77562
62654
31824
39366
99170
188086
120213
102214
93614
93314
14517
2660
195359
135607
159500
60668
69156
122980
39263
18069
132124
182207
62316
167192
10767
141940
10172
100710
93586
162555
150988
21228
66748
73801
151050
7477
60958
65627
171157
109650
173833
114683
192502
143127
45454
34917
152405
176157
46103
85715
160188
57846
46060
140255
122089
65545
185550
12094
66973
179910
26651
64483
123084
47407
155465
159844
70497
20945
38781
103116
20
77749
121427
54581
145580
61636
138781
164833
146009
55386
82259
175935
124343
120136
35180
172209
40588
159795
165096
31884
152528
104310
158774
110686
26903
51864
2261
40996
118533
151778
58193
67358
157238
24218
98146
17659
126466
102396
39792
36634
128423
168612
6518
82096
133145
47544
104162
162433
55901
37997
57647
17727
21613
183436
107177
30953
26899
6030
1834
94699
187337
34881
171413
62772
67989
102381
94232
153421
163681
164379
111220
125057
166743
69989
61160
192433
27097
67744
46404
22278
119133
111604
151722
56093
50906
61134
35096
170193
182403
149604
135496
55667
43030
140540
161388
124462
137798
28093
86141
75745
124853
92752
25439
38948
1868
97690
114272
183314
58771
24469
118056
48616
42536
137501
38236
42827
77066
91049
199057
9896
83185
153434
93738
135164
129995
30022
114616
107788
6621
97523
165092
28146
125427
63300
171668
647
136404
55507
16723
70047
157386
156846
163348
18384
188912
87059
12601
16869
1076
55012
86185
170731
124799
125818
84123
27931
173858
179100
5238
137094
4440
187829
16272
50031
184908
141130
143575
152597
105939
50555
35517
445
198909
171341
125
139891
121507
76160
143107
148798
141463
34104
14969
137788
199442
100278
155374
52162
91453
117058
119554
153102
110410
157991
100664
6177
28846
58523
151915
76952
20100
197144
19744
18583
197094
154836
8957
171931
40541
197519
132113
176915
172739
164787
193574
172967
24790
190085
80513
155384
100861
195994
102620
161035
9332
11732
112263
22199
180324
71000
55232
126832
86427
61701
169108
169494
174082
89798
135905
113294
30047
149277
50293
93843
43704
93659
155406
5720
44433
150944
78426
15327
110472
123329
44081
144101
47828
170249
131923
197611
90475
103888
101831
178934
141911
33435
154615
24445
105761
81748
113796
25915
81986
161234
185789
144044
27987
78480
33519
81323
40830
147081
142076
191659
155640
64678
111789
63049
17590
47815
194657
66692
14567
10883
160347
197081
1404
11401
140147
170604
88217
183446
145685
185859
35200
29779
58989
45954
29897
73735
140394
88340
93125
66924
66317
125899
74313
74458
124003
40744
158446
57386
118426
123432
197217
76046
164426
191116
166406
76883
132114
133954
16129
36602
137247
7513
142798
17289
43685
101314
173211
55589
155352
143306
181681
60963
128849
65727
6132
69337
146031
86096
137642
135653
186083
31718
99942
156960
158379
42096
157748
148793
85105
57117
5265
61136
37342
38933
75351
158470
96492
178632
94639
156767
72634
147181
172609
176842
60370
141832
197942
188004
52568
141714
52685
111444
160773
49535
59011
175026
171052
96470
168767
145367
37438
565
80781
23143
130270
106983
73020
88601
163838
160599
17915
137310
122518
143986
52202
122501
28801
141035
3846
23141
86113
113855
140870
156962
601
97945
21600
189695
75943
22411
140757
177348
88083
136263
12608
163000
46252
164603
44336
117462
103380
117885
152238
138645
189658
131408
189043
66492
94342
12603
132042
116698
50727
70922
85767
64261
151755
59632
170248
142186
120478
31372
196557
56411
18474
129690
126822
124587
34058
126505
124311
182797
164844
57379
158161
136966
37835
168769
28634
58379
81652
149554
40061
9898
192342
197695
12008
6940
133312
30371
5309
118504
153845
149022
143670
188675
160806
96089
106164
70674
91834
103942
93417
100262
57205
151321
19502
67442
60808
118404
84779
170820
66799
171160
66051
95183
180473
12707
88394
130910
147378
53712
40834
123954
161852
89200
112936
116241
71603
117734
56220
30879
157047
178044
42363
119633
173009
111576
70181
45583
45693
65260
105718
111239
77716
174425
178397
148922
1077
45415
190655
71475
58960
45075
41337
44707
145145
84100
79784
170615
79085
1553
34128
190842
125113
146596
16305
187559
183631
177294
166204
129369
131792
4543
141563
101474
22083
145677
111312
24880
182023
132461
193707
139036
31887
153978
125355
144035
145817
193262
115242
136912
76337
199155
143149
171292
87855
117817
89571
121045
128173
109107
181998
72713
39722
12431
97090
195037
28745
192606
76343
24253
73647
121369
50190
136787
129631
106608
17554
31751
101959
51432
47588
162724
122191
25098
62188
199037
189082
195683
114540
67402
56500
24872
100460
137340
66437
71073
60490
19938
137941
123290
103669
164032
68714
142188
116458
14606
16937
84112
164049
166947
53060
129752
27657
8427
61479
100436
76735
179344
142778
8739
184403
163875
193527
159662
155007
105793
136391
19908
64830
191376
2039
127076
42584
136918
101464
66522
56529
95817
58981
54351
32618
169745
165970
168881
146808
39727
152024
47574
33906
196091
79647
82375
66277
191574
11722
141238
129402
99165
45977
186922
170812
182961
25232
45770
188543
36940
25612
195672
88897
115231
174022
23185
47303
40550
171517
37495
44199
35069
161303
181234
153626
20091
52288
171453
53524
163322
26289
67118
179141
141763
80316
189760
141596
197314
192144
125641
13121
14754
162546
137479
34996
160300
195511
94088
171976
169930
78510
156125
170117
16832
123497
124494
192215
6090
148735
118397
156625
79193
177654
130449
88855
34489
21547
54978
101584
142547
13354
193624
120808
52927
74991
49308
121874
69314
104199
102941
31064
52475
84160
90275
41085
130764
77917
77121
164322
122846
55952
74874
144242
73318
7115
140673
126317
91104
130653
173275
100465
16551
13399
71629
163577
70528
12724
110864
127661
190386
57561
179183
48687
143076
185315
112739
61901
143646
84009
150771
121836
27026
63067
139045
19413
83596
42416
196364
46569
94835
3435
92060
115229
10227
105892
27063
191645
124865
15930
116966
20057
90073
110158
25477
98646
9473
85958
54843
82819
70051
77172
74811
46507
57873
160530
745
3941
80213
134589
6249
119196
80548
146148
25598
97062
188604
1312
172683
160982
43521
115451
171798
26433
89147
42032
22839
58706
164531
165238
132203
56539
3498
138750
69443
179346
28961
73115
58370
2912
82889
167240
116084
98102
69721
2953
176758
92469
105257
157536
192684
161555
13835
158530
8010
36133
75089
23042
38108
97950
157098
148601
86594
144524
40321
170907
104640
140491
10575
66418
112704
84818
167867
189739
127265
172972
100265
150470
166504
127577
5514
105510
117798
74878
136638
117656
152894
199370
116752
86937
180147
31255
148982
55661
66295
109878
7540
46863
162643
96450
11841
158602
26381
146469
52417
99627
66559
187863
2414
43974
189868
66889
90531
79074
15558
4247
69791
59056
149384
7050
153162
88675
83671
22872
54925
104599
173108
24299
128418
18280
151990
91744
82548
163254
176823
45603
104061
188523
174628
108168
6567
61435
58820
134454
188953
181575
167576
36432
162050
61645
34205
23868
10905
184150
180341
189313
42239
164761
148297
10544
169912
41831
119993
34314
25004
182336
35487
76664
110911
106577
76700
86477
111505
54672
156065
23153
163290
157436
96824
137848
188668
81664
107998
9726
185729
37780
32495
19967
159396
43695
133576
72073
85423
94887
14428
39019
38027
181041
58454
90825
89451
78120
145195
80046
38000
69355
115710
33172
38757
168327
41125
15157
22818
67815
21309
7580
149826
55907
170635
137376
183592
112344
142754
49205
151675
159935
184703
152761
144510
15613
62085
84427
193776
53018
171793
19673
155463
103864
63642
154265
77028
125284
186788
144224
6733
92640
153150
97602
89532
36767
83808
69424
140556
1255
77906
29544
10253
56702
83644
179460
118285
90874
111210
198796
160641
16722
150745
139882
157712
43836
172672
166176
90097
91808
136905
64827
11604
35718
53495
152849
160063
87098
74011
157143
156877
138008
175153
77722
20330
58366
8613
45449
29823
145480
156213
197279
10282
164740
148058
8065
69353
88031
62073
118547
137090
22574
30337
60504
10711
33577
94649
58107
184757
140125
128323
199713
171980
93404
22664
20002
156016
59651
171324
117163
99287
115127
22046
85217
5038
163325
127382
74831
4601
170235
33190
172359
40398
102759
163891
167964
78639
108442
29679
43867
49620
24544
57014
96953
141227
148082
45764
46161
43882
77183
64861
187287
65619
30550
28073
4710
50426
37350
109094
133468
152707
74413
123694
55776
196764
17817
159347
150519
125379
106337
69258
132379
149705
101221
101899
89809
40225
109060
53290
112431
161440
143225
493
176619
12698
62431
182320
192556
199289
178341
82310
191790
132424
94823
174899
105996
32509
185577
116384
67886
156835
171903
138572
194692
169905
137055
77326
98198
35798
65700
15166
195805
93380
73289
147221
43245
132445
133077
93369
184448
73838
4988
124215
27140
120421
67114
189322
185750
144090
52912
115251
193503
67967
13714
3819
164914
173562
190915
106360
16104
145535
195305
75830
161968
15671
22629
120853
47993
195322
73806
69315
199512
159881
137552
12966
39430
42222
53583
161192
171330
199943
16220
175777
129835
114185
39560
12846
108862
188597
103761
16847
88938
135557
119664
122212
194544
77513
22213
85070
66952
23388
198244
27885
98351
136185
11813
44574
156103
47237
102339
106281
20556
43568
110104
191867
94020
58723
20337
186478
69607
97430
104856
18444
191912
86879
4638
20849
38637
97250
163054
34916
185420
36617
157409
128069
129114
122966
136305
198599
159285
58460
163380
6294
9460
188736
107960
162449
25175
81598
54396
107926
164552
172417
91971
57576
41485
87887
162607
65894
46120
132803
56485
40647
12362
160648
173166
93576
159055
153881
132010
192404
149163
145224
6111
199355
161705
90110
43243
127677
169546
25594
65780
108895
70870
52286
92045
148168
95432
140027
116907
132643
73322
163766
21864
60971
109674
177121
64956
51145
60258
128447
186076
131782
60268
153448
26074
96351
139603
63145
140156
50962
155348
123652
42599
11420
148753
19164
177522
53627
34190
17722
188360
115215
178805
193822
117290
90952
15437
139927
192994
135310
14076
107965
162423
2508
24505
51425
180670
136456
183720
108352
115641
123508
151977
189179
45239
72718
144846
105349
119335
40493
15832
112318
33645
15669
74762
197538
180269
55779
46501
155304
270
4130
28744
17242
109387
38231
72279
174467
138602
23972
51839
48437
7174
52517
73340
150496
802
147019
96924
106248
133608
75955
43660
95671
62860
151174
75949
50115
151238
167733
2195
166070
101488
85224
38680
66381
108698
136024
94251
38006
179271
167966
191073
11633
166685
159227
198213
199918
29312
147839
79648
26951
154607
191708
136117
197286
103031
130583
38721
90699
145747
198366
10714
79425
168919
26480
134079
39030
138161
57636
26633
105953
150517
156709
35116
129070
55233
155676
68296
131737
160223
92209
73821
12600
91178
169032
74939
147304
125927
90434
19497
155356
162912
9999
36933
125323
97603
95369
88781
119846
164877
141288
114302
10202
13167
10286
91367
80097
199688
174307
138618
99081
55941
89439
23777
19892
143503
81991
163781
81791
38858
164715
6245
47348
64704
190951
133343
26913
144158
189168
95911
48091
157129
113767
84707
105121
110276
178741
45916
92534
167799
118970
181843
169550
168469
112592
175969
102099
197898
129814
81861
149988
40077
77653
88362
39570
19067
126543
112454
23814
57273
90822
166301
149469
166666
182912
20426
74879
88570
51911
167256
27944
191405
174141
171660
84607
198461
112434
70112
166604
77960
63688
184237
60809
132234
130117
87899
63787
112091
69906
43344
125851
33565
27587
99668
67394
156495
78560
46884
144898
181091
171945
151002
115236
55996
12644
163216
38031
41254
13458
45688
127860
123120
119918
188582
176125
176297
161214
17048
28926
175411
39000
77269
128024
107420
62794
119062
29774
129855
54954
76865
117692
134397
198056
93882
154175
165440
58287
16696
156494
177603
127438
181440
198837
116191
189887
149098
103235
7147
66179
177423
21649
147041
26273
55193
164896
1712
140208
180645
142799
12631
61638
58559
104603
140850
25011
17619
154844
940
80349
199191
182856
95435
125765
128405
44582
27827
66354
37446
4865
179127
167166
180587
100591
26337
3233
196446
174507
15421
27524
83987
29334
131794
103010
187045
135525
67644
7380
59002
173049
194684
56233
96467
87988
80314
150792
91872
67686
199320
137233
119363
51539
68816
9772
186101
138974
62711
137675
546
128280
91824
137141
51298
33436
141056
20698
5934
101322
115460
113792
95093
63873
135512
61237
163528
23494
191111
70446
164581
65000
155303
110332
22315
110216
111881
65273
83605
112683
173709
12497
21897
152612
34642
72171
72790
107180
123256
4504
365
165837
23650
171787
114474
194041
147536
114282
56912
80809
189644
138090
123108
140107
20962
142156
80471
13735
112892
173089
77803
156719
61401
22385
134854
64235
143586
59575
175361
36102
68410
109482
155240
56596
54425
44717
58257
100833
5989
62963
120758
90326
148825
41081
113339
63082
181890
156099
97162
102933
1339
160045
195143
31080
112484
112316
125013
188231
50696
165883
3101
75706
166007
150005
108
32809
171750
191372
181795
5394
165376
116439
93916
129856
114129
79385
48589
123087
118166
78531
116188
154135
177949
91085
108060
85832
65841
133089
74423
123621
77646
29932
2092
124647
147466
181761
181978
16740
73689
112555
127563
185873
182738
192674
159445
32063
182998
10827
173523
60153
126240
68879
52587
150288
171115
153499
190032
80283
79679
24377
139202
168652
187054
146111
93739
128279
27440
185287
111527
166852
47360
61335
95056
133645
164342
161628
129530
179850
26328
141391
147071
29973
36310
46528
67751
143467
65448
133662
194632
86772
172781
28794
94915
126185
11453
154218
128528
63851
102161
44692
138229
72642
82434
139676
77016
88401
33812
49402
75887
127363
110594
129239
41388
182541
21902
195588
59483
132754
28863
131231
171161
103161
7548
94405
139793
134401
26937
158733
197482
61292
187872
138403
106431
84076
194627
181594
51077
29101
186700
140308
42622
50274
31605
4961
28758
90335
160995
7571
63379
45582
172517
28741
154215
57231
180872
79150
49790
85275
156701
66166
107258
61805
44995
140511
94928
5420
118873
85116
44591
125912
135997
69813
192600
184073
15760
130886
82411
34940
18587
95245
191180
24376
118213
74573
153035
88278
40978
99427
120914
124662
55988
124391
184113
192200
3136
68274
27971
147817
127253
111152
142286
170540
60331
58464
40028
20069
70321
1073
120062
27988
86009
70577
51659
163915
174415
49225
73583
139979
192247
10180
112311
128302
173547
119354
92245
7870
104330
12284
175703
56162
109313
50818
32012
19341
71465
62637
117805
8085
93995
7239
159275
146451
23485
70419
87981
177009
5547
50189
155628
13188
55944
166523
190181
107197
15410
103764
5351
94798
92442
17895
196472
197194
97363
72671
52690
95420
125890
149070
137097
199268
7628
121955
74155
21112
119352
170040
157870
169500
199319
6570
95989
125346
37730
67290
142274
97629
27010
38937
152874
58945
130508
61172
54563
62212
189930
89468
141926
8753
123044
81813
80278
19228
7829
175478
198006
77473
128819
14921
165078
158039
181394
57933
157679
98931
52769
75152
168506
76231
56024
188826
181328
197019
61778
151642
93886
20603
48969
143726
847
192422
174033
45834
67951
167920
75972
186232
154553
122462
70741
69601
101172
81383
5045
98011
148892
153960
141919
80034
86813
88115
102568
78049
160298
144979
39373
18141
161148
152740
185757
194458
89587
89909
121688
21147
62975
177790
120505
32476
104633
9554
50825
196046
161595
124050
76010
37734
133290
24714
170827
190043
21159
79847
173267
174148
83952
170858
48019
188831
169720
132816
127951
46222
65630
156827
2852
62946
143821
4528
28183
80425
58655
122362
60481
30167
146834
56703
116683
150815
190106
87033
40934
184465
177599
10381
195318
37029
26989
184320
143337
32861
152564
179517
65723
184028
32828
84881
63216
32516
197593
101708
123193
39774
33165
118949
94057
100285
39943
77809
130833
62013
6002
145053
108534
85677
171307
155587
65327
175127
27288
180913
178690
135370
26679
175593
25731
163824
33455
40515
100403
22009
185353
170845
54596
179413
44088
66903
125802
126339
190663
99677
124789
100540
159576
84384
78116
162686
140808
190704
78732
101201
190673
72474
166143
123585
32175
99036
44800
138576
91516
126524
181856
190989
152025
103270
21966
167173
48408
74586
112677
137979
67062
72418
83908
41677
142380
75236
17051
64844
8533
47777
11354
102893
33217
162152
95593
32186
165350
9050
5024
96678
137023
89187
113809
186982
157645
68572
61561
185974
143663
114607
94082
180780
8223
129528
186874
81851
199146
14578
89195
61668
141107
30692
58270
91134
89714
104657
136720
66738
164200
126865
182513
7129
107072
93366
81330
199560
62527
166767
123397
61809
147205
26353
182457
65751
5110
155444
85619
12115
72005
23548
99768
147871
83722
88758
139241
167491
180559
144147
56120
144981
45420
131304
109800
111409
101481
150050
68295
171821
117343
193409
117711
148148
182531
31319
74665
96545
169189
39674
188702
106319
62528
101504
6336
61953
177700
63465
124550
172675
61140
182669
36819
77357
105680
46269
1395
184518
100863
130287
195934
175676
160911
141761
199051
12580
92016
25355
189108
194967
195368
186597
20751
144968
138691
85213
132102
147807
27874
64128
174369
173054
132723
56910
22563
95467
68899
12529
10342
135027
78223
144675
5640
73872
71392
20411
165261
41568
127997
13779
122762
165593
194826
51614
66937
63643
131844
97468
91366
151542
86104
150424
197488
159636
6440
60933
109008
176844
100048
78770
81529
104589
130289
68306
198590
10024
21947
73039
63434
70823
94862
186181
159551
198420
187423
37230
181305
102244
108237
92314
59541
176886
21356
31157
113648
148865
42162
8728
139172
168361
21244
44778
79176
165673
136473
92340
142288
195653
190678
118458
144152
77113
65584
15251
72104
171689
172717
191498
180190
65962
645
10727
25267
130807
20636
191128
32231
96555
38430
83318
138259
143797
171100
164495
66239
1910
71369
98269
96064
119132
186707
104079
28972
130004
64287
188570
143846
46793
27117
32446
27876
148303
100555
183997
115188
67333
56079
14179
141717
123643
60697
21603
186451
84399
171300
46319
121454
2001
69177
133095
195599
168167
44279
144787
24500
164931
26125
14118
34353
21168
189835
62026
104999
71481
63107
189622
96417
180862
165857
78488
4365
12626
30117
24474
159311
127074
45183
3273
51313
23757
13172
101950
189813
151200
174411
187662
130757
13506
196568
78766
98943
42197
174562
88148
127284
110787
166183
186677
119769
188518
37343
80406
131626
92104
125578
94216
124750
54692
175391
82421
74527
106687
191636
70531
48585
7133
22537
11522
175112
146625
79286
107703
5707
31142
152783
101295
134139
178548
23895
161411
98639
115488
168411
103119
37265
6081
114910
79608
83669
29041
75910
57868
19697
141971
190342
123940
37101
138855
112046
198782
67340
42542
81843
34115
110500
112162
192245
19243
191564
52482
111814
29931
87017
184720
42246
81666
43271
61403
15946
46436
136844
143777
81878
154326
153317
87315
177124
179279
79115
66966
66259
185073
123926
155995
12902
36040
137717
143916
6756
4886
57552
110174
109810
189784
56315
30101
85303
110320
155883
51355
188294
25645
123297
4939
186519
183759
4158
99682
63440
92720
96213
133668
124702
67252
185737
191580
28392
83121
93947
123718
137385
102365
52203
137002
155047
43373
145061
45423
132576
168250
85264
184928
159272
63090
19483
28893
76707
88917
140257
52081
191082
194152
103061
19000
93898
23358
43263
116102
49985
684
161384
39903
125136
118685
36048
191646
105376
187048
168208
20235
38380
4824
79934
185422
3109
49591
54602
150042
88052
136478
116571
52092
150895
62638
105865
176551
44480
53707
175258
130670
61846
181672
112348
151450
113960
142913
118705
166795
159874
125300
123895
71004
172700
16250
118700
14937
83815
162545
28614
39461
66282
115684
145174
170977
169486
73052
108439
5366
196725
86714
101724
191311
155997
166347
3240
3740
190990
132084
97831
85961
182468
23402
13210
29520
119795
179580
93526
187250
170100
10817
156473
189027
187800
67330
188904
146559
101047
110492
7195
199043
185080
81189
34945
115130
48668
170734
76491
194453
195997
181731
123983
8823
104363
193901
47151
167459
51255
25542
5803
16797
159997
51043
118338
100696
42431
6874
168420
154712
63844
40199
69293
175559
166828
64812
12941
86584
121308
161662
49017
99326
77264
111990
166280
134840
37072
6547
29859
87621
31691
170592
61999
90536
146550
33371
35915
51499
24288
178028
154454
88956
171510
29011
182119
33927
61650
140219
100469
55457
168434
159555
94573
107453
11296
116173
182358
130605
102513
89713
128606
71628
74163
50852
139782
124694
36635
195654
88520
79496
94059
85972
127426
140325
74881
107513
169211
164948
9664
89806
161226
140714
176542
134169
79705
7506
17996
60720
1083
97856
33284
179612
109214
24302
169130
8877
106725
130741
107726
120666
183252
20180
151277
128119
191766
195020
160144
61216
157255
131185
165986
117393
95746
92717
101690
116076
122537
126536
80224
48167
48472
170529
154145
71631
139823
132146
32299
184794
67865
155339
156253
175231
158662
3913
38424
84625
29909
73104
9548
67781
100703
139745
39148
122959
122876
52427
80725
11702
67465
146249
135561
78444
133947
89137
51038
67838
12463
46666
168844
175691
51775
167657
154802
132773
72724
120201
195078
122447
102000
24858
34638
7229
134725
87461
81892
172
22647
84135
3636
188439
115306
84968
186199
188819
146771
132493
90147
153332
93826
49086
138723
192181
75360
198608
112064
165561
116914
169329
104166
9275
189327
41287
63364
57094
9163
171928
97943
24287
69213
137420
84173
101151
46385
112135
196664
187382
190377
90374
128086
90625
117702
175877
184853
163652
193512
115098
151004
145868
131350
54964
137826
192030
19527
136977
45694
79466
126186
173943
43646
148610
13701
41921
195667
72147
70991
171906
115473
125772
104174
79420
165016
127537
146227
182113
158963
68553
175613
56532
26041
88309
140937
52272
64027
154235
14212
181562
41967
184428
90297
15680
134239
132428
115830
161218
29298
124002
131273
7013
172814
85011
149009
58952
17674
29665
142667
152988
155963
28160
153537
29272
25587
108743
198601
3024
150775
104953
72606
29654
54713
136137
155187
192334
27967
106710
111476
113941
56755
73178
23630
92441
8248
139569
110079
81195
115048
154255
145351
9814
134790
44074
17690
118686
137063
146237
41077
84745
50887
27181
132511
138016
42000
84731
80670
139191
159240
167982
154283
152969
47107
122086
7248
37805
150055
147876
113706
68642
191409
159641
113708
10077
82252
191576
194167
157195
11926
180976
83493
199242
5381
64450
140644
139473
24067
42896
83537
75370
36127
185589
136853
65940
138320
92270
94200
104847
36190
105185
16369
80109
4602
174142
76476
114794
152393
22102
96614
84397
106509
97306
139725
192728
168594
31701
126388
197743
165515
5759
154104
13772
103722
72318
94001
164050
90267
95422
44054
174677
26271
177392
167069
52879
133218
37588
16481
22070
57512
147653
20528
50068
46467
112235
178051
110341
195825
124165
170279
54117
100010
69495
86015
139430
143373
168173
196849
120354
89272
133531
6382
106504
142393
66993
37393
64234
134657
122046
68890
83361
177685
101247
144558
70019
94834
178809
140945
22799
70199
99538
94032
138105
84497
112393
131773
119467
152239
16815
144550
71246
50372
50309
139563
56653
126349
62865
51330
29913
34052
25026
176004
125471
73383
121802
128680
187130
88751
73017
139151
64336
176047
102423
6404
199775
108107
92919
21308
13511
121101
143842
151255
28300
31931
62822
149227
99124
103330
153716
47711
4958
111760
23366
109612
120328
101166
84654
192982
19260
89175
77635
93531
55761
27086
161670
146240
167207
192842
92859
180501
12609
196358
42338
89925
197188
106984
43251
127789
157909
34571
138663
138133
191215
24096
183644
37867
25378
172901
160881
138210
51271
87871
198864
20816
186493
130170
116857
181921
179381
38640
119553
101304
64417
166814
199776
25973
129482
77694
193501
114313
54044
98756
46664
59513
83031
29425
79555
66105
78248
151491
145976
155180
27851
188846
83106
117721
141461
190786
83322
178998
140283
140761
109955
78206
31690
108683
132686
119203
148818
70348
184401
40886
132444
77570
113060
161088
184000
191718
147248
86825
159421
15285
122872
59359
87434
6428
187267
137401
186945
4758
172358
179947
94207
85585
165254
146025
21194
74449
125184
169596
180464
98245
77972
191426
196052
120440
164120
184399
42244
56892
140509
13170
89339
35072
113420
123592
120252
123078
23862
74451
156238
149540
190317
118175
22018
76405
120409
59991
22094
23297
54527
154841
30354
89615
57467
67392
59165
199756
169955
135309
27963
109922
130523
162796
58311
163311
183664
152677
16537
23244
161287
67197
76385
64324
76452
47327
150532
172884
27266
139817
168797
118784
165750
185095
74750
181265
13316
149119
2922
193550
66238
37578
53708
106006
89826
149398
18087
149776
35439
75956
190724
54988
119052
184858
7719
58409
59618
6718
149449
13235
10558
84201
186590
10272
16072
7971
26924
63305
42614
92893
40905
50571
190270
50406
28438
121269
19361
151709
143725
6780
178076
73802
73571
69539
26561
59132
123184
196341
195918
150982
156121
67924
31933
8530
139504
20221
14449
168331
43152
99505
63264
64493
7748
107157
101744
183899
130061
67613
97566
143237
29019
177417
43267
125209
23919
162375
26544
93967
16312
108537
129997
162996
101000
92265
89442
48127
27595
14412
120248
163071
6996
72918
123231
191348
192533
168437
93981
25164
5149
163935
140718
99573
55733
120230
137445
54936
153166
133523
196176
30030
173412
132217
54338
166034
87574
181585
183702
49907
88225
14699
65697
72386
8164
121517
109246
158045
146489
191391
99761
79646
70925
198197
172907
12127
58537
95216
20900
34799
148826
110842
117170
71830
102794
75100
161557
94612
28191
1242
31535
10247
139398
112407
164410
52337
130324
137006
106856
193045
195187
46316
148722
167595
95033
102528
2913
40182
88200
151919
41265
325
68431
51644
107696
12405
124917
147214
34265
28270
131608
132368
196841
98753
24729
71138
36074
4521
63701
157804
166502
194030
4784
73925
59739
199573
169479
151232
126745
7305
69407
71840
135699
59752
19327
53394
34988
72729
141956
50366
45098
193783
184159
31457
120278
152065
110751
161374
164003
123939
48989
150237
134171
163401
80269
47280
34092
41816
150004
39513
18875
197152
17142
56859
13274
184135
178194
142839
188708
26356
72785
166931
86408
29233
164883
165732
165966
38068
53613
186347
98144
152006
158483
101459
150384
13309
155133
67415
162869
108063
181718
93509
23958
172198
86142
138200
166510
36090
159959
86150
156270
193475
183709
77428
133395
64675
49673
49100
18688
58293
193037
132322
96223
75700
133510
118538
182163
68562
194493
96080
166854
12874
77199
26205
43901
159619
191465
143578
145706
148254
168564
197332
74597
54782
113142
23076
171711
163707
38241
73639
156842
145745
43258
15464
150188
153982
29136
72516
171755
58445
63883
23714
55291
199430
108868
23815
147294
16372
61976
155693
170112
191379
37432
130781
132067
154618
117123
124454
135388
31166
112852
197935
45475
47696
12352
49444
69192
115646
136257
182082
154962
85463
66853
196268
15034
114934
80870
135350
58778
99483
59821
111552
109022
22025
41505
100890
5997
112421
63169
76769
62425
82350
161971
142624
85530
14187
185124
190090
103455
69873
17163
18170
93358
33777
143879
145687
51260
22919
199342
182297
37930
57316
190310
35097
193593
169015
154346
64205
59937
763
169151
198685
62731
166820
108960
13717
81225
168230
126015
191164
137249
121400
91338
111208
61031
36642
195510
167278
112261
104588
67261
34114
76725
168342
35091
181893
166781
185063
58842
40889
15068
114915
73565
21888
185649
20632
6468
87488
144481
183427
88351
188112
25035
5195
56915
94763
137263
97294
4073
92280
151550
123543
70829
94235
91236
52627
18718
100596
38064
73930
109822
156864
69554
22900
171319
130537
133198
167816
110218
155082
102470
181120
83505
110792
353
193788
67859
133035
75612
129604
130452
25880
32888
132052
163101
67460
45714
148561
118179
33869
39705
183519
5751
129610
170638
39230
30779
21974
112820
632
38572
97171
63505
143202
140826
42867
93407
5035
147422
182495
121764
8765
89356
161077
155806
10335
188162
169320
12347
163454
108603
68167
129331
142417
106959
72845
68843
110069
129621
146531
29299
132880
78919
35885
69739
41492
117590
54573
127908
104903
108175
171211
160180
126901
14804
65699
179066
52583
30451
63323
1950
122691
27864
19074
76704
14211
113011
188276
68551
183478
41176
71137
123265
136662
118899
14026
121886
89982
62261
90703
95703
167710
47528
159220
23860
82691
14836
2403
179301
13621
144283
26834
74250
107612
10273
6618
187578
140512
187276
143720
68505
128566
116167
20544
45864
75211
71186
34230
26093
81292
157347
96514
116951
74525
138254
34894
3216
53298
113496
80788
78313
173004
34946
190116
153288
66372
25722
57283
137836
22854
40132
91371
101480
101721
59777
177525
169327
45280
52834
163340
42657
172078
138935
40808
152775
146176
39693
50345
10395
26114
15092
130883
54363
107537
62290
22913
157142
22465
174056
3087
170388
79591
121422
49172
30539
139004
84578
176009
101749
173304
66870
3904
138479
84140
94741
33207
51732
80897
44486
195682
42855
43404
14668
169150
34117
40562
10740
169614
78934
161404
124490
59907
121147
122523
169837
168343
100385
96099
15192
73329
195229
147849
65082
77135
146209
181063
57596
70054
164949
58811
80132
134432
21992
134210
162685
78078
125568
80028
94683
163244
59385
56284
128740
150826
33943
77455
165899
131145
49603
49423
23592
77538
67543
146562
138748
161549
63132
109084
88811
107603
137480
191869
