38902
147078
26893
88852
146256
134237
63488
160169
177457
40770
70739
107754
23688
135467
162069
181319
185182
67806
26867
50259
163785
5909
82179
185979
73666
6478
108212
66898
45259
199528
65553
189578
175956
29601
3242
148947
187892
29249
132446
126673
116275
150340
174641
59699
131214
31067
154571
199136
24835
110503
109547
164539
158877
7432
33331
137783
166695
183529
193363
166643
146001
99025
2646
111600
114641
163897
479
139126
26622
37838
40369
79057
153292
110401
13132
182686
105005
87188
163981
130699
30107
22776
159469
55954
40049
153284
124572
119188
4324
70576
87476
89931
161467
171876
57148
68774
127803
188126
63622
100457
14334
176107
35486
144661
55044
137862
95235
77753
191363
106058
24121
142962
22224
59559
85702
11979
117775
178329
32634
133379
29693
171261
102404
104810
28311
33736
1788
28559
81139
168799
21782
111147
127666
98836
65771
91880
107562
139343
61661
161414
58181
173095
183835
98256
28350
191114
45062
57160
7707
83622
53360
44415
66500
20606
94018
81070
122532
196533
31475
9135
162035
14315
110568
46561
91125
68223
132651
34181
11282
105930
141677
81667
155722
112570
115081
83752
71056
189738
96937
89099
190591
152198
191973
48649
185465
122789
159952
32730
51636
159388
116039
66936
162906
139811
75193
196352
34025
151010
52436
69632
45785
125297
188900
84165
181156
50822
128893
24941
127055
196369
132484
123948
92730
50096
130076
162435
169626
17528
70087
56290
67659
117660
29222
18272
125491
174246
27857
76812
116103
103059
123986
55420
33597
34887
45715
127273
152570
166302
187915
67421
60654
140662
52962
24588
175632
137029
105179
35066
94421
107015
7170
82435
178652
116954
104545
1708
166603
125644
3172
18522
156360
35933
164649
144650
54018
91799
100219
32952
119875
108831
117681
160328
125520
52893
72088
173123
85865
28514
122764
25351
169133
131217
156478
95418
55175
100213
119781
116631
191046
109205
21939
121210
39557
165964
171771
193027
36607
9063
21265
32938
146843
75070
33954
182025
132583
47300
147836
138902
158244
193752
137786
74080
96037
46185
20735
25724
190491
36872
62220
129410
25942
172787
193751
123168
180801
190920
130210
157205
99146
54735
177063
119007
169660
57093
138440
193448
66407
130746
61406
134206
66291
644
145837
124910
170998
160950
71272
19277
166568
35706
48933
74601
142551
117420
71935
64771
57507
79808
4558
72746
103157
59210
154760
122507
47431
112666
162510
33019
34754
2262
112778
57459
100497
135734
83576
119810
29700
144436
114463
130954
141957
142646
102353
109582
7287
109523
154914
143214
87134
60373
24221
180326
40393
121176
8104
61046
196911
191741
195453
132466
127071
120920
184153
90904
197080
174508
25247
56616
17371
167891
61424
21203
189008
32168
89976
72333
16838
118808
177140
13448
150119
147487
151570
49842
113454
13641
49716
162376
5889
54747
119093
10063
56763
21721
3320
128658
112042
37227
72999
51983
60804
29755
99147
53764
159597
73364
125105
142705
186866
59253
53813
146477
87785
134384
67375
91388
125032
86036
134420
110147
69509
92734
139058
199381
160262
132210
58140
9901
106594
41103
55528
11010
174546
172962
54276
56691
114893
66863
22702
155973
132246
193932
64460
160442
179690
138694
70219
43557
81366
147592
14079
173974
26573
507
163042
106683
28020
3429
114900
79394
18987
71047
48721
12312
188630
171101
179916
77512
105457
178134
80096
79787
75190
139344
4600
12983
159130
166985
145593
7323
181641
50709
57175
157261
161788
101759
108019
151404
73398
14093
183906
46681
61050
96366
185342
156758
9886
26442
102982
189584
142828
92747
68376
73501
36725
149743
179091
142644
47028
23661
31758
118795
28635
88775
23278
102911
173963
59271
1857
25229
96819
188665
112388
141667
89255
80941
177651
160408
110463
163413
154223
190359
18976
5069
169161
162967
132815
145989
187210
108088
57863
151135
136231
169512
67652
157995
111170
125760
43012
45587
169300
173843
33752
120332
61625
95903
189260
74263
164113
128321
144593
93805
50241
189192
63771
38080
13682
156786
182411
40218
33756
147941
172710
57860
111395
53365
3520
157507
17589
71212
199670
2139
36739
4719
74703
74855
40789
106974
97101
6145
83109
70917
107774
140059
159161
82395
168672
986
16030
172045
70237
132496
60036
193428
25719
197026
120652
73012
41183
81352
108139
111782
182821
85979
8766
80464
197337
186793
162864
33704
71161
41929
52982
119074
47878
86432
195692
167914
90173
113086
182047
911
22086
75689
23446
122763
68251
135211
25214
87491
3295
5279
185850
110636
55899
114735
109635
15002
130074
45978
20211
9083
34907
93347
134352
3103
63525
43545
59285
63583
48855
78450
120111
60147
199389
8668
153302
162062
62732
12915
148589
118799
68392
8942
41333
127613
31163
58758
174416
123745
52978
136032
197518
165898
18502
43935
174645
92867
97035
147669
177202
184335
16430
129912
10312
104780
13545
137212
139660
12444
52163
133872
101467
136915
138160
167693
167248
194808
92438
45173
155921
72558
47275
143599
120796
129373
48220
3518
83602
58867
47885
65953
187350
2843
66302
151820
60798
83477
107169
88654
155562
170025
20034
109175
61132
81918
101835
79366
43433
136692
176957
105197
83194
50085
155701
144521
51232
54621
41481
123197
76892
61680
136569
136765
115307
121322
17710
91021
180961
113255
140327
15795
56334
65180
64782
125370
192381
75476
118975
166199
135863
17778
100464
183371
147932
68653
68469
75797
129706
97166
159177
37298
91739
175396
164364
105347
25910
103538
55287
170549
18212
55967
149071
151224
85849
50133
39173
1116
65072
73585
36817
20071
85756
144426
141250
31125
173500
126013
45825
37889
131550
131655
89729
17881
104751
44857
93902
171222
33270
182715
187905
33729
81133
143743
171871
152138
127772
173358
174776
184669
13632
114455
14853
76507
38941
168201
97723
57432
111363
6118
93229
186724
55815
66967
2325
51387
123965
87930
4544
103245
63621
18449
77918
25725
45810
150622
130620
94910
108712
77847
49557
103633
24060
198464
43462
42545
5512
198139
73607
105542
45312
187343
75189
86811
198651
118991
26373
152459
33793
108890
64854
6866
115862
37880
16454
73975
196429
93371
112933
92355
126831
157846
20242
128371
37451
76521
49830
101424
82881
123301
135364
45442
140916
80621
172989
185473
62039
114520
134487
15148
102658
146223
86091
100106
174170
67198
122660
98470
131514
151146
152559
107675
164264
169107
26878
80356
40373
3625
104137
122325
190263
44702
47468
133209
128943
192308
133430
67574
161302
75180
112297
167455
139195
178385
8384
161391
182418
74339
24285
16510
139663
80399
180201
147490
119549
88425
140425
129104
136546
144411
88125
124562
42345
63893
174642
5476
145786
125412
38278
134654
3044
127129
147034
165242
198732
92959
122479
19274
176037
3927
69851
151196
55028
123180
130923
23300
14341
178717
90702
69120
177471
81549
163870
130060
93816
4036
87265
44417
43203
91447
155283
148724
7028
66766
160160
50437
58594
3906
123579
156741
193816
71689
142883
66824
168307
47510
81022
46271
93830
160808
154021
10926
74069
88522
47150
50481
14843
146638
75479
121975
198023
196964
160865
63335
136327
68654
185309
17524
42562
112284
15797
107940
133661
96024
72883
10871
63075
120807
147935
56435
135528
161196
194606
43515
61388
162206
147747
11379
153806
109434
18738
21602
10469
143610
59599
152790
22933
108609
98032
28450
136287
99765
118121
123828
117958
195751
177464
76736
117242
190953
75355
38737
11108
125081
34062
159715
9327
24095
149340
66578
118826
71332
137262
80499
53301
18383
137542
11151
160799
128636
697
140246
129682
124547
40723
76904
94188
40841
100120
97578
190536
121316
144638
118059
37391
44829
105928
13655
3130
29162
198391
31089
81289
32359
181628
14309
142959
105126
92864
35775
120662
708
76438
150358
81539
127485
159852
55923
38187
61635
31347
165849
183608
196773
122635
129806
147913
91860
20565
186219
176364
59506
78084
151075
8369
36283
195954
61786
92258
45078
145115
107400
137773
31314
60445
183880
30002
19734
191381
3456
8855
172622
47145
108450
169269
156802
114671
111298
194598
36409
172767
192290
25173
184872
108458
192360
25002
133852
184337
183212
13223
1387
138018
64413
198562
114190
58854
100531
137456
61986
50695
179796
104035
149946
142255
75863
34962
135769
90341
44632
110730
75938
66703
4756
177950
167537
104406
145601
164838
7172
62273
104301
106640
30594
165718
48130
194029
128996
160880
149035
41660
6933
193955
50205
139208
58580
154407
149978
34418
151587
175392
151696
43435
187218
81211
152710
64636
183115
8393
77075
127176
32780
44429
112198
129775
198521
71553
136674
8191
41878
157379
72974
146590
72394
145613
104180
21594
89963
168827
11922
91841
196467
105902
66131
85137
112976
63699
136987
174197
147639
134551
52737
104944
80245
38911
55917
132030
49127
63373
7073
191601
188219
144307
170427
164237
24261
38979
115794
188492
188529
79342
128143
187719
75903
117638
160947
88704
195707
48770
46787
152928
93958
80689
163680
8523
106356
82416
62233
189605
169188
7886
193225
185418
173042
106782
38713
53821
195690
83407
12179
78212
77927
148041
154079
132883
10262
78417
117654
142016
199000
172032
126587
34545
79809
31173
191410
181793
2978
75891
14459
99548
136179
24484
111513
180705
171514
9675
122680
21869
46684
175734
164386
95944
162065
55632
50877
62909
3464
98960
88703
21989
152938
14553
190350
178447
45565
26514
118348
96646
12077
198474
40601
4963
113919
146301
190092
52694
20101
155777
15176
52108
70072
71668
120251
148764
194573
71407
405
93321
80335
198771
6946
39987
5919
133052
136083
135059
86919
167695
29000
159566
194781
169827
179031
14276
124849
109863
107186
57513
129071
187886
19677
165539
178381
153771
43982
59781
52493
68953
186730
131431
181061
70413
95160
112844
3539
47041
159210
184699
62291
147964
8332
149172
9804
117409
71762
124183
48372
135883
8499
194973
184832
160977
40632
51885
11068
136980
22498
53133
131819
168055
60795
161687
4630
189918
173312
94015
6410
120364
64228
194701
12126
160650
14516
197619
91655
11239
187163
114865
152059
84570
93763
72925
136035
175172
140924
92123
167020
194336
46864
21564
91536
149878
96293
50552
46518
66606
2834
79931
6534
49877
77053
53936
140012
85396
112910
121288
158040
156999
138117
139028
120140
27008
17687
164623
27628
100384
128310
120412
89630
94165
178172
108782
191245
194852
97372
162928
20137
41746
63195
102590
55778
170156
118119
83705
193519
103544
100930
139347
11940
130650
91499
56086
191970
37648
184225
181284
141515
143091
2795
108573
141700
7496
84620
183155
193889
129919
139542
109151
128408
176274
29087
20930
95197
15321
118729
71109
37245
136349
45791
123099
75471
52052
24565
51338
163985
186574
95463
62808
81708
44406
7549
198891
168687
117774
174853
15518
140139
62465
47657
100393
172376
102743
145059
52651
93950
182279
68114
77516
5025
25584
198259
188828
133452
9316
25349
19014
15816
7217
179974
88617
183714
55547
162105
108150
33496
46959
180457
105337
66801
132434
7135
5848
177093
60143
57870
15025
131126
50750
12999
78427
164166
90257
182129
101007
182654
66946
81227
21142
181398
148952
163551
93384
74002
181540
25473
132156
106939
32338
161576
6890
179917
125893
188229
57872
77147
23279
77408
32614
197015
125027
138501
7732
178561
57190
196111
93883
30173
60433
180200
2089
63925
143579
48591
149089
99730
131974
189034
140911
45647
77061
88288
108911
94553
97866
29122
43204
123327
81713
42786
129073
174974
135598
72705
48982
109717
169421
190876
117458
83074
161101
142060
187359
79476
117574
182240
66077
114582
133341
175548
149335
174831
85273
160848
18538
100730
102949
158230
34383
72682
134257
169561
20621
140068
170665
130655
11192
115842
174952
159290
113374
197848
25529
55310
101180
46035
145297
29271
29158
130683
162036
34345
98945
175447
152097
60853
88762
149976
124480
30921
150601
193462
193613
53336
82139
126675
106744
123802
147309
25784
109495
84604
147923
133249
165098
36675
94559
110205
165483
194933
4049
10280
119861
191347
81162
49002
183376
139246
18184
88222
80215
106456
70220
139338
133865
180914
63738
21720
184707
123667
161944
101573
13389
69930
40772
32559
94566
17824
176051
111305
95909
109105
81464
145513
9518
42266
22135
42441
135102
82567
189907
4975
92154
158547
46904
33287
10708
75587
124349
187568
152026
32700
75809
125790
42956
117470
151690
179207
189430
52697
33471
56764
85293
16977
83731
67283
64318
61471
124011
135651
149871
35068
41798
158736
102639
73107
151012
80521
63424
29817
170641
51220
139518
34121
44421
44636
41835
16286
36838
83630
191648
178293
197043
45998
44665
152378
46715
56977
87385
77826
100741
147053
119417
66362
163881
2669
194134
24269
37109
107640
163927
43249
113383
134101
133422
190992
120819
198491
105849
153248
124636
193221
61826
124427
47730
76526
42218
134889
153103
115332
42883
34604
67026
169602
47031
80965
133457
26944
179533
34446
79451
72872
5361
165882
188022
142589
167631
81077
116017
104618
51893
103111
148276
185502
197225
160823
98695
90238
60681
134704
139454
189697
142115
157294
47888
187231
107495
14832
152810
180371
99173
169489
59245
48728
80110
27834
8338
21475
49203
9597
78526
82026
198512
81315
48884
12727
140548
51844
113815
144679
120749
151437
30984
125948
129256
180086
111723
169573
4982
124437
58796
38244
141083
95019
33521
42252
187972
79221
8020
88564
48859
102510
122067
52037
155342
30589
117153
50915
166041
197375
65942
70981
197489
103476
13454
126229
143105
56357
160175
51811
88012
107565
81980
165982
148600
81845
85998
127759
83996
97625
194348
86050
26207
139434
195445
140103
192853
9485
49663
117455
137026
80387
181315
61888
79282
25627
68024
123007
87706
109393
143252
191613
16584
146246
69332
114193
197829
115368
94603
13200
46607
50681
86834
93306
23879
116407
142170
134429
94485
2224
90629
188484
195247
16532
83495
175798
7991
57480
81837
130853
196037
153772
65599
109304
34012
166824
13592
166171
80596
74945
186057
127619
66309
65687
5800
106842
142776
70473
7625
189252
114667
91164
174347
150860
194857
187885
104207
68090
149774
101801
5663
83468
19989
88505
101099
169417
69773
199862
133930
114929
147
17451
96320
39436
44427
3419
124851
105903
20041
122558
33576
185475
26147
45562
43562
114028
5877
100453
157249
35306
136040
135810
53908
112340
100971
90534
179912
67147
132165
139108
98955
72661
6758
117048
99803
158495
54329
65660
10500
57891
178529
176310
174272
40011
118199
57156
58994
49824
34291
45923
6967
71719
69326
135329
161871
1290
189733
117291
119751
71951
154733
110643
63319
104774
166089
153198
37967
24515
63790
193410
32883
192569
185214
133653
33138
12849
141511
76263
195718
64046
43416
71257
119083
166233
105411
136314
26571
117546
18564
112107
97538
189358
26032
73673
50546
51515
58428
169735
107132
108461
71941
45706
73359
138349
70926
131712
126987
110851
68728
14162
101781
160744
142935
12151
132488
181700
6434
42232
110827
89735
95794
23963
61639
179016
114815
80211
171141
196300
47371
48874
111276
117112
104579
176155
129951
103770
130390
178045
152317
57670
142430
48043
161499
113845
133944
158454
121593
182373
180079
81849
25624
110586
8873
175572
172317
174816
190133
28513
58995
177505
24367
167628
100534
77900
161070
160703
70011
85074
153394
108599
179588
75638
31673
13984
9989
195033
146283
179142
85566
88415
105422
4986
66684
19303
47318
128778
167624
1941
35217
138070
162579
86455
40029
128571
197434
94311
185340
153726
143401
72808
14828
172447
135551
77953
54419
55671
21050
48204
167739
193289
187362
73597
192394
121692
97841
174405
91935
67431
173951
66550
4990
133752
108874
6217
182546
154478
103405
162129
31627
186869
82937
87128
174184
87776
41256
47478
151181
62621
95709
10744
39368
141856
194985
157971
141004
12689
132806
187383
32405
84736
198022
160746
172894
6461
87901
81860
57944
87425
30987
170423
135104
43946
103106
143661
27869
29971
107868
59411
131171
56522
57834
143530
144517
12986
139237
38602
100612
180600
127442
97973
166260
58306
56221
159283
99443
171939
116463
117041
52110
31879
48889
78987
10010
99074
81904
78059
100145
165734
123605
192679
187925
47378
136013
26086
174208
117893
62047
105914
41604
177938
117860
25457
96982
155199
151183
132034
79781
69917
36237
194285
76315
1343
174722
86770
148033
98022
106488
146466
2096
176027
34065
104081
4025
68713
23910
22389
147032
92136
51642
6108
4534
93315
80171
58309
109116
103736
38645
180997
110480
21049
40360
73601
11125
88870
111871
191811
52088
181832
188483
63947
155471
31839
160829
112853
161653
46005
57446
16420
52960
9768
139650
69754
135938
33304
44840
33938
70052
33961
176404
10048
179438
175599
27606
100860
96901
153838
187367
237
128745
37436
44742
35440
161136
140708
172993
110395
182070
38764
93040
42876
146815
184340
141810
115931
48098
45800
9880
185647
146700
29524
63019
139930
41537
112105
131932
132590
182563
37133
161501
67365
91053
10054
34101
100448
179374
12067
101788
105114
199095
194054
126555
98898
142683
65408
27639
134116
169774
183807
86727
78258
187474
60775
122662
25714
167511
132498
97210
57119
2127
63313
150376
15351
145208
33290
110045
104163
145344
23704
162946
59291
72292
112602
111166
137892
64862
105362
56503
198320
108009
79927
47035
178544
28206
130632
194590
187703
130264
124238
106850
68120
87307
20332
73860
91220
113133
167202
92894
24321
108445
157932
105437
197326
69263
17845
120468
44738
73415
1734
72316
78994
18146
134870
169153
134587
199796
44904
189524
161145
125185
41622
124382
64447
151808
152202
47298
171592
194738
49102
130097
39536
176109
159233
114703
137280
33225
62896
159162
27713
78183
187604
60061
19189
128070
50890
154610
105765
166146
95546
65023
185398
135744
167319
56482
171703
28048
94159
49939
139755
193683
81355
7985
17708
85868
136283
114645
121241
106711
66902
140711
13670
197521
88609
131138
158838
139831
115535
183049
142812
164290
136808
165437
109436
132483
50494
82713
66939
5115
167945
96960
162567
83286
42273
16886
87028
65710
35949
151741
183536
81302
22954
92234
132827
103734
12055
33262
54675
63138
98575
82330
123102
75147
9581
177715
178977
163600
83219
23405
106869
123684
35520
85894
52926
148207
31436
142081
78201
82262
112140
170623
25921
23528
85570
106040
146435
133006
155938
90499
52725
20468
25332
86533
30833
183476
38201
99704
8639
71477
166474
176114
87638
95337
691
143063
120153
156626
173788
110653
93093
53383
128303
24263
80449
93421
135478
95096
134489
99938
93972
71904
140044
5295
60889
156022
22661
150789
14186
93426
69249
146717
3140
92902
120203
143606
120283
135082
18194
62928
49682
49613
50106
115512
149849
110577
150335
28607
142878
86283
65825
79238
86350
188222
150465
159599
135999
85630
112422
96015
57607
169857
91370
64625
79404
51907
86756
180791
71197
51866
65801
35677
64441
74043
159298
30159
131618
5468
139059
78568
56033
172507
31443
69816
167617
146883
196595
160248
138695
107761
50315
114675
84643
94871
68035
147368
198867
9653
85621
34357
76095
31337
90432
198115
70816
181817
199335
75841
103595
103306
114353
129625
47681
175876
160907
182781
16031
94428
188394
109995
161606
94106
89364
135003
177974
6635
30356
25209
196722
191873
57137
44576
133459
91428
145163
75198
144742
178412
171123
175180
121303
153197
126741
147789
159816
20512
98363
174083
143074
100637
26588
91232
108949
69909
173918
7501
11655
46154
144554
41940
188505
121632
196630
177740
141496
198392
88142
30481
178743
38835
1057
117801
34217
188721
28822
164444
88543
53726
46533
104071
178478
133893
151957
32239
55165
43892
58232
45909
102707
55741
4298
194643
99634
131914
15951
186979
34228
69911
50207
33726
20462
45858
133586
171387
123480
96086
64390
22123
24617
103053
147565
60756
61581
175558
67438
183525
87701
191453
49488
47261
44760
75277
16594
170068
191965
84955
108086
179763
187128
167603
174454
177670
165422
193053
174504
182267
108421
94760
24855
118692
107134
158490
3275
197295
67361
140109
175724
175731
79326
183033
97679
115702
72706
102417
191691
64427
122294
110902
162597
61919
58677
19666
56264
181137
165407
125201
66169
20578
175597
2202
149466
49820
75037
62819
26787
54193
139952
15407
72524
195634
118148
75690
170022
169119
137590
54956
113445
171766
19050
138945
178584
197831
75188
103361
100751
99496
162217
26669
103482
101519
33375
131423
97899
156737
29760
94483
79268
1810
140328
74321
143068
145065
104883
69147
189589
117502
119091
44256
109926
173627
82549
121193
189872
90996
134723
135188
66101
58463
193431
91042
160277
12458
57135
52692
192665
178638
90855
133776
60190
197013
188726
2435
106568
161348
77093
36168
183416
4803
121771
93090
142484
25569
73436
25434
109665
57077
78269
6944
12714
137471
191247
40831
176717
136009
9619
39837
3001
189805
117906
158610
163303
173065
23750
17514
190422
168863
111086
59962
172601
89207
118479
125746
188168
121110
116844
174748
49223
80752
8622
71916
12280
178932
54669
50147
84753
44083
185146
5703
98679
186708
198700
81567
110261
44868
147015
125334
7792
34543
83558
48402
117807
146656
108286
25962
174781
164133
190741
72672
151991
95910
93496
63333
13396
168520
64743
148691
14326
68775
30221
41634
195737
74073
73468
108852
122441
131537
6178
70806
167273
175173
6234
184806
172499
33679
137046
121903
150
73584
117307
132387
68438
69270
88006
174361
104887
35161
99997
153727
89800
41600
115586
189700
88096
116175
108126
129958
197995
179028
196006
131445
148772
31249
75246
165730
161144
6843
93244
71705
54484
16623
90310
6352
35690
118064
17258
17050
114179
151831
21797
136648
122395
76920
44689
125721
75428
59952
71422
135253
105687
191252
18584
134001
138531
77089
123848
79744
122170
79181
94493
127168
19379
33467
38855
144422
44531
35515
158499
107469
158262
74787
123650
19720
59240
160121
120951
163418
22703
65410
35355
153118
189194
20265
29540
109586
101929
5995
85468
36976
35351
190840
183118
6274
198190
62072
175953
188210
145797
38894
147765
107630
168243
17598
146688
68193
15681
181436
189426
56919
8222
89830
32208
174329
176063
188293
15090
141857
89759
186705
80962
169167
168771
187073
110795
50815
43871
59176
13942
8091
141078
76146
143263
68486
71894
66552
123126
32090
51483
43467
140784
124115
187835
172925
145892
193460
124043
126813
142924
145948
90250
9829
6712
27420
20642
188443
171474
17093
127245
58751
70474
11992
84329
1812
118309
156538
92156
91567
143729
83480
12692
156574
195767
76004
109455
8633
119165
33208
191317
87139
19381
99324
108626
27535
251
100566
128384
112008
107943
99011
185592
38502
94859
175819
124743
190410
98787
187970
5094
98544
61565
115630
93151
122440
176201
109193
25523
81682
95024
163706
146264
15534
189610
35278
38776
104056
72011
131285
97000
188477
110082
121570
150385
161047
54440
101190
86026
199028
187077
59396
126358
196086
173423
163719
75176
79581
186937
150493
186918
40194
165656
50908
188670
76303
82576
132927
135095
126434
135600
168163
56934
151721
146748
16183
172624
116124
94451
24291
37208
87986
130094
62725
199760
19128
137125
179288
66771
187015
192265
15042
105149
20349
134120
168472
86641
199332
167742
101797
169439
176174
174522
77471
118969
164405
60723
43336
100974
110347
177518
183918
177416
143298
178659
90812
4929
182950
56848
9624
130920
93069
112672
38906
59661
12815
11838
185371
115032
149467
155507
128415
189166
77546
41064
72213
116164
155753
143691
173237
110677
118303
121943
183194
82796
125848
23266
56695
8353
16834
182562
37657
149671
2738
7690
150022
33650
61461
69923
81863
16255
93015
122314
78720
105615
157093
127522
195320
150546
3730
11993
150916
79186
21507
85654
157258
47670
98701
19044
62620
79736
180051
85141
115296
173157
169949
88474
193547
137185
156264
20687
110197
160471
22061
150399
120732
154984
165804
86073
61481
51710
85609
48241
51942
100813
116184
99998
6254
54349
125862
10737
16436
81416
154182
90532
88370
17922
133116
63990
158435
22812
175381
173997
91448
90834
68116
55430
137670
96403
76430
177638
31579
98996
63419
7338
40417
120385
117628
155554
56338
9401
106450
67958
144689
109260
121342
166884
3907
14097
160683
39602
56456
130100
140961
74928
14087
45085
141343
96146
19518
61159
190137
73629
2812
68689
137200
163717
12773
32728
150416
80908
187552
2448
193417
158166
160176
76745
151767
32733
82814
99254
132274
108859
80300
80601
32028
5175
159950
157147
92766
175372
157726
26028
16469
3049
145071
19009
65270
13352
71445
26417
21901
70725
45913
86056
11399
24277
192430
110675
134942
54332
905
138480
31523
11849
186799
66786
199311
184306
106841
131201
1168
117288
151185
57355
74232
123771
191725
193489
154697
70148
48401
26230
176059
139319
52965
100961
171087
48870
34826
163337
76856
82947
68417
188654
170777
159189
144337
149244
63724
96723
119536
126040
106070
156938
94498
176244
150647
146378
77250
38246
190431
31608
164837
143472
169511
105032
68647
86880
165426
1094
155683
185829
66720
65330
66190
119942
6422
86886
89351
107910
123559
120857
172679
21088
52005
150733
159876
68366
60844
167358
109734
5335
62873
112863
68620
193773
153710
103839
123355
59454
48491
14632
75764
68351
175443
14615
129348
108277
56385
162329
65301
80677
100549
184286
113091
79951
141080
13049
36033
131911
152666
5853
12512
169712
130489
8226
125994
39592
13523
82544
47182
10998
170814
151809
22486
110558
102330
180908
159848
66653
71582
11987
5879
177926
48044
183739
120932
175836
22306
94847
108329
193876
68974
194050
104808
52647
21169
40387
157302
90344
90107
32424
187265
50607
6893
13553
97850
21749
18289
183313
130412
82602
151099
138019
172364
89322
90706
186115
37904
60479
189986
138496
97845
186892
61185
44082
69403
112473
161987
105204
123768
132199
98534
150046
113525
72230
116894
109415
190230
184826
49685
39275
88728
44743
155393
110434
135128
93707
13979
35719
57828
105636
23408
195203
155001
107850
55543
107757
117651
139378
90285
19995
1599
22096
171523
7632
47388
83790
191290
108779
155792
27753
169076
128250
12771
68518
32677
101647
28858
14109
99894
5591
194433
71005
112857
5774
160782
160294
189022
40488
138493
171728
89029
126437
172008
94877
65930
5763
60440
89074
18436
128154
87344
61779
68239
25451
91550
1100
93550
172753
111559
84465
68480
108758
11627
54802
142237
11616
174191
140659
153801
166423
125871
126250
29759
194746
68991
63363
169723
98402
149865
72124
111767
68002
13876
177117
69995
92652
40673
198708
76392
58666
148734
25926
174882
178926
131289
112291
121446
69518
49311
4287
17
13107
144836
158178
177412
188584
24191
38536
136634
76514
155501
22935
108552
19521
130858
24245
27723
18419
83412
68095
142467
997
132992
145934
106101
104169
60224
161613
38652
3629
109137
14591
13405
150498
108762
169040
118714
170059
169290
100139
35209
138305
76342
114856
141565
11953
33667
189368
55265
78570
129184
182749
19349
175171
76509
101734
72042
90840
103239
159924
185701
30317
119019
115888
179389
23283
55243
134350
96329
113513
41277
181030
68580
79254
85900
122928
96651
179669
23551
14974
173474
21183
39704
56322
173413
33463
162437
163326
156365
2819
134708
12438
79401
34803
78112
127782
139701
175134
146131
94708
33329
25420
162907
176615
27533
106296
71002
16497
168062
136375
118065
117382
130119
167422
158899
137368
71132
11287
96538
126029
4655
193745
113480
140017
100817
97429
36361
173846
128733
62219
180024
60221
17241
17978
21111
74504
71202
157416
158810
159830
4981
67956
32417
154965
87640
159839
61451
116380
42825
175035
68967
4299
16406
190156
61115
57574
158805
199790
93662
190773
150707
83295
190519
87445
121571
66598
159748
179542
37763
129389
75001
138746
37632
146915
199893
184714
149564
136874
92591
189685
83812
166215
169845
6965
26095
107650
78605
180317
129096
132984
124090
140612
143052
175076
191447
106548
40549
153590
22460
76334
171080
197264
88898
130467
97745
57474
127184
100157
150520
127742
140681
100622
75480
9567
189574
109409
58682
124471
87483
147564
28562
106536
102878
133426
162413
63614
188872
129170
25153
113927
129056
182547
25785
105529
127194
54772
165004
105075
191535
72593
125434
146342
59428
150124
182188
38395
177736
155804
79084
146935
64851
108215
87822
172690
74653
21659
183827
134702
84024
34508
35930
3387
72237
87119
159672
93436
37163
120193
184725
196596
172862
151639
102760
143953
39902
75305
136036
136814
81399
173027
107128
166139
138653
33920
185738
84970
154720
49893
48217
167405
52592
145067
64482
41668
164829
59893
181224
101547
138898
58351
55189
10674
171104
107746
107069
29337
92289
92974
69141
7888
19309
67042
110546
1424
161278
81690
137684
61871
29474
67612
76983
70662
92466
193151
83766
27032
32797
48646
130020
71778
14751
12868
109545
121582
112050
171741
113373
183866
56397
56091
142319
56540
20031
14985
92853
153090
164815
83708
77434
8688
18144
193906
39656
82838
22754
188991
62145
125242
68355
161222
70665
6592
98141
182454
187865
190522
84702
138453
138551
165705
10462
144817
141379
157629
172917
42528
76066
34812
113664
11042
192316
116431
139607
78442
162025
92948
120615
130904
49304
148945
100274
153660
171265
191784
145725
184404
105703
78036
183994
104530
145753
16764
180564
47263
181711
191675
124777
16407
81107
125836
136872
137882
173284
20647
130186
50342
108389
180250
9451
185825
1449
143368
19355
69790
113534
175986
166540
69222
174063
108528
39818
75288
143927
124732
125686
29797
148143
8271
182323
132505
50785
136555
195151
173822
24393
122611
11885
199811
195106
73299
19188
90392
5242
110784
25134
53085
158057
104135
138439
20648
162722
174686
102493
62625
21798
95107
74733
157897
144777
29120
160369
63489
32732
149401
25375
175292
171352
43700
135986
91578
53289
48156
115095
72809
115924
72382
66330
4772
17536
56012
52421
196833
98257
89275
107844
129424
3528
181459
189395
135998
49967
24783
88094
2867
179535
49951
79386
70156
43805
78350
24135
144156
58152
38877
40043
77841
153027
32398
185712
155974
18697
99243
110659
26665
51122
74900
89374
27300
111746
138564
71529
119008
139710
169003
197581
42437
101704
108183
18751
20602
165867
64131
146952
167514
175363
22237
15990
18508
12013
132515
98738
189677
73268
95471
31918
148519
80539
102662
108257
153947
183136
6595
177692
19546
150454
19754
113773
165431
51895
57756
174087
133600
116991
80560
76691
120379
9817
4759
150756
163407
140245
160173
5166
35658
112623
182058
59150
10285
135924
65615
40559
117962
81312
153688
50114
71009
90376
23176
178961
126499
1447
96426
144964
18933
46289
54070
190215
149126
962
92579
193008
73654
155185
74190
150732
41501
30762
22388
9635
188106
84603
37823
122267
81620
95518
70551
43359
7906
137541
10945
109314
101453
143287
27736
57556
199164
174804
120355
169675
14717
50573
2146
54064
91469
170926
157567
9253
78312
75543
158120
106897
44000
42847
56044
66818
44813
45786
73725
61850
43091
142543
114140
59147
166033
122197
138852
19221
21337
15014
85222
133090
187181
17618
184377
54611
56699
110644
105784
122948
107908
3645
21141
147695
162780
27359
9358
76617
169991
54557
2940
128768
145034
170341
31959
182128
81468
136373
179589
65295
166913
134558
94733
72637
86590
51332
56514
1041
104109
77721
70948
146758
140465
140841
99689
50933
25802
177475
195292
58591
153548
109960
174409
140930
160931
17462
61800
103177
65056
176069
80629
127815
167685
125170
87509
77338
18465
134581
126423
6348
35421
176374
155140
165887
167815
55805
186500
123868
169193
76601
10774
70182
153412
67437
163189
91240
89766
170691
102580
144568
36566
96409
168803
148046
78056
79869
119119
21253
156188
189689
167912
171213
188589
159029
179752
9067
69376
198865
181560
175253
77260
92586
85491
6617
61293
45920
105080
187743
31956
134383
66288
58685
97432
172085
189843
157685
182505
160601
136749
160669
198348
37809
174306
90320
168531
101210
104325
94643
58318
133483
29977
108660
68173
147314
100091
33873
128575
90346
166200
154127
11600
89085
172797
193418
106653
80340
183392
56476
154275
98815
75366
154791
18930
42907
151045
154935
11644
168913
58506
107744
160745
73507
117838
161181
19960
160076
104173
164127
3695
32337
36370
11115
104982
45871
164772
118287
28054
155424
158755
168353
44832
176457
80279
41235
44245
36897
132716
3043
189879
168047
18407
159379
159742
194470
97500
1483
91989
72149
138240
38718
45504
126663
6988
157927
161934
26583
83956
138841
141905
72825
67636
92835
182910
1072
187357
53670
182332
190340
82243
38130
195444
106623
60908
172489
94872
191289
108688
56323
107251
185238
25186
123156
102395
66149
148781
121982
111652
47332
57587
129475
162334
14687
41631
166032
171600
175659
99251
159474
74899
180217
104457
22076
54265
180844
70147
71836
80933
135599
137019
32985
43975
99169
28077
184352
173202
54687
108407
142724
155698
99616
145380
88962
133675
74027
52084
115068
159884
54625
4137
187214
40503
40725
176914
44261
116841
166080
80538
29084
159723
93155
132516
16038
91892
26719
109284
75011
152336
77366
101445
88046
9502
113113
20175
7909
59644
13052
100527
101842
188939
140040
48842
2242
31318
36728
64408
102957
86370
133625
185067
113104
139243
64670
49838
124409
173131
4051
169253
182662
107310
138460
199087
120839
181879
38170
59436
8383
107024
114221
73849
140779
49997
178917
69331
187389
153308
183046
111437
37026
83470
190521
52069
25989
176645
70729
3543
166763
112854
136843
51294
32041
151385
160450
101379
30169
114595
79080
9303
120199
177428
192798
195263
180635
42037
81881
151312
89041
192757
153439
18853
186983
112993
106722
156401
172339
197753
193612
156076
29224
24693
181799
129795
102136
133250
177049
25086
98566
15031
86446
136736
23365
8235
75580
151061
104636
20450
53113
120827
110572
21999
160065
62285
162028
111290
63081
42065
175136
107109
31470
160191
96412
154668
96038
183207
71237
61804
100306
111729
59496
111047
47902
131280
167573
112248
21489
185217
88817
59819
12897
104391
138730
114770
101700
139731
320
149024
33533
84742
77997
110622
161589
99535
164821
167529
78823
5462
126903
63675
36079
63070
82688
44065
193139
68529
73277
64528
33000
186427
131199
142486
87257
171082
107097
136641
107945
14441
123472
47512
88048
159264
152124
118079
129778
131598
135595
196614
57672
72973
99253
89483
23303
161953
39735
42105
10209
11130
149575
10470
195922
186974
54264
12016
130290
85994
160996
59701
174385
18784
162485
76419
79650
38403
156234
3608
97656
97327
117932
30936
22154
108794
144847
83390
178512
91838
7596
156580
161177
167895
9905
195578
160130
49602
94651
78451
116784
63861
47120
123522
141781
141543
136779
25130
85730
79649
24675
160239
54812
43147
27434
93027
152079
165944
112773
59445
116615
111025
197917
126858
169657
53265
181929
71148
111695
109358
7041
144237
47364
154448
81243
99320
199575
2180
65395
117227
52022
7688
74356
35310
184024
47197
32393
98375
198696
30970
64069
143014
198728
29765
129409
192367
194121
182815
112651
154631
140857
120595
187866
103457
151779
23220
34542
41665
29061
2611
144374
34898
175503
65808
178016
13243
79534
194522
135267
61844
28986
65547
49606
57209
173269
107679
39509
67350
177139
823
93304
85199
6949
123305
168248
92313
75893
34865
160485
20382
43846
117383
49191
28602
66654
11027
186393
65775
179662
143698
5743
61278
77502
33142
97033
6574
5431
51430
92796
2170
151959
148809
138359
4699
135797
66604
174205
196209
53494
84613
162540
27468
81212
24129
186402
52261
73033
112716
43837
188854
192432
198754
175928
16880
141571
113053
91746
91115
122831
70827
168805
94161
82682
166903
8640
169170
102105
127631
169763
163307
31964
147711
7892
118585
165703
178538
138854
103097
86219
141494
132237
50668
150963
199963
191676
37185
129334
15139
162078
126877
21625
50408
125589
165121
19232
24070
196286
156161
16482
70515
179578
146918
174293
91965
96691
35840
106445
9628
90544
195550
145414
182879
196029
146413
134065
89577
144764
13745
59068
141853
156282
147732
5963
113961
26116
77483
14314
13374
103909
138685
119277
85469
173750
177314
133829
23189
39898
118456
191418
130036
83931
167183
15905
31873
169171
183646
111357
32998
147988
50539
166557
178908
62557
27155
144700
33603
159000
13784
87581
24137
44706
58015
78509
48917
66641
198634
38057
109642
66985
20376
119911
21423
42866
104300
47474
135813
68001
1291
166978
169631
33001
35249
138739
123275
184997
80467
77614
167602
177102
17769
166253
64043
129067
32694
107142
84469
179901
101346
132296
6103
84155
158819
35451
145621
47420
190540
97126
130437
126145
176487
46873
80667
112239
74976
143972
40310
179539
145543
10798
191204
88656
117126
19830
22756
63745
61123
120921
122877
186023
31217
162388
33340
31705
90893
131583
11007
65877
82124
144040
81710
159446
39842
115260
46084
174256
20666
85689
89668
58132
110473
80972
116302
148070
180210
111404
161633
76934
112325
64461
137464
102945
185369
44268
16123
179178
19322
90225
197112
86459
49582
85397
112092
112093
142876
59474
161211
133605
20730
49959
198329
29262
92522
157636
28999
184676
197767
47306
82
186852
26670
191220
192167
139662
149259
184082
81914
186998
22001
156655
34199
79977
69267
32782
12040
22144
47908
175375
5055
44412
43384
181110
156573
8115
118080
72793
23733
12007
104450
180860
75735
45393
101486
67941
73200
186632
84471
159176
5165
13407
132137
171458
14405
73993
100044
180840
52508
119035
112707
136631
145256
60213
6387
37001
105441
50600
130860
8127
5770
99693
122200
71242
108629
58182
196830
146923
20313
18427
171305
33379
123057
36107
58312
34598
65935
58285
34522
61195
13033
105518
104907
10676
115917
107582
85757
131978
159113
64223
39887
33204
120109
169586
47617
185687
143819
166841
7781
47718
183366
186306
11598
101727
78943
79714
133131
57975
142390
11425
64476
145072
175728
197429
134381
28823
76522
52191
61960
158981
128584
78221
149180
3080
162818
150549
114348
8538
55053
24404
92695
113632
117501
129370
158080
134632
103090
69655
86021
154695
182692
76199
106873
92593
189652
97370
140967
75254
184564
66197
136274
61516
139838
120677
23557
168070
158450
140205
32560
78508
165959
133570
62163
93052
90427
7019
108699
177558
137049
157276
17134
74859
179245
4257
168273
181615
144566
66359
83268
101688
7205
49534
158741
127862
77429
4900
53013
6479
67268
87287
168203
114918
100998
190055
138387
67639
160222
61002
80732
183517
51050
147471
161821
167093
89001
83573
144476
101299
52439
14593
123113
146274
11427
174963
42776
35128
129312
150742
94754
159334
55628
193817
197354
129901
104389
167674
32682
174886
166195
150386
119311
182232
14611
107085
65995
54039
125691
9367
189173
79576
193851
113618
173665
112895
56825
134345
193647
40587
147931
96634
131168
92179
49509
64206
188152
151367
166916
36000
116418
96506
97736
135118
118004
74473
181807
76787
144314
16772
175463
179891
176750
65011
173045
196139
55806
26003
54981
49990
177769
9852
134036
83484
154734
108860
151419
21827
103280
39748
159262
62225
139266
116481
108994
18099
83285
175901
132348
62084
101735
173232
180850
8570
23024
42669
69959
179644
113388
165973
169739
147036
132215
126676
165325
67733
109656
131865
36468
52595
35378
165752
12123
148787
69368
37663
142627
28532
155825
47714
29828
181379
49098
134425
28396
159047
168756
74051
161252
95677
77070
133800
28727
31395
30608
115157
29953
135687
178380
124838
78530
35989
54504
19977
49365
57053
103141
57794
106427
197747
104798
66493
11978
89346
198704
14986
102817
23771
115582
183006
27156
165999
171176
46686
119281
118687
183031
160434
113194
30981
71016
137408
195483
91472
32100
155230
4268
105160
129398
180522
159351
55205
191236
15279
139625
66785
15079
116567
175729
173197
144516
134569
124769
11121
191923
45307
167561
194364
10879
150413
7793
169946
164150
116910
102955
47599
139792
119791
199297
100027
80514
161493
164317
6055
125705
118482
41447
117751
96847
38545
123229
188921
172382
119437
69384
89288
100098
36870
155864
173582
13535
5452
101361
147574
103646
66308
182915
44978
34540
11888
163669
103546
171072
152258
55353
32791
81820
152438
34556
72415
32645
71363
9583
95201
109093
126357
138731
75680
121355
123918
70217
75399
129655
71379
148721
27556
28378
22649
15392
86696
15976
87247
31985
58787
184349
10252
35984
47036
93810
6766
8901
75992
86974
34858
68496
148395
158726
14283
58502
191145
147740
1051
135771
72649
8263
96529
81559
111160
248
125402
25369
178373
174137
124648
138339
109911
4171
9697
97458
156914
191701
5685
136261
467
169574
30464
134561
69929
61088
4717
180916
129550
115606
87684
179979
44745
190096
83041
66687
199548
146163
89895
158966
80312
22106
98835
69752
89843
21498
164039
157190
109466
156817
99890
181544
84523
170089
7534
55683
139399
120438
175395
137559
72006
198055
28455
103644
33578
47746
167076
181482
74052
73279
49782
59693
158541
18006
104565
138082
67610
1349
109579
10797
69494
180178
194720
34866
17018
148501
38440
17202
96716
8747
88575
62395
192594
176099
58560
99669
156491
82438
116520
74274
29403
1798
97424
85367
13744
195443
182491
48378
76941
177711
132235
101581
109930
32511
169276
113548
3575
112764
72098
110702
143112
22035
12495
64895
84230
1151
12177
173207
197204
3184
150127
116900
182601
105286
165335
127449
18156
10995
63646
7247
67057
10303
87253
194623
101740
154308
102516
176396
50652
163804
195830
145647
194488
4827
112372
132730
186786
50322
180646
67053
79483
142888
41286
45448
130278
18594
10723
178421
190282
81086
146980
156176
52613
75071
13756
92858
117888
185961
79923
103672
3159
71173
174192
133915
102549
65291
175403
77319
150774
134851
1202
134409
98930
196433
172190
142716
141912
128766
27301
142973
96052
75951
27683
21435
116226
46263
90464
14610
61887
53440
124529
141783
125086
23806
197768
125991
53888
134586
41210
30588
56996
143454
115694
88014
132310
51264
139470
167946
86188
48808
28517
28766
158480
26476
20106
65992
73717
181716
33947
169055
177238
113930
16063
104978
30575
99403
106153
105708
78086
42527
34105
160774
37145
108843
170629
142028
98136
158660
56913
124102
89797
188383
36250
104312
14533
67944
156047
176926
117070
5786
89361
37252
54512
136223
100058
48727
40851
115277
172412
63516
63706
86998
170900
173888
46628
142975
178059
171432
79110
67071
67860
104464
2048
155413
66726
128351
184174
76062
11266
166214
187078
108457
5020
95460
47119
21089
72420
99417
15735
132547
101551
124782
123809
144565
126420
97302
137733
162763
41112
78901
50988
115864
8325
151543
138481
119505
86863
183078
173971
153530
105355
186404
11800
60408
70549
145302
117990
184859
61963
27905
113501
164099
130869
70750
105030
104508
76238
100299
133693
93572
190856
4376
191412
32725
128330
13818
35106
147100
28426
84307
70540
133983
80610
70904
124596
74067
58947
112413
59550
163037
77895
9346
71209
88026
108581
81064
150053
54688
118007
90333
89768
141182
52130
60646
59965
108958
62046
83272
126549
31123
129838
196942
125361
29130
60580
141190
47444
186215
130715
68044
170928
171437
154295
161100
98304
36158
619
36549
53480
87596
86111
137631
103851
53720
21026
25387
6181
39192
29169
16470
67436
93332
188388
59485
174810
72110
10190
68322
114217
70684
130484
12335
111478
102737
38360
189592
179738
13969
102947
65323
57811
133757
11279
106282
127808
34306
141816
120783
5499
152978
128419
62385
178218
167481
20956
198351
187407
181943
49513
140997
143199
114711
177839
119679
130817
144549
181027
122154
170195
82387
52299
165648
179681
126226
116152
130487
59903
149903
47867
37121
59177
68358
1283
74781
56240
195909
170560
154577
103078
108291
136993
84026
142669
91399
139867
11295
84751
23861
66788
35526
92331
162872
102133
59610
192582
195332
168988
155480
171856
191100
82784
142423
137453
192995
30767
195380
139747
82327
95787
169544
188422
33364
113157
72523
176039
8433
86201
73915
26536
126610
118860
192975
148309
193779
161947
129149
118242
14875
51062
31646
92983
86326
183674
148186
39917
179351
153995
197714
43458
193985
29156
198457
81928
11161
157446
185664
91444
65353
198431
159052
63068
115938
181250
103181
136042
47267
138220
128433
61941
104902
144681
157058
113228
75572
7007
153762
150301
84279
51750
150880
148375
175481
42893
11528
75217
166986
40175
142483
8759
141322
43439
112861
166689
27012
49282
142002
48287
82773
93617
52089
86454
90399
53948
57411
19461
21496
112412
71953
69321
181955
185235
96132
93976
85193
121312
160859
11421
101365
114899
175345
74712
54267
61790
5677
55083
89076
21463
158051
127735
55434
168206
169482
142886
138157
105077
159060
72781
122551
17992
143272
137887
59564
157568
31906
147025
151518
172750
164439
72789
3486
127829
131798
90265
183726
132002
104366
142439
70331
33277
149704
40764
64272
119526
106349
157096
88279
55362
184650
52895
9134
111348
32729
182360
5072
187025
32352
136926
114162
60405
92413
49126
74778
183560
105604
113389
181827
118920
162773
62478
29056
191092
182706
36121
101664
149311
92755
41788
100639
86227
22137
26918
181246
193910
162931
13508
138675
28061
154066
130691
81695
189306
158263
38221
87316
31079
102362
1539
50782
64054
61768
61894
15302
143871
106429
121254
145727
137096
22959
16748
44213
106258
168573
29824
125793
59810
13264
27622
82396
60715
166287
193706
40046
45003
68378
108769
48883
42120
87627
14707
11621
116950
73869
118926
2751
150582
34921
81253
59520
128548
106189
68155
144479
136357
35795
88280
99727
18155
27660
5364
51061
22944
157206
86346
114591
157681
154390
71093
157511
38839
6008
127217
62809
48551
141551
8632
143157
12625
156909
14377
139635
127181
16495
17243
21025
26794
181292
17326
91658
32914
161631
153349
40712
56211
164569
93431
162425
156046
171900
138155
185968
70194
31246
160761
160377
89475
74844
142873
192505
64065
113051
34581
103508
166397
61876
112997
90360
123164
16875
66262
67237
115629
37581
184018
189898
105599
9289
185597
76425
90477
110872
163627
140142
86928
179024
138059
195488
133774
53611
136780
164813
104683
32987
13812
117154
122603
66446
99342
141928
36951
188922
168783
146407
95755
137737
177853
71113
19740
95711
156591
161572
2485
120258
76050
75646
152553
52323
57991
4482
4175
15513
106129
146609
70020
22039
32808
194228
158008
176156
97624
147464
20890
10046
16785
182675
54330
116323
60278
190482
13190
88697
79138
62344
102959
180717
145562
149113
131746
32068
122349
73883
116
154284
26292
148915
121396
19964
85704
168861
18255
66082
131327
57570
8917
144187
86739
149219
160295
1280
28153
139222
91845
94690
40491
58404
92037
134610
55484
54947
73816
23647
188705
113226
146107
110507
36439
9221
135209
67864
93555
105848
157835
195942
182656
168072
144048
100470
60724
155541
147427
96502
19307
171734
66955
24726
141350
14876
115579
81772
126825
55773
120121
50530
131095
189310
113624
63985
86858
141144
126102
40697
155979
62050
142069
127868
88707
29941
97385
157599
93503
52534
60695
173268
91442
126137
114964
7879
20431
100988
4523
70742
115642
62518
84013
60260
143114
11715
68109
18595
30665
175845
111157
45887
143271
40085
54190
38936
3882
128704
194664
59719
27072
23686
118104
90696
72187
124905
149131
67399
156301
131187
139611
124124
74721
75417
34107
82734
24527
185747
25666
192107
133626
194445
77871
171385
24182
159939
148275
26628
63060
141747
158472
29471
81093
68573
54212
6852
173367
74045
76002
111940
137379
57130
152511
57256
86472
97684
193049
77780
180314
168035
68956
122423
76542
63155
28825
10171
63628
44094
126260
80618
181086
158105
101240
16426
60884
145354
145310
190477
199249
152495
91044
27582
115681
74638
166191
112760
99687
60132
95988
154981
17753
115258
135412
107174
23680
155876
160920
98046
50186
118315
150232
86089
144379
63705
29676
131037
36268
21180
177606
98990
2731
28082
188404
1341
164807
176947
149171
69470
62495
156935
198753
133111
13613
55781
124848
76544
146297
182139
62572
102187
23666
194884
15836
168054
139530
48373
182564
56904
165446
95742
167329
5237
90409
99770
100929
109275
153573
29004
108111
176385
143480
8862
235
143203
105231
190199
128622
79293
199503
129176
84726
136927
95925
51262
184756
12671
180312
44318
161786
191545
133405
90514
192942
193814
94230
75419
81251
114954
104916
75134
150284
115987
42931
12581
178870
95592
37807
42830
149375
199250
58603
171411
117788
141403
69138
177407
38715
166298
70511
163857
117192
164706
126393
37747
88941
13016
78575
126228
70139
85487
163487
63480
61407
27173
45033
46819
40545
90254
4108
161347
54284
29170
66234
130610
111483
149369
78971
92775
3207
149586
198805
140340
120668
95289
85826
42568
112452
25505
169950
10715
55978
159630
82384
67756
55532
153908
163934
62370
122768
159766
101554
154120
81307
57645
61711
16439
28762
34031
8794
175674
139936
47374
146970
106145
159023
103557
107821
177136
197579
35802
185260
41880
88584
123296
51965
185263
7832
98210
40470
144666
134619
9767
54182
190897
182384
143954
49201
152675
96583
48496
197797
3666
27370
52051
64960
69970
99507
173549
189348
101285
44943
118968
77686
115816
33829
1711
99419
92701
21622
19822
78074
158564
60014
19745
19981
66819
122528
154096
156346
58935
57877
110807
191600
7141
74717
78693
82628
98842
127002
197725
13943
84960
28654
41311
25308
116115
31522
170512
156372
180699
166270
89710
92615
161571
19707
49497
128514
175784
51482
13839
126217
186034
73168
16166
65884
5635
44939
196612
91801
127930
26716
45315
127758
102904
41740
146472
145213
107633
137265
61305
159434
120957
67473
91238
29549
23316
78443
87680
56521
2936
179592
88873
54769
180077
48729
180338
102977
152658
132463
31212
130534
36665
178386
53765
14555
62224
137734
2241
143192
80857
141756
131049
167885
54822
142218
115438
67408
106094
195969
38445
170276
74130
69763
131720
150694
131666
188420
61995
189454
113451
128629
138851
15618
179842
133454
22114
66517
181312
169642
3461
193015
92278
72417
186368
180848
177644
181324
85441
6292
8679
104268
126824
14039
182711
50515
103264
73753
115965
5002
90157
183552
191734
72987
117117
156430
134476
106141
99277
58932
98357
54331
101694
142191
13548
113785
44556
143709
112395
170919
167991
121953
39775
1499
52223
102374
51394
77813
167592
162741
10854
188824
177195
187461
169393
50144
77178
162692
148547
155614
168457
130211
166330
115581
160510
165082
99766
43163
26428
112497
141098
173047
98778
195632
57842
193657
68579
196536
148313
28262
94318
84636
134859
10370
76577
28090
149777
78287
7830
123333
113439
1079
12112
35681
85349
149784
51960
7383
65360
118384
140878
10184
192717
159607
58414
69769
54900
52758
126308
125469
86239
53529
63924
122832
4182
111477
44122
121675
119913
52653
64474
58823
22402
7421
147394
114942
162054
10425
125870
11175
94962
69363
76511
138702
127844
72904
9706
189867
43885
174833
2020
161295
135145
39881
139203
133266
147505
2629
158964
130735
131612
102625
138034
140174
3916
108306
139818
53871
166129
26081
33926
187894
60073
107030
185453
8790
88428
118473
152377
158832
92896
16197
107594
10352
64399
191978
131692
198529
142269
88863
163511
21080
78359
120445
78588
184755
5130
159897
145987
66914
13727
72093
143921
147012
101707
50231
122054
120574
80678
116555
157874
85783
13643
40480
73041
25817
165581
186586
125670
24238
131163
166826
155648
185265
35702
20039
31979
85921
68660
156948
142212
67393
23479
87866
38010
2774
149681
174666
31860
6374
19131
42227
194646
152651
84478
144108
7242
41168
132194
174436
175448
141134
133137
174834
154302
9115
11837
182570
110520
73891
124432
190827
185665
130927
170547
55529
103429
143394
126755
77084
853
38145
149014
102007
68447
34773
167001
61431
31920
8441
151085
33395
197905
152077
18028
40305
192986
128959
42299
11394
99311
63283
179445
196609
148934
197114
175405
138522
180599
28060
96519
38141
120359
133854
107083
32950
161496
74481
196211
118864
138014
22753
126985
82616
116475
135763
45976
160238
60312
76766
131236
13712
594
149846
49129
108334
67578
40045
115246
25950
30793
136737
4715
174852
86609
187981
3170
167653
67262
17779
188602
43218
112751
183796
171377
103275
145399
161059
122842
33330
113863
64051
173213
16846
163425
28079
79722
116982
50171
97730
17869
2734
92095
130930
138437
87963
135959
179259
22221
168671
14365
77437
111589
122536
168475
174069
53528
80012
79348
94501
138098
102110
109287
79064
93280
159581
104066
99674
77904
74032
125144
110169
156621
57499
167616
32482
125219
119211
190619
22835
69799
71232
141378
101232
39378
54413
106454
21331
61375
91285
173362
172780
60316
10870
118964
70649
7335
87711
12324
193361
94930
111759
197674
198276
158884
181775
59233
88621
97291
194756
83977
157890
191950
55521
35489
41244
32608
110316
110111
76988
104498
13333
133851
174916
84904
78358
63915
149795
55214
87415
41670
127587
185293
68474
61351
48302
13620
124558
188273
115267
15566
43346
49296
141687
66443
155623
70494
178852
49035
147245
116625
131907
138804
113377
5544
58895
14294
119351
187366
50416
93625
124436
70883
3382
101873
11763
61127
146495
129996
129394
159380
14731
16156
112228
83319
84287
169214
157868
174634
185832
106268
72440
2366
78640
15595
112060
187279
149371
8852
84264
102799
189352
191003
60750
169247
107281
158949
53961
192262
126545
189792
20737
183425
45638
131503
18707
160084
74575
195358
72859
77589
169881
182778
133193
53039
23274
137756
77040
141909
25407
20361
30966
150283
167253
31350
178526
91984
86361
182442
133062
122258
186547
192992
61530
188490
140544
50278
71712
179928
81067
176527
50019
34147
95241
165833
98159
119226
21914
52466
89340
102419
52579
122311
186877
65444
10168
5914
140122
178867
111374
173970
143561
18836
75964
44794
18356
159961
40383
98848
183337
51640
126809
154896
56713
112669
24210
136959
120833
194224
84919
96414
13879
103416
50762
110948
127187
186625
158507
70645
142234
72630
165916
116557
145960
175427
131135
49320
92567
8209
145022
137697
175093
182479
127121
153455
48822
141000
127070
18726
114152
140095
125143
139486
182233
5906
199853
50374
83849
138334
134251
98558
49972
6705
161317
80647
129310
37943
4047
65128
38309
185863
60397
9108
93076
19337
15614
39702
76579
10200
80656
79603
3225
73804
101351
120613
2992
83680
164784
146388
132763
88375
29038
10059
139931
151752
159216
121885
181916
180442
148377
171464
12276
163375
173990
103080
109476
99244
58144
44646
150633
65765
65945
13659
118904
54765
165707
139865
95963
63663
72575
33392
139652
189940
91405
96810
31836
104250
41279
163527
77386
13894
34054
151652
1831
29881
65624
195400
62251
170832
7128
159281
28364
131662
171486
157583
23865
143190
46101
68979
95611
187883
17508
105482
43348
13642
56200
173419
50745
111825
151895
175008
114368
121700
146012
20634
14230
183245
136130
39869
104566
42750
119089
177553
153155
186302
50790
35452
17836
90751
30562
58498
188861
106531
168082
111851
60380
33955
45001
70588
84217
94772
60450
71460
97100
9128
180276
8689
110290
28869
85678
29651
42640
117853
66496
52175
1299
9470
38661
194477
192044
140061
197199
117604
135106
167137
133038
40645
167025
184773
133749
22482
185048
20374
197500
180927
125108
118083
4373
172623
93603
133232
127263
149825
71638
120088
106107
65296
122246
177908
181092
136756
148477
17008
28812
182256
127044
106553
172617
146851
34547
181004
103986
39042
68485
9545
116247
108070
107486
53170
50131
24601
199955
40454
172245
159007
60948
193813
197139
198091
123677
70212
188976
161232
62114
131632
45277
161537
190061
169585
129956
94289
177256
159429
17283
100138
167438
128509
10360
14708
60416
105167
98338
22556
72345
196951
147204
66461
34711
116548
109850
9727
103589
80970
148788
98959
176359
89763
187037
129022
190985
76893
59724
72036
109740
140875
90774
155178
42400
11467
141258
162492
138309
163345
103803
11084
124163
170295
105307
4314
36467
11950
102628
41111
184373
148363
191480
116432
96500
104063
3307
163817
126088
89144
159086
66585
165490
153501
122506
81482
50337
15903
80923
173616
105285
173850
127441
126711
156589
94234
198471
197230
10689
69276
176322
131413
158902
49738
96845
53890
174030
127565
179205
134218
99782
45645
77624
110794
98967
83459
69708
182346
85026
128318
131924
106331
105508
150619
20466
100329
162361
117650
109417
47389
160901
11590
159048
73102
130379
193074
137851
190791
90639
112920
105241
104292
108984
188187
52402
99114
119055
65037
117053
93875
78888
145496
114166
146738
61946
8851
131999
100205
127630
58659
83492
2686
128714
103127
122467
87985
107472
4679
166869
105369
89516
17504
73614
94818
154570
165392
27122
4590
16333
9159
172728
186248
48588
35010
192937
27247
87299
115358
59362
29663
25082
51969
99772
11317
92436
146634
139703
128056
63763
127258
125322
58134
183389
115471
134348
182907
87829
66098
123158
3369
24423
10110
121787
69589
144955
152155
129190
155390
164373
169002
75270
55785
69438
18135
17407
71394
32956
59053
129218
133728
13833
81194
68746
89563
7866
126079
38722
177865
161173
71653
182354
151490
183022
143749
71280
117293
31299
193667
143841
23712
176075
152940
138467
110344
124649
193956
82589
175138
7082
46931
198768
187840
97112
11893
101560
2141
11109
191357
101726
4542
130062
52856
113288
35414
11628
127939
3391
132452
15142
141187
46742
113598
117067
28826
153538
117915
34505
136371
129704
152456
179275
199879
119096
68828
18925
64697
55224
125063
19438
106860
69732
60656
144630
50949
117213
58090
98837
64563
189999
185880
89536
54865
127755
100400
146500
180773
37022
132406
43716
164466
198516
10666
196948
76314
14379
156228
36585
77820
116525
140765
188599
1720
139068
127936
179886
20618
64168
80842
134442
70882
12319
73191
56687
95409
137816
849
66058
5679
105043
62541
39665
34857
30283
71853
94164
161114
99062
199204
90284
61849
189831
77618
13053
142711
113522
34885
166303
83570
7835
197291
37641
10830
94229
149895
168092
101672
150970
131181
69824
106891
51928
84628
161960
57500
122557
187919
168464
74089
9622
99608
154341
178448
54824
68842
87830
113380
147862
151564
51712
80921
2161
30327
186666
140159
57993
174210
32690
105007
155556
82140
117867
69450
111757
114811
188227
166664
191773
144780
40125
62877
31440
45136
127715
165974
86987
199774
29053
95688
64416
192949
156691
114351
121115
105474
192943
75403
119360
139043
152557
136149
100334
148238
173491
89240
190982
160066
55139
18187
183378
184419
57250
113426
25171
15097
169698
50033
40982
148841
138811
148670
77805
103447
20682
167095
88690
148970
50457
178304
67713
171375
59947
182935
153907
4192
164534
156563
109974
174475
137626
174876
95453
57111
78148
174462
191014
56669
153904
115565
38256
172737
90474
179561
152606
129736
19807
12208
76541
57781
183458
84308
8314
181688
125759
8083
192619
163644
91097
182780
6241
138203
59319
179673
85829
77827
194502
19650
17838
7962
156590
157359
95013
190118
170784
49224
29132
170159
135306
33594
84619
54305
110406
65764
98729
29599
173714
107557
66843
3142
117977
39894
2969
137490
196560
24641
61430
167921
47788
34795
134628
132472
2717
176711
122431
189001
168288
162917
78485
33064
186685
148800
54818
110234
159193
141015
59723
186617
145735
135717
77195
163262
24078
7406
166628
19148
102060
8709
123989
191768
170986
167842
92886
184631
195001
31128
144042
168022
155476
120646
193665
98158
6079
46917
55617
179462
83656
133976
52710
39611
109629
74346
54694
50961
196168
194581
66135
192623
65272
174495
28066
174071
131284
110886
60711
180237
23301
104172
190127
185739
120381
192590
39105
183936
19161
126748
9353
6572
46688
36894
135579
133836
195058
147320
69090
33541
42790
33988
127731
167245
164754
173369
195441
79947
116259
39300
104430
65685
29867
151817
122100
198154
83168
146504
154013
3671
187308
49763
100618
155489
55794
6561
138452
196767
30510
111354
88449
21086
10299
86652
131239
49635
130546
55822
67717
186790
90641
192227
166598
142278
177550
95381
140243
57462
113915
58916
68143
16650
199834
199255
77890
35647
86705
122605
142529
110987
44314
7589
143282
7670
183192
147582
45120
129490
59931
81715
63203
132431
8736
102709
70772
34046
31057
107401
197388
74593
90479
162777
21087
91909
36909
62817
171934
194740
191533
66138
28992
165960
74410
33073
36956
7326
164929
179527
165101
134617
118966
114404
129764
91531
65095
152264
15283
151683
119059
123708
95764
136656
42780
163133
128797
131787
8503
104001
27568
114213
114427
149330
99844
123204
38346
183627
41080
137009
32904
65673
107535
192015
16597
164876
135605
83837
11708
150438
139843
191295
20288
6848
66837
189286
191637
86860
120701
183355
148838
137143
86238
47312
167598
191898
163016
21257
118448
100271
42941
152016
14424
162544
110679
155784
105107
46137
9240
32297
107076
59499
122929
19512
33820
100174
131139
112447
137597
25843
148936
81295
77778
153638
72753
107660
123343
90555
48513
76940
13624
124385
151843
167189
28618
53140
80377
160998
65018
61343
190513
4068
54973
59773
42085
24860
121475
149468
166449
191952
189233
18041
41243
79698
179859
166497
99928
195509
190532
173609
161314
93744
86243
106400
59733
1791
123886
11173
117340
20312
66700
144060
7993
140179
165358
25185
65977
23004
21119
148052
39634
190265
16321
54432
118527
139169
11856
135983
9909
151151
45743
168483
190076
104867
159222
89143
10850
118102
130979
25974
145203
65901
164563
52314
114681
190417
23568
96192
29323
197192
20038
161495
135362
147661
174837
101193
150593
44511
128950
84854
111802
87508
74871
156604
40010
12506
135619
80304
140951
139536
20181
41271
27093
171701
69698
112178
34518
40030
183900
164836
186124
11044
49037
8454
143351
50947
70241
180194
118610
169864
166399
65878
19563
24954
172197
164871
132412
191313
157548
7171
102848
117663
156652
156605
99821
54942
58069
149500
167
92933
186593
189912
116069
28996
39598
102084
2996
48578
187532
94490
46662
18839
64396
34559
122101
61793
144542
104184
19235
91630
106935
87170
50228
199655
19635
54910
154088
53496
47685
99859
12642
77123
177283
172999
123248
141937
20694
103984
9281
67430
186578
148530
111336
76990
7644
158632
155282
90193
63911
110936
106016
119845
91099
120403
131704
42802
60581
191662
129910
86516
36492
40820
28318
81742
76057
152733
106409
3711
128141
36886
144992
172588
107342
9579
21654
144635
115079
177322
150483
179250
78858
7990
113282
68413
120515
70852
168529
109217
163027
53763
85578
120384
199589
15677
119499
84940
162012
83922
183626
116097
63739
94850
120955
123806
162673
51376
148696
64968
51032
32825
23736
96355
182581
144338
100362
177048
49306
173826
177691
119729
128039
137403
136788
131775
32536
8005
93655
89659
37279
135869
143653
141663
37505
52054
85394
150300
26451
38788
153318
148050
192776
867
165143
12507
53984
24510
35261
8710
17858
83674
194003
158699
90016
198283
175653
108848
31309
69878
53540
14172
170458
154900
80534
146079
98306
146402
10493
176064
3328
31866
164820
179213
129726
193073
67108
59025
52061
67478
117486
1902
174980
45663
18851
121306
195872
126710
63154
19021
45744
99957
124014
22308
171735
158084
100800
94329
101534
167255
55229
57506
129754
167642
131660
1659
160219
195446
27666
119193
177478
10828
113959
198144
152654
34869
103503
49555
153774
149722
10734
169716
131303
118717
112137
14088
12783
144320
20136
45751
90758
134662
13834
167461
53990
63934
176073
133121
833
27892
28186
44350
118933
142639
120050
96100
117222
156472
121881
32082
161219
199017
192715
18637
126645
38102
2507
134650
145149
37790
84238
131736
957
10236
73293
194185
101988
115120
91695
123944
93868
59116
168561
3174
5176
23450
151068
109893
140332
136135
70046
11578
188871
21230
79479
80784
96922
46725
36351
145230
94270
147942
62684
24174
46441
158288
27483
114074
92617
15040
171496
156203
143163
99869
196423
178979
18630
109942
134029
72599
162358
24229
175221
42533
123930
47129
55585
155546
39614
173171
141475
42361
176493
73927
22271
15074
113287
160747
105334
144647
4607
17808
54805
130540
179874
170524
63294
36246
195290
184109
107391
129278
155720
118243
83266
90296
183400
31909
185537
169303
186139
198050
178511
32879
143191
77610
165042
193427
122627
25003
90321
158954
147714
134403
68439
2899
175751
13837
72270
62353
6171
96445
72962
193343
121352
174084
98290
31547
75034
181951
157090
20497
168408
46861
3268
20598
84235
181872
40585
54838
193645
127210
50297
184475
42583
122242
174139
43600
11416
16160
10398
152926
87199
165746
82975
125733
117987
134822
157790
155112
61368
146427
75662
93482
191733
1784
16440
33332
12957
61502
168962
176851
11065
100235
29514
150508
14257
104637
6059
60819
146676
27246
72534
1606
11577
39625
181900
78977
47551
75076
186067
106271
110881
44281
31858
43125
45114
64494
13101
47837
39073
71108
49966
13464
80833
104382
65507
88141
87745
194313
105610
73876
133314
79504
187340
95176
194938
51408
28022
197432
52328
138457
23182
196435
2890
171060
177357
149043
125917
172056
85541
189780
47637
70544
11833
9788
182409
31853
178495
160543
131939
97423
104127
2467
168952
60985
78725
196269
99784
42841
188506
124082
192027
135913
169913
123051
116643
58389
94035
174354
33237
179368
66820
102312
18074
160465
113962
101173
80688
115912
36652
111261
150573
103266
143180
117965
143984
30352
172542
63782
176587
51936
126239
167507
35759
101237
160332
170081
146231
72433
126833
29930
59064
113117
154998
16675
110479
186197
46932
113084
196014
118201
61749
32159
175910
61829
81644
5937
152674
125964
5457
124203
9882
111677
74357
192501
171583
64055
143251
192415
61584
165607
90755
195070
31151
7164
105293
77789
169655
66363
45757
85844
119246
169559
42253
8490
155395
127929
196374
77620
69497
112763
71630
106839
82429
181863
178390
191234
912
196571
158061
193772
26238
37972
110823
138939
74922
183829
80511
70143
187012
149002
50157
26733
39594
74086
43511
47919
153766
67512
170819
148592
155451
97399
108648
175364
81256
189460
192397
57855
70900
55906
120638
25307
93813
67017
173810
198183
7925
194611
92656
180067
32004
78400
48891
116304
194248
147737
80537
121113
110866
192915
100619
94452
174854
67832
111554
161854
9937
22322
81273
85277
