163479
133664
198172
113791
135122
48629
109309
79501
44915
71213
19233
157699
182487
193186
171541
97512
189367
121591
35437
17070
32658
74571
99595
99831
26559
71400
50123
128697
62391
18375
113354
168119
158605
118374
25862
133506
76740
150257
184036
81477
109865
98252
20959
112058
167749
88072
164861
171484
167064
9745
106158
83035
132662
24479
145923
60927
161353
3449
144772
42548
199659
24122
188044
116322
156669
172186
34329
21107
180934
48246
18266
89921
111040
677
80141
99470
149843
115319
22099
180487
69459
101620
12473
75748
123858
182610
131466
141540
31619
104691
108557
186850
68812
116334
96194
8255
138810
188993
136804
43761
81249
44313
5363
135124
364
100815
44397
156837
71885
87966
10565
39449
30674
5634
61674
175588
35815
109171
73664
175373
196000
96964
99010
65229
22430
72186
15195
228
116016
145325
32786
199552
165287
15629
94607
53804
125591
103652
19395
154169
79029
193380
135320
101509
130696
104611
54835
11943
88646
54549
96732
86905
152975
35686
33915
162832
179484
10563
151571
43934
130964
24203
119857
128354
128435
10800
188775
1786
19369
51364
67720
13281
122256
61332
1887
184746
137726
162844
75885
16648
45406
11051
44584
148654
113438
37866
170170
130661
92378
179558
157278
97544
132665
182413
82427
33802
139814
176854
1967
122021
140001
83973
77373
108124
196394
12183
134995
42468
163246
48764
185047
44355
159521
112244
103350
43153
57541
19209
154039
112585
63823
84841
152892
12858
86153
26403
185556
59949
76574
77182
135153
87892
40190
54828
37592
112120
38598
60157
185237
16295
113700
9356
18134
102271
22862
64331
167097
118277
84150
55447
105413
117608
138542
108119
128698
117903
136798
125541
127746
3301
95956
138661
62713
123847
87346
40914
165523
146244
98754
38007
183186
40047
60826
2302
147537
87215
69040
167010
20684
199903
21312
73695
107476
140568
140759
27906
143941
35992
61493
56040
150076
114812
100
32160
81390
15561
176815
38230
105936
152154
176068
154123
38077
103286
117430
198114
75988
34097
38967
131137
116963
157621
71979
174196
66215
84268
114790
33349
33350
81098
38195
158514
12164
120786
150175
195216
16486
138226
71450
94327
148551
126051
131976
157730
162867
177310
22841
91449
132045
35282
135207
198191
13108
139316
34297
158938
15115
108404
28400
146304
168097
175512
18234
109071
20186
4026
32244
189747
64665
7810
83948
63575
30273
20146
49242
93353
17868
195863
116043
66275
97234
72174
161556
31355
1753
3067
141061
19681
161265
23739
144507
69125
16016
80679
30883
127621
57339
196280
106970
66472
166321
163376
13050
172495
111382
99258
70316
119541
106020
132705
182949
34010
91907
129351
104466
49486
19366
155668
126288
43486
186807
101719
138318
23526
158652
101787
130747
38665
85225
107546
33899
160953
2763
50121
148516
47623
69621
152302
15607
195820
31037
36433
82900
153341
173587
161696
75775
5553
190719
60942
158841
80916
44836
89479
78541
123060
81579
173379
145742
194170
125671
90274
24
14486
173734
180102
105746
120352
84124
168419
73942
154818
120912
50897
145060
122521
76911
182145
55530
143640
2851
2104
185996
167140
19058
171007
43772
188451
169082
114046
146979
125335
156332
24270
46220
93932
175856
52693
166662
61261
16408
22236
106048
176686
90083
109268
132229
145757
31159
79723
196405
66299
193726
61733
93942
89296
25281
102272
67047
37662
27189
159913
151608
12286
73305
97068
161194
151235
115484
128799
106794
146228
179942
17152
58866
92345
29322
105473
100183
29381
79655
14452
77598
83467
96769
126670
85462
75836
155954
130588
173765
75526
130153
65236
100201
153449
62645
26070
104744
69255
44534
186580
118709
106175
43731
40939
3210
153952
13829
68034
51357
107259
17194
127093
119839
167629
30943
198327
77057
117413
143570
107921
7634
29768
196484
126422
88958
15784
188498
131333
69389
68530
54083
87475
37602
167613
3188
123625
74964
12840
6063
176706
85385
2487
70211
66887
34264
31108
142772
159338
160122
8663
73661
91475
31825
107900
123330
36188
19626
143042
112268
119051
15193
112842
44260
189632
69828
71820
123670
181737
23285
49566
78645
148867
10679
61978
144437
65973
60169
189263
59700
135228
140777
75017
179513
101951
56301
179418
25532
76992
194005
166174
38920
120308
122584
63968
94691
141702
199449
173687
86882
13323
199158
149031
185864
127825
109199
23148
61494
108793
3084
150659
196792
92462
180831
162274
49507
91953
77278
76559
166997
132236
92371
11471
168008
176325
71060
149412
102354
173604
193325
180374
182900
11512
142343
32176
61469
147899
91414
20663
136786
101865
128724
30111
138523
77393
40965
99898
78382
105183
37055
186037
181612
35337
54803
74275
142792
84151
102925
15924
117151
44927
103510
187529
100214
76575
12638
514
106435
32460
142822
85627
60778
127282
115091
7356
102245
197445
138438
107887
113251
23047
145155
143931
147981
98246
185167
123629
37812
188255
67041
10895
94468
30973
15400
53854
59028
197058
58012
136661
8429
169882
100973
125213
78067
60986
114241
117657
30035
199762
17645
65866
60241
192618
115881
27388
152755
121183
6596
150249
117368
104796
115673
151662
170583
125876
133788
102336
115964
118655
187411
118032
54161
120291
111118
122820
16598
83585
35166
66048
119518
179862
25466
160095
154946
142241
195789
194694
17875
193522
80362
127312
93781
78001
40394
112496
146728
108981
104388
191189
89243
22869
172324
132259
156132
52755
153361
147267
73118
119346
53327
139308
155900
176738
79313
71599
79093
94208
161421
149706
138495
12110
63192
89780
189764
25042
115575
180498
45635
67125
54895
100314
93356
14666
139475
176877
173566
127470
180624
195807
114261
124444
162804
161545
181279
97711
87328
175966
35875
3716
135768
84972
16725
101146
123440
23074
153040
153925
77985
111311
90365
111640
165028
100613
169875
47081
17648
67723
79397
131143
142651
134728
58239
80764
52502
75862
26558
184442
69174
125923
55795
103891
50081
80094
78424
150514
150913
15356
88975
167383
183418
95529
156298
158279
4013
123552
94376
107529
108040
40399
174245
155084
21550
77316
190172
91680
25046
150273
63752
80441
33294
45765
6075
107559
175103
192908
149334
193437
70423
23379
174127
92842
82641
126143
95602
141375
150763
194148
54539
145531
89834
155530
103771
120537
37031
98072
157609
32006
194895
107492
134470
118135
125356
17926
168176
23058
104898
15168
124590
85052
130027
37494
121007
157242
67406
187846
196249
31052
99341
3234
11255
119519
60606
26080
45137
169217
61725
129188
137643
154301
165061
72697
106072
95785
55546
181728
49074
69480
181121
78005
102267
67348
177529
193483
45012
149894
96205
43479
178810
106957
59532
58391
146340
122221
35318
53148
141561
125953
31120
173061
192825
67511
121910
73569
100256
178617
196254
164663
164026
62995
140818
38317
119205
129153
182625
105150
1184
172774
47751
33157
169075
46072
141536
168333
48915
191137
27448
187712
28193
42758
117231
22363
153563
120981
174610
120267
49254
56343
192338
175531
134760
67822
158969
161038
140473
10004
13609
191878
109957
143582
171150
131764
62730
54433
31099
126151
110592
166900
51596
106564
129075
176592
168340
72503
124637
31188
56575
21948
36657
17089
23884
132582
119555
155023
121583
171589
3235
24461
73670
36763
177785
138296
17848
51974
158273
44641
68175
189345
128038
169780
12881
74141
164636
86420
51780
55846
157348
9869
81142
120926
8394
102293
72339
162933
102421
157008
183508
48841
164664
31941
57025
137687
79474
87572
134992
50700
40614
78626
163274
134920
94143
152110
104695
156108
7137
106940
162830
183772
39336
130962
26220
163890
39232
160215
119801
197009
119529
52500
116612
111784
143800
143435
149762
169423
180271
73244
36231
193164
13287
166553
112771
98625
82703
21359
1906
178868
187965
62452
133870
21158
153613
79831
44676
73843
12041
149753
80778
176353
115926
77146
41953
186531
8215
112652
30951
20493
27678
72772
11200
185171
134340
182370
184994
116700
20997
185168
108465
27100
152281
196203
78292
43900
116839
59239
156205
141578
164468
156342
35860
112750
191101
57062
73010
15920
94550
48058
111453
119834
72233
120253
22014
133917
36881
48294
182062
86691
86602
194641
133347
124443
157427
150272
149303
113342
73223
164843
77840
157785
173385
15645
188410
194644
18905
117542
39324
39664
55904
185614
129195
92847
50527
175895
85929
122285
152821
79349
68076
98174
192028
181468
104206
80999
191179
108385
183060
107572
173090
144175
8277
131950
165189
162824
57861
60422
113167
96419
22350
161995
194296
86493
194372
115789
128448
28266
41316
100908
140983
124754
165687
28353
88476
61150
126619
9786
3555
36465
10129
1792
165011
141774
136372
19320
157597
65169
176084
5918
84032
109403
28177
66034
28847
65964
50215
33129
41020
109999
181853
48221
196847
92381
37244
65413
172164
191755
99918
93786
175569
126846
52041
186108
150104
123595
6317
127575
48307
101414
90323
48199
88823
49911
139457
181159
55697
138977
6732
20341
158874
185941
57664
114866
74290
117130
18207
122412
112330
2687
182993
65872
74005
137589
68335
103903
165415
145338
158998
168912
119951
99511
187941
119464
8119
151082
63418
180762
113751
5062
37479
53740
166728
172508
165831
14714
16378
60161
145673
21198
67563
3617
171628
21306
183512
186413
81556
160678
26983
76165
145834
128275
34419
171424
50813
110649
16635
23596
30357
7523
153463
19592
196947
61881
119217
198016
157031
9016
9151
26009
161380
61672
182242
15106
123403
112443
44099
179935
169010
170150
109606
128534
69093
133868
17476
159430
118606
59009
48479
83130
164219
41129
189737
133263
83047
195729
15441
176337
82939
154716
50506
98445
134685
183923
43844
106241
27557
78868
184165
141212
182986
22442
48070
61051
165891
39826
142192
27643
38372
963
126292
69866
98927
166003
7757
169192
2461
158285
125983
17393
124207
171111
180172
3473
738
108510
5375
80119
111254
92832
3315
177879
141346
6339
124180
185878
112715
10782
73746
45009
166693
41228
56790
22252
117784
180394
4006
172612
195198
131738
127266
84979
49751
29198
130460
11975
133729
121247
69074
151229
92131
9639
154600
9423
136011
199022
46106
103820
865
40053
57016
40019
195941
88319
148124
68262
14631
138450
99029
182415
97349
74213
117324
55840
88650
105573
1159
96469
183027
191726
120869
181983
129891
131860
27735
196782
148141
130202
119022
143828
167660
35753
177013
8149
53047
69789
39912
76215
116581
93318
68326
76809
73628
77914
133935
53706
104575
176700
143619
21007
96462
157435
45080
17028
84821
154911
141602
123107
117445
165330
162292
49330
160739
120966
53368
182251
133603
100367
109419
80820
28722
92452
122144
150472
54342
46712
120956
82653
150150
186745
59792
61334
189218
22051
61869
153120
172254
67988
37630
132495
54535
103173
109062
63624
45506
178474
24103
124565
38397
128958
79224
24338
187157
102994
190986
8174
168397
148727
66583
3690
128948
185501
184533
19476
58375
152262
29475
177978
23940
125725
175578
126739
176514
122588
96854
173746
65415
81989
194799
19690
77439
175195
62227
165026
36736
194822
191916
162974
105162
112066
191932
97282
60836
116764
135678
4206
157476
43906
165363
26265
170901
141813
101223
1082
163554
150710
144994
18200
158529
117403
163885
5678
22674
57309
102798
58695
127365
145294
153091
38188
167803
183617
182044
92938
45000
67742
47310
107215
98700
34132
171189
95349
101971
10972
175475
172014
75741
106555
100411
148321
169884
19637
159549
151087
176509
8288
4547
168058
141835
44118
193838
181477
100350
120358
29077
132645
140482
88533
98527
189336
58516
16432
77168
140029
100472
121783
121042
55297
45124
64558
193700
37148
108635
152781
50870
158290
79279
45196
146170
138388
194838
18977
197126
91771
95230
161017
165524
111710
164316
165022
11372
98229
128248
154493
107978
168264
21333
48282
401
12486
43703
78936
181763
111829
111112
169568
98964
172319
146604
178539
119716
107886
187889
115054
155038
151485
100135
2588
166617
31177
118116
105500
55030
72964
172208
103524
51536
127794
97134
198202
183218
23394
143572
7590
28012
103013
50881
62938
32341
15231
162448
74105
112980
19071
59283
169828
7558
115756
150152
6644
139152
34226
79568
109183
196784
158376
106068
4656
41550
70288
103600
12361
123372
45675
11117
140958
49149
193581
99259
55732
73315
26816
163827
76098
145956
30959
148111
91271
21302
35118
117579
93965
93364
50000
114187
173034
20263
11205
126421
57972
134495
18161
53705
88856
113151
9610
34478
8057
193609
188982
64209
167981
111012
57305
141069
25257
34120
102218
196977
166865
157303
82919
149546
196207
161261
145037
142619
122896
17204
167353
113703
135183
98568
178793
35549
95797
182149
9442
195170
70225
87073
18493
59073
134073
123
163139
29426
149352
37014
11668
167639
39507
24520
136766
159374
66827
29832
57342
83469
87730
38620
155584
159936
177252
117564
66570
113427
52804
41571
159720
84458
131355
89299
29339
153507
49722
99532
80087
28504
85278
198073
10405
163589
16867
105792
56704
163977
44440
62293
122596
96302
1624
18816
145512
95693
169870
1960
54542
47605
161053
122816
30170
102870
109106
40064
113386
102845
99482
64091
193178
173106
23917
28366
191487
162426
152987
115875
192189
80256
80953
139012
87624
173150
95459
10196
77023
169976
173161
169221
40487
169695
13543
107336
99519
198920
129090
18100
16108
26954
34924
189475
7843
84678
79121
8302
171605
113499
6265
54902
169000
7598
89566
127855
124336
137907
143037
156014
115652
25550
173578
120195
181976
76388
175307
136513
103872
45636
135431
74953
157443
24422
151270
18392
48810
98983
99145
157413
116879
16138
53041
129449
34533
97541
7312
99950
198645
3005
96274
50071
150729
184738
176233
113520
155709
33538
134405
121827
22149
128498
38998
106516
44455
14782
144727
89535
175757
16355
27530
55070
36777
20609
173060
169437
129974
178565
159487
72557
2783
49791
16484
118170
13296
90359
61062
9792
40676
114939
15624
91215
150260
108531
129810
100147
97277
90566
163943
6535
87089
193504
179816
90121
155440
117385
196185
194479
159489
475
43926
75358
148003
88589
154475
115671
100225
26222
184379
169936
86342
62276
69662
56082
27761
1063
189871
65557
16007
37584
57902
9013
193152
68776
197216
60984
21695
12061
120032
194524
130941
138563
139324
186915
39212
58405
167489
102735
145854
67362
81198
170395
164573
33606
109900
41369
8933
42822
83882
10270
188140
54753
113460
75729
67891
152061
33825
35294
164689
136448
110673
79098
83485
106768
121132
33098
92158
184133
64253
73189
134419
68668
36735
35508
110963
120878
132478
59372
114123
105152
75907
21829
151215
19255
144053
151595
115944
32594
175873
117827
991
48311
149195
176804
171905
16924
116554
45445
78603
137532
196541
11243
527
57934
140756
124601
75511
99347
24639
2580
163126
107781
161838
110971
181008
122250
4749
51510
24165
176574
187494
177490
172115
199769
178225
179054
31434
164682
42470
178969
188636
110522
116769
128395
150307
77747
113
150894
53124
189945
96886
63455
129405
103128
117476
163342
123127
126774
166117
96920
15387
124654
186149
139627
169907
165869
195486
173074
157247
1170
118366
21996
124837
78647
110898
78557
124989
48194
90334
58934
45249
130646
163745
10965
83008
157110
189178
196456
73074
47758
199580
106370
103843
189570
2269
86066
164887
182131
46037
97815
187204
91396
80198
188957
186639
92505
154166
55679
189255
68301
49340
11949
31312
122421
160380
4539
123389
74975
76281
33560
174931
142738
166010
79480
131995
41358
72810
79658
34397
178698
87906
47770
102292
131471
194631
119706
107283
122895
58648
23230
177249
88315
146081
132196
152769
67037
60817
24241
114196
27785
115939
80977
16422
90098
109558
104004
88055
79205
140409
16915
146192
8544
84125
56817
111995
75946
42203
16591
178761
142009
93109
21518
43861
121139
107324
108785
62770
96754
178651
112371
19394
118884
120937
135894
33035
103797
155933
47893
101518
197376
82498
108641
67105
163411
137568
22493
90946
54888
199745
109127
141518
181942
26627
17231
6369
84020
135215
113188
155256
72023
167662
194882
33459
99948
28336
76876
125487
658
116775
5555
179990
191742
115720
171590
54106
11670
54303
183147
114108
115952
21237
182886
197914
16890
185076
23397
125661
78304
60815
145126
58946
49935
132965
112041
47034
41410
35287
75545
31968
116224
60293
2972
178091
20412
126330
20729
141275
35871
132503
199895
43175
151384
54510
193639
108072
146221
4174
160842
104823
143073
112584
84104
123821
87641
106170
119046
129160
106236
16441
35167
150183
137509
44896
147387
67156
104183
59074
42859
8567
142630
112352
138389
17962
187895
97469
152948
142103
149313
24389
38449
80153
47633
134535
145792
55963
128760
135022
195193
70893
89910
61281
147985
116661
9171
155302
82570
147949
71934
52327
85987
13764
80754
66661
54538
127887
138529
122
95295
118761
144180
36058
55241
79609
77376
159594
5982
194825
181438
106315
84853
132311
76608
22826
58608
14282
127676
195154
70520
51563
44726
15156
124271
162956
159656
29028
112685
71210
196252
158768
100899
118841
118566
11771
182498
9807
91825
136597
158862
40
184300
4453
171482
49246
176534
146601
164795
173059
94584
143748
180232
48560
148138
158431
110367
130283
95083
87850
23501
63495
151449
53246
161217
177709
37941
13337
168618
109212
52585
133554
49605
123023
131501
138471
171451
151111
129082
18220
132698
161527
72899
33421
135889
168134
191647
70574
84512
171724
28419
85391
95135
157816
188261
87783
144531
49742
63018
31165
59741
174926
175421
167176
102044
127213
143554
74031
83428
95469
111964
20657
20517
55841
48794
97145
120854
151187
162212
89214
515
161369
4433
104246
198489
155113
193805
101287
71921
183901
38015
131252
136260
67824
16972
122874
171392
110840
26886
82604
134465
80289
129376
181345
53411
16738
63541
101152
151351
187776
191961
20901
172066
32557
14651
169452
74685
63801
119946
82823
84245
24176
91084
17540
40242
130774
3610
96491
181896
162861
26255
124792
60411
103611
25061
7012
86470
5829
7665
52029
420
106075
33843
71470
171884
192587
55207
79228
181406
134626
167265
147706
113744
23110
196594
179551
79850
154854
182837
171200
99429
153709
120509
75054
26720
59198
73050
161691
138003
107274
11319
41884
190330
41516
169438
160340
86961
18302
155184
176454
5756
137495
105629
7413
81842
107666
111415
48814
67530
122538
1230
175052
143719
167707
100051
15519
154311
75937
37482
21912
42076
45483
2428
20490
167651
168519
139615
189565
130720
52877
24836
122070
82105
24767
166715
102433
38556
86031
39314
22993
50168
128491
171704
39940
195876
87939
139789
44015
97906
137753
100279
136228
19357
46435
139655
197505
113283
112950
89911
65280
72376
50052
163611
108943
68502
95385
156218
183708
94624
147646
121423
45398
64663
4909
45221
13234
70177
32991
28989
140350
175685
116419
160979
108202
94627
34447
157676
55642
137465
34816
151592
178116
39540
59018
135736
8509
45713
9195
82866
9119
110914
79241
130671
82353
17216
51064
69423
33758
56565
66410
71172
167615
112741
67225
11876
61218
198856
153472
125803
155031
48048
94374
99810
157891
5119
183445
145431
87146
70264
166102
85175
94439
197655
196287
79769
197823
199323
27619
15452
36811
21750
169641
199733
111041
7996
101017
140442
137267
32042
186513
78360
153093
120744
139259
7645
25607
19124
68906
98581
94100
28276
68913
74792
25826
192269
88994
126440
196397
131033
77533
36825
160110
188469
182699
132985
25549
93213
124700
52497
38337
158063
73081
30242
20615
154747
170975
167219
185505
72038
197428
89384
143245
116024
164175
5122
151154
160822
160598
96540
103392
50412
111326
198670
102747
43338
25064
166898
16627
198132
35964
100535
53836
75391
141705
153508
4651
78069
188933
24625
172837
143478
150347
44541
34024
162201
11863
171532
117341
31145
185615
24268
95698
113387
56520
126628
4650
99089
129945
186110
91150
193833
78449
68910
148455
59787
6921
70898
60625
140815
184196
106436
46906
81724
72733
1157
192962
186361
101917
175000
79837
28625
136939
110760
78543
22908
174128
59254
53315
96659
186988
184635
9009
126793
164735
39966
47583
101600
151948
171512
151875
158017
184193
70060
26981
12590
71065
167831
51072
142476
143169
28036
20536
47922
111798
28361
142236
45414
36538
24053
6408
172221
187057
197880
157907
183734
37521
173957
49334
5731
105224
22667
58114
67692
173848
171563
179313
163428
15286
199743
183619
81552
15062
14054
47729
84272
65118
176441
139597
73600
42608
57858
77185
46030
70251
158640
182779
157956
82785
115825
78965
28039
108760
143902
187929
38248
190225
57884
126148
142848
129420
59945
114254
65472
64263
91684
24534
83289
189890
153833
102779
158132
50741
162416
132393
158970
25312
28005
86550
72743
86910
77626
141670
110093
23330
150023
196445
87523
13166
145573
37054
163936
133546
167486
151095
173371
114156
88239
157574
188100
55991
37658
130644
2595
5049
185441
87924
42638
162109
45086
106291
90437
81629
100840
11762
42487
23629
177062
123713
180356
195531
12621
50495
186518
147959
46440
162176
21631
93253
47495
77110
113161
186489
189303
141414
160154
62602
100450
197140
198400
79059
112253
168386
160330
65185
139424
105055
143448
131336
136754
92627
6166
102011
157731
104626
197804
5551
114381
133086
30056
23369
73581
27208
198992
173144
101723
33199
7467
14081
176001
561
104233
112267
106533
2651
27006
150233
96902
48006
8184
82507
27910
95670
130265
187531
24406
121670
24187
162183
51444
37721
114545
31642
145842
123185
101568
101756
104725
153192
10585
19286
45103
116527
101969
132857
11395
102457
185344
36748
46000
136940
24289
24200
129894
93000
196182
39420
3420
108010
7769
30407
159331
170519
155638
2395
132076
137067
108735
23743
184489
141751
81226
194893
36834
7342
198819
56705
73425
114748
182753
53785
21577
172173
178578
81291
177817
102057
122169
19125
101358
71174
102166
147129
104997
199481
4723
138944
10474
129223
67336
73770
70677
41109
184836
157337
9912
135365
91375
70186
120798
116185
163007
70545
135770
186086
24691
48023
78513
96461
65150
183940
36779
24918
137955
73308
143290
60728
113247
144127
23417
9524
17844
16098
93645
8022
119209
38304
167488
189369
137305
44732
59200
160199
178147
131575
54507
166096
126615
124269
70108
57793
141627
62287
143249
107620
93791
100780
11137
85214
38796
80724
72794
78609
166262
74229
102738
141271
128490
150171
184566
153839
154288
150648
145771
185865
73742
3153
198394
170469
46525
80494
126683
26209
112206
84169
144356
47099
156085
105607
172970
47900
33075
11587
179836
98378
41330
195087
192941
161450
26771
188816
185562
199099
134131
186470
90230
78928
170493
157050
89198
114618
91704
132549
179246
13306
13762
11150
11681
127543
52921
84765
35931
26969
68783
12207
144916
32795
112056
63890
191958
32967
187612
34039
143088
23208
73703
177087
74780
56969
138292
93821
21777
15605
7370
44951
50716
14115
60004
188133
184814
28147
90200
167282
24826
97994
79765
5447
26048
18810
84669
133512
45459
78109
153583
14202
16672
66733
76135
101478
144460
68412
174968
156129
83102
79373
190415
129468
186699
170837
86799
95596
22827
72596
6328
179164
91207
57504
85346
37150
78411
151139
120769
178784
3267
104288
28021
56133
30406
184152
117924
143628
91721
51574
166745
124116
185812
1583
102262
91116
59123
170257
115364
160991
127053
149971
159070
68693
142583
192621
29048
163367
175240
71774
12808
53180
176054
56080
182854
96261
98555
99636
199641
190022
25877
185734
70128
60274
183240
128598
41073
144621
145856
133679
168937
41365
145131
133809
67410
110310
192319
199275
45325
173457
153988
9034
90120
177309
6889
1525
70838
77035
67718
75692
107028
41120
72257
129860
86293
92054
88467
57691
69615
133767
46734
198275
28538
92103
105057
138893
34738
160145
111457
81958
54089
33139
83388
132719
46200
61456
99849
110789
44133
15369
135642
165341
121911
12462
131837
12587
99216
63571
53695
26162
72548
94676
87275
144546
177130
187814
154527
104920
95047
134192
37323
928
147535
153770
90194
5346
195302
13398
158383
74041
178111
93927
63171
36407
134847
155045
185143
32153
23782
136292
82286
173900
20629
191221
11422
114283
96058
73395
135511
136002
194968
154642
150116
181633
22456
44422
76087
114653
50714
178689
53317
166434
126048
177007
96233
117258
54851
129508
5536
162168
38708
196
117021
15490
160060
69988
113795
133832
17041
54590
72471
146623
7139
178697
119630
152560
133594
173556
5860
28185
37710
141961
183984
32737
2031
75650
155926
42934
25564
126649
156249
114292
170094
17715
163743
47560
69018
136270
180032
110171
134407
100634
60692
62657
31599
64741
84827
126139
34331
18430
47672
122813
31637
137952
66000
137812
17264
70085
144129
166773
18775
127520
30822
185953
166658
172867
99647
64626
54567
151206
71679
36479
27396
88557
106225
170345
125047
23518
154209
158209
183126
139888
61271
173338
98513
183243
121772
47534
190868
132639
167312
145110
36466
20661
198788
116290
148432
85226
119615
139926
192934
19227
183841
24151
117688
123668
81099
46214
16233
164723
53562
142092
197241
61613
85830
162126
45560
151526
111738
71192
44744
162843
186778
40574
26474
75072
59104
92471
96477
24340
170788
110663
47029
82890
147586
155143
9925
108977
114594
135822
152003
156517
81039
138737
67314
141726
107649
22977
155769
189593
51282
137993
23869
144926
82802
120065
178055
177628
173615
186648
81854
191183
171784
179666
129705
180184
75952
111067
86672
116662
97006
26062
140724
10092
65007
152261
74896
152484
54395
39252
59833
97074
193720
100991
74618
184164
197572
60913
41451
167881
134441
81848
61081
17023
57640
12018
86011
126684
125328
156297
72455
85639
141198
121482
141435
145820
155898
138050
92683
101429
107745
18891
67651
117261
82066
100756
139505
150234
82649
35769
189988
37738
184796
11654
115268
59827
33425
151119
89022
182122
27358
33710
65212
47304
114464
108807
5917
124250
75696
169826
172916
50653
6545
186672
14292
17970
93166
53422
70782
182435
192150
143809
21949
179920
191504
27842
72248
6273
78264
42546
152278
109718
29055
91888
192093
136088
165021
146086
127141
58074
144809
187281
149732
190499
170161
98099
82201
173115
145279
51531
112260
132696
27384
166967
164751
131117
28109
154620
194178
47864
62827
33282
171267
66706
195325
88164
1313
181093
138488
84347
109682
1580
169095
43438
21389
85989
195759
32922
144486
126970
43746
148768
185584
187302
93127
140731
192739
81733
109370
153031
82055
80761
115732
100090
32425
171353
27572
126591
151530
157469
19522
116147
31354
122646
126403
49445
156582
86999
80503
174808
119879
81534
24365
45276
57735
73424
84888
135366
53737
58356
59247
38981
122914
114475
138280
111296
153268
104943
93778
113073
44741
15921
182041
119953
82912
24045
42551
7610
17592
75410
92488
184706
15293
136791
26553
19094
13518
122055
113037
4687
25224
161179
36378
66681
131496
172968
41892
13830
82131
14107
125141
123233
140388
117473
21705
198331
164491
171667
169326
178643
3969
123069
194105
133511
184696
160027
133533
124873
144757
118922
45897
52643
72792
192844
157479
36157
121292
134337
62049
84563
94287
61067
54855
180047
165709
92920
33125
122728
72451
186097
177960
26645
86514
162821
121680
9223
115574
148269
3013
173014
112530
154952
136790
14581
139928
173041
137577
190770
102317
109984
103634
12441
140260
2032
148451
91127
9074
129364
106411
18037
22166
164510
40990
5815
72087
173072
39687
80710
143215
151708
168171
179481
20781
75402
88681
23792
92539
108034
196170
133219
75292
71375
167541
165452
156798
53781
117295
108005
97903
163252
179248
129345
36367
25847
34327
123494
68777
110184
193375
152766
33334
149301
60944
854
133614
193012
119016
133236
161166
163040
131087
22321
132356
176342
57955
15672
99489
155272
160138
146574
109005
56572
117077
33292
182839
66872
24751
71827
80848
28610
20557
162166
112609
20893
5272
167310
91295
124533
39225
97153
47447
120556
185147
117573
170868
168293
103338
92660
190440
158322
156452
17381
159657
41438
167567
144631
140745
139268
114334
30191
104705
175451
120579
96853
87291
15424
92093
74269
88318
73163
144878
171814
162865
117704
24648
47732
37370
29976
44640
49208
75704
78295
188620
169493
175388
17622
68010
517
60921
42894
27344
183666
196925
68933
192932
47975
165500
126581
104451
92830
37316
126574
103657
120146
183021
153209
155548
180014
197380
118222
27439
40441
188098
19664
27410
181965
105331
74016
157026
20964
64310
14348
52226
92030
105386
34364
78041
123474
101994
192300
154366
126659
183175
171215
71321
189291
47739
176768
83358
121839
35385
83962
110619
109448
121103
133936
129166
114814
186421
90389
198403
39096
34794
63297
47144
16119
169611
143588
20413
186748
58380
175417
79158
7273
139909
12128
85069
175339
122614
28620
30681
152799
185099
95155
145222
115230
177869
111878
182116
150731
63253
24640
17400
38647
3995
23002
42779
157993
121152
97122
10086
157605
32804
188616
96162
136380
10391
17229
51742
129746
7252
48407
98200
97381
3704
47488
117547
149341
172456
87626
109568
171347
40415
73979
144396
142631
51267
149363
162033
167324
28437
157770
52003
73095
38958
184157
123914
183850
2863
128452
32674
121633
152918
94715
45596
123208
130580
78673
90268
97543
44024
195462
148498
64845
75807
69967
5449
179290
77561
24585
20474
40080
32492
72856
78043
34246
71444
190305
134369
108696
134943
15273
96973
179522
135989
141422
25895
54444
64832
57466
164485
158895
85150
199585
71254
15940
182659
128937
121341
49649
51326
35331
166939
69747
157669
63555
151428
7381
152611
156601
104980
83424
168961
64611
33163
34552
3595
49290
136001
34742
191751
82048
137288
163642
105872
72769
154129
82654
6504
81145
111432
69023
156179
119357
99185
155596
64609
197260
142505
13773
163894
68235
184883
19952
154544
199109
129640
128345
42922
5494
3480
66931
196457
158931
134229
133305
191105
96643
56844
128493
198305
192050
165708
146119
102612
149935
113249
111392
171894
183377
50234
91034
46128
191196
33505
151677
178033
115547
185822
4716
71954
104922
17699
199865
151688
177179
180666
122534
154560
20214
39627
49284
164020
93678
73460
144862
111433
178922
29050
112846
101914
60248
4973
45048
142790
89869
93828
191712
179345
195344
169653
110374
161768
151203
141401
83903
129959
170780
116702
127214
19167
22167
161751
57694
96198
105671
82446
59443
113811
102990
75671
106621
199178
168909
44806
176814
5579
12248
152327
46392
94515
105478
62051
101777
42975
149701
73211
135535
136999
155418
38909
66119
164432
5693
138127
148261
49321
122433
11409
103136
68889
89377
156678
151439
7730
85340
126828
3526
155212
117205
159178
97335
47774
53928
139230
23150
5973
32792
4568
111110
189436
7099
69182
33111
197363
110615
140923
33755
32179
27727
190444
15289
177585
129540
98388
118346
53842
103998
139125
199907
148490
111741
5416
194828
128864
151266
135345
158776
187916
158190
107473
167479
67098
99582
115722
8106
57696
147179
167627
7373
92243
141501
46890
149414
92316
46157
85751
18364
3606
138517
81442
50708
20049
131592
70962
138541
64438
12870
64369
11143
95875
98004
13242
167570
6682
122962
89684
171460
133073
173103
17490
17750
64551
110655
169595
12376
199456
96340
20117
71636
10023
153380
164327
38308
158073
131375
197934
130563
8540
75035
69344
166112
175113
48289
192658
27154
922
59334
126879
18903
143677
44423
49499
184130
153099
185874
25296
12787
34914
189563
196521
186458
165908
81057
134274
176071
112805
101957
38349
190365
69895
51307
13777
29421
124261
130011
104212
174927
88205
23364
58298
123192
54685
17337
129988
36041
55892
26940
26384
48724
46114
3276
19729
160704
190089
196281
102718
192140
173612
106014
136462
183494
197806
128465
11165
114605
117933
173140
181563
25065
16163
192797
139301
117503
6639
125704
93774
2143
193468
6159
175985
152500
52038
198565
109912
133253
150527
100321
78909
89645
72337
7743
120168
935
83072
86673
195920
160940
137652
71897
100920
138845
6602
178244
81335
72544
46301
180133
168069
196470
86662
148413
98284
15857
16979
13847
58589
181895
56247
113656
43976
49027
133528
183064
40793
45849
38985
196283
193580
34646
39159
134051
125701
108618
51310
19421
148642
100441
52067
74656
143936
117549
195413
166995
19230
145814
53819
143158
166335
97925
166338
194356
96704
91944
60347
133732
3986
138699
89295
181145
154219
70414
145197
181018
188178
19066
97198
195852
152194
122477
155993
75143
106715
13366
89918
177206
137260
131465
97107
6409
175310
9475
89557
150996
10619
25957
62096
141980
70902
77323
32827
125908
140272
188396
57127
47124
13
90746
153283
104541
78983
172984
57067
170854
53965
131358
44687
117156
147591
14454
179307
131759
81180
40245
194082
6594
111438
79498
106286
11159
45823
155466
136222
101912
179983
90024
18004
25933
171973
69837
126922
130394
20678
135578
167725
40677
151101
168053
37493
102297
144612
2112
25293
35910
170639
21068
63051
727
81903
142213
29189
101138
100343
99166
138922
153581
86534
107173
44142
150836
52744
34301
17458
73337
179081
199917
97311
42119
23215
62705
14544
6088
46802
119533
92569
13299
100064
75473
13258
70033
146564
121242
89691
196178
58609
48509
144172
38344
16755
145326
16792
195840
101011
49514
179447
92449
71816
60401
85156
39016
157698
140823
123957
135477
118523
157662
87525
103007
187443
68331
186805
158677
183452
143493
140664
96303
169136
153653
177277
195236
23308
84097
106441
192780
7175
91663
61437
81737
46956
164136
4920
45226
180505
73108
65650
115850
80559
140957
122053
176485
90579
64571
121708
29175
111816
131690
13987
28800
70298
163003
11626
148751
199864
86957
84163
108675
85281
123252
182716
162090
139999
125367
152236
65237
98386
84930
94783
116122
185620
100061
51681
88640
65459
35853
134280
10418
13262
162718
181413
45997
189842
19347
197323
180789
152525
42736
65658
32137
181573
107550
2934
24521
79318
183278
81135
144285
15205
55013
111333
96085
118291
54792
108614
147448
199601
22611
53197
142564
156782
2291
122814
28755
44941
168346
7595
196569
42479
59272
183391
74408
23992
134570
138704
82768
181403
97207
114468
92741
31215
104096
157297
16145
67798
46903
177774
190866
35367
125665
97521
159441
125014
39918
17546
89402
171260
28008
162151
48111
117000
26246
82397
192479
125371
76629
121092
170526
113923
42018
106707
157943
50431
85872
51543
78205
125321
104287
57608
183946
150567
89973
44979
190220
4641
198353
156522
190167
81329
33397
69313
128008
130135
8748
72456
172141
173570
12304
9986
126022
115169
60462
125307
30535
176703
75422
129933
167080
80967
64286
150411
110477
62902
159358
63453
125457
128166
96633
54564
45140
46344
196179
193753
24803
113321
110176
1019
119538
136092
43418
73380
69367
175775
166751
181693
196682
187995
144236
129168
38312
21591
89984
84317
161352
196589
66117
179365
5269
80989
100963
172874
76201
199766
51959
164731
174338
191686
157454
121486
97843
89515
175702
120377
33080
169625
198373
159121
124313
57759
158381
70810
69345
27789
79921
8017
29850
114300
163075
134278
37290
43961
58913
37915
186327
50471
150548
176777
178131
69863
41553
80741
183292
70895
156106
184910
117220
5714
153574
184885
161880
166127
162779
157714
90939
121191
189333
119031
29764
73836
156813
81516
1511
126207
120001
1025
199620
131585
15919
116116
131701
117637
120469
54046
171669
87411
88107
190830
67254
112342
74220
194018
178443
127017
178234
80260
183058
12474
65028
52753
113231
25744
149079
131926
194742
132093
48405
156475
153089
181408
172248
50614
49373
78559
59867
102800
22605
168959
128312
197107
74843
85115
10223
198414
145815
4941
5026
1779
159998
158344
38866
82670
57345
103152
188566
95940
167456
186379
26721
67910
19801
789
134417
66162
112785
11564
183842
106835
59131
15972
66588
173811
59197
186678
72662
187836
187897
79575
114373
4184
15046
135231
117864
38441
61533
140299
127599
120430
6991
11412
142759
125088
23154
93050
122012
16328
135468
60426
162197
123488
1617
63211
174922
174697
182221
23439
20362
163312
99208
56045
89080
20612
116298
25600
49817
89835
39874
98521
173405
97155
198576
173517
134636
113537
120520
28246
137630
140421
163395
53932
71590
33311
23715
37259
8466
62358
65585
134886
6573
16506
21260
199577
169899
72723
107049
84931
168894
111989
19792
176723
180322
109385
156038
106805
199613
17864
52599
72607
118621
106978
156486
152832
48586
39138
139573
86527
11659
165996
158924
191836
150221
72029
65257
80875
66743
23019
32259
28142
2836
45741
6943
187909
97579
147912
164102
54826
20356
28057
150029
39400
178226
154555
53062
32999
195008
68317
192108
142533
170702
118370
79547
138863
57450
7103
88469
154714
20794
26149
138045
90883
32105
24628
194492
55984
62900
77048
12884
195854
197882
19059
108443
39952
113367
117552
52256
142823
103271
25217
134404
10320
31140
137889
167457
168152
81662
58489
199373
146878
137809
95313
42429
94312
20333
63639
72693
193258
95416
171609
57701
68665
67209
70238
47709
121756
2800
57718
189948
153964
42611
18882
39347
85025
1965
144390
52063
12611
47619
140618
85280
843
87533
79865
28529
112689
174954
21418
165900
91072
40179
138364
176008
150187
129593
106354
155021
110783
198791
66315
157575
17272
173187
144360
35478
126943
525
93245
71041
34702
126736
159903
141764
164046
29133
83684
192478
152071
163979
49356
38210
13079
39866
79619
15473
13445
34302
195701
28105
56938
85675
52460
97584
138579
67014
32472
172117
52024
182169
38789
155258
151616
33223
123008
130003
85134
45678
40685
98807
37294
102535
40628
124110
146942
7599
43141
163684
14171
186378
152098
89647
48945
8656
105173
195723
131511
185437
96068
173710
38973
26998
150125
133922
160558
137689
141055
635
72453
70512
174018
166918
76599
180758
59626
12285
92501
182989
197034
9832
50680
58338
117696
24946
59722
73187
91835
121918
196562
142312
171942
151560
125486
17037
126699
179251
59648
90126
179056
149197
171763
79984
108710
2013
116227
192042
125033
199692
36321
124507
5575
24663
50638
159426
173033
175933
78878
181557
162866
86284
11526
186558
135056
7702
90429
56673
75933
33308
26512
109983
111046
18943
39586
166554
157657
118216
29480
130827
93020
131740
188583
89097
26200
45223
164856
165645
2808
37961
154680
141859
100852
192719
82711
105357
17568
195620
194366
47240
19018
88866
38394
46177
142561
197860
106734
125331
73943
141492
103527
105553
139733
177826
181262
193864
114291
34424
184940
19850
192751
79814
127098
193953
190343
69246
56658
125015
195649
116908
115270
31840
129928
69926
147850
129729
92100
43456
126894
75119
76804
34259
26610
91896
125362
157813
7144
79275
143771
24281
671
194496
6930
186091
51520
65836
68094
32465
93549
29661
78691
9934
170198
43335
30702
51055
41380
7526
109210
76696
187228
113866
50948
36417
53212
163119
197074
21349
166386
110591
56668
94326
101602
9211
10564
83113
63104
168876
138048
177259
28132
63961
68451
129559
129817
19762
12708
18376
110391
67572
75450
43108
162218
114284
149601
126386
38204
194407
3378
140547
42111
68898
95752
8319
43510
138830
141570
30667
103785
1665
44008
177138
158360
2541
8879
196297
33483
60650
145782
58547
1789
10388
6768
49148
104573
73227
126508
64155
83887
75980
70071
104733
41027
91277
105819
5793
80030
144611
100382
3829
107297
106244
133986
157683
12085
68238
46969
99143
100569
145833
22790
197948
123106
18471
174101
136752
85745
146200
43212
136174
143542
163140
88680
78809
15544
189953
128246
127675
84844
6629
88383
39172
54367
195280
23949
105240
32134
122960
45906
67597
195783
142048
104474
1448
60229
155213
124191
55858
92353
137908
110137
92934
47909
17412
83403
156081
168927
156470
92240
130133
138039
96028
183986
197728
106497
21823
149251
145330
182308
140198
14388
25203
28013
119345
148035
198264
20907
181769
41285
131754
194137
162514
82704
764
185778
70787
138369
136619
154399
100242
106403
42684
131219
173230
21975
189620
162849
21836
185768
178276
182668
63181
138265
115785
10121
184927
49868
10421
7497
130522
22994
111727
65967
81822
71408
171805
124088
38410
182063
45342
81104
141338
73623
107211
178990
66100
90779
47937
85587
122656
142713
181729
173081
6814
8386
134043
82317
93535
129720
103584
27600
40581
13723
36476
55704
143299
59220
112028
19385
72409
153159
114600
70681
42460
198785
13895
117433
181813
194404
96699
95538
65356
145567
75814
120684
185836
95851
109661
77632
8012
109855
197431
43247
173706
142041
85380
31041
50795
181601
63358
162530
150059
1069
162999
128164
105053
156994
102109
117166
84126
177190
128365
174265
35628
82808
105522
110604
195264
7683
155845
149737
72645
129093
65417
107691
51494
39848
76625
87849
127127
64964
82405
126271
156402
17401
66243
123545
109559
135942
40468
170372
161694
44590
105633
53678
99220
192468
111150
31940
75452
191457
151572
108904
175261
97743
137201
114894
53693
28255
79521
197180
25219
26169
89447
63261
88586
115500
85205
12517
144668
56309
98407
175431
1889
45730
86582
42690
11271
119145
138867
84318
140592
132240
28244
145550
45682
33517
126746
39738
162244
50670
111976
106560
165430
33847
47344
144871
80666
74971
107404
199593
65378
72317
29742
159393
101189
131372
95766
154626
165725
78960
41053
87436
194447
140138
117881
188056
45022
97689
190500
81221
54796
185906
106426
41259
90138
155000
115726
175805
155048
178647
134597
97203
108222
117122
13960
195279
5291
129194
50380
48121
182606
42620
120467
8428
7700
182382
90650
176517
71606
195812
144986
177915
158486
20752
161673
134094
64816
151926
5962
184103
72675
94599
163999
96017
153272
26335
119445
54318
72629
142615
2556
104959
157967
31234
143395
55275
133875
63485
82992
14920
125428
41323
108624
187396
45204
45877
25408
130996
15320
90818
112012
70860
134375
7063
192447
42787
98508
18193
196079
51102
174509
10254
111001
100032
103784
135559
82712
142155
2002
87007
85940
149902
188703
195104
132377
154075
99175
27225
14300
96304
191024
4709
60183
105314
119037
45530
166315
4429
188697
113430
39467
167997
54339
59753
148007
148075
181409
113472
46141
87585
116324
104302
184892
68539
102597
128073
83500
44964
10640
29874
41063
123326
37090
156222
128202
69281
100997
62727
108189
167296
7097
24279
15262
163529
148532
187268
172816
122754
171395
117913
179171
11524
46171
30161
79929
148499
197562
180187
27271
138153
197642
157940
72938
102553
18297
103220
12912
65806
54307
98116
159423
192049
8814
48333
82017
56423
66287
28578
56989
33015
119186
36480
183700
88718
194418
33687
69956
119567
10334
18752
825
184977
134408
61877
51404
180258
128482
47146
7495
166005
167034
149265
185997
162939
183805
187104
33378
190788
104560
88795
113253
176898
136575
197141
196875
34379
103568
1952
133348
19057
73457
106348
80143
86471
94677
41581
34541
131760
6845
85996
24643
136409
16679
174505
16326
146284
53850
86177
170351
3895
179267
34944
130102
159584
26933
189212
156534
61179
108739
108568
90466
29559
116329
194929
35410
198752
62448
39732
82142
93688
33742
18505
69421
189121
131480
1078
101758
119550
117776
180787
150950
185826
58145
60366
86792
174343
97762
155006
32935
155636
63664
104889
188527
189169
187851
100872
18305
21814
157181
23001
90167
94214
41015
19032
188515
117085
9261
85355
161263
144934
4016
114883
157691
196548
38437
151936
6901
32850
4127
67694
109279
103373
198694
126784
19288
145019
184519
22683
19165
157799
199486
52115
131868
75205
121224
83002
109047
92255
32734
124949
45517
123613
129796
186907
133154
67796
170996
145617
190995
129044
150825
49266
27658
112150
100195
182303
116181
134226
191006
86692
69543
196155
130857
123280
169301
43841
153985
186247
40651
100475
128568
15523
120511
87817
125588
101940
138049
70206
29808
149010
118607
101233
48885
95661
180015
121915
69893
125199
147351
100740
82088
104134
87804
169939
135971
181470
146056
34938
33113
47285
85292
142613
78997
71098
21038
4465
127413
77768
92253
111268
172605
66735
160904
76061
31966
96222
49177
192205
79006
176713
141768
14701
5218
96747
116261
43311
114410
26194
97838
37186
72151
158844
6910
176537
76282
23781
69757
193970
29587
126286
29845
43087
120010
98716
134611
145138
28154
21275
137997
144467
32771
117069
187434
105569
190629
53206
42721
149996
175376
86097
28297
109989
126444
130729
169252
172176
57746
182953
85183
83475
168533
52441
65431
103870
35031
124925
41935
162338
23193
4783
40069
101503
59555
164879
46189
73946
5371
99517
102792
10933
51824
45588
143486
171571
90036
398
178613
146603
101681
129825
71988
102255
51555
152253
136706
1669
3930
158208
18044
73212
55597
17323
170403
129679
155331
199
53150
182877
27870
96728
198896
191133
117973
24168
97653
110443
7319
120174
45020
33167
123061
99361
3454
76453
68803
47582
45789
105350
31835
168463
191489
41356
19985
180580
46458
115867
89017
122823
47315
183605
172688
170491
179975
105729
192948
156329
3898
94080
165517
199764
49929
193554
196809
198968
109119
115611
152797
193907
76871
38224
76565
180321
104407
145307
152325
169719
74279
198015
191157
157019
73530
61546
162299
42303
102160
159756
43516
139360
92888
152514
66006
53576
20168
31844
4007
94347
183958
72177
692
149634
198336
199130
41725
13748
12555
63374
89742
88162
168636
29008
106021
89978
55444
52026
188989
132376
143424
164285
13335
91423
134327
90610
79776
89091
60286
90343
189154
14104
12021
136165
53369
91553
58098
169753
60363
141630
85228
114614
73253
31329
4170
100412
122058
147651
195864
59924
140498
75444
190420
142893
97774
162257
124904
44909
54344
16973
86655
183732
62109
193979
183602
145799
60119
155557
57044
121438
176662
172926
164270
41855
180947
28344
17807
98761
110981
37693
127105
40068
89164
67260
125673
74126
104459
27942
152187
100373
170052
132558
49910
29762
145529
142591
124097
93176
180945
64905
34525
13284
43028
34234
26678
148069
183010
67623
82211
20223
75926
128656
187043
88466
193802
97067
77243
155450
114947
155054
157741
187564
91007
143905
165417
128147
40652
170494
140599
172302
32735
38016
104674
24865
79058
159402
120155
156981
134718
55058
29371
70131
138793
137690
128670
134674
158406
54823
177101
109103
27745
169090
80244
51336
194383
70189
155552
163127
28171
119509
149944
77567
125478
118227
157484
37607
144110
108305
121089
13800
197979
56875
42474
52105
42797
181572
74091
176917
119575
116804
32294
163486
76576
108888
44120
88074
153305
170177
196382
193062
67663
128546
19013
119108
122135
68657
179047
79075
198304
193651
72700
122341
81962
2584
90906
136027
169350
136319
74826
85211
164030
74146
124598
69215
146592
145588
159381
168198
195575
181947
51912
171426
129198
99542
124733
118461
32066
12384
82762
6609
30709
94678
152339
162482
97577
112904
68004
48948
133742
182019
105695
108525
152830
73204
51066
126395
156847
130081
165003
59329
117182
40880
109252
168855
168940
3934
83188
172344
92489
98476
175717
18932
11878
126898
196512
149563
191538
93181
90010
89219
62226
162737
135667
156854
84459
161082
76458
111380
1248
97800
181513
143269
191169
198162
94300
168981
182999
105218
133359
56928
101041
145788
154795
154601
150607
71053
190336
44561
38114
66642
176525
119333
133650
198575
144971
196051
173837
184869
124881
31171
96376
74062
51716
13320
33034
149789
177354
22645
52491
54152
168205
30187
76834
63377
151798
119731
125439
159190
133472
15181
197395
22000
150641
199263
142622
112717
198607
15993
42296
47549
28707
111101
134475
137452
73134
161878
85377
98215
92403
134196
129955
194124
154261
121473
79023
123979
127287
32110
85786
89094
109764
120370
160301
47464
73622
16213
54445
188205
86788
134201
106394
162887
152576
108276
111787
174085
124534
58809
75186
26735
113698
76228
38382
108294
15868
80876
188325
37999
46729
177882
72732
183873
1056
32514
65050
180627
105433
85404
173018
132384
104488
151649
40295
31356
112661
16278
60167
111042
58719
51763
30263
112483
85173
10057
63887
42660
39383
117074
132949
33522
101401
87161
84755
34785
61618
136383
109364
96332
102986
126213
107858
76770
69271
8372
94442
12082
26345
141549
81799
70850
82545
64517
3767
83825
75297
132051
114693
41458
84402
86685
92871
14479
111545
7336
159089
156483
34875
44603
157819
74732
193668
34171
111624
14711
123902
157020
83466
63710
168540
62453
193449
4796
11666
32421
169867
15075
33627
47802
15052
136348
130647
30663
89828
24649
59557
178882
20293
142921
62699
167143
162352
113398
20807
53217
42298
77523
196607
67987
130706
60752
18814
95367
80468
14043
187766
114260
10498
95595
7672
48146
53862
114662
52742
177663
73998
138382
134177
29590
108610
93206
63109
196154
62440
164920
191191
91284
87878
187355
196590
130956
104242
62626
91265
40381
129768
142336
36859
81641
6880
20656
196372
145590
54560
118915
63103
199053
145549
793
46536
150949
82433
194257
159407
85318
423
45093
128825
5646
40994
50744
15350
171320
156609
123700
136022
69069
9698
107303
81650
144120
13017
19658
109652
35603
6196
108606
54075
163432
22157
145675
1510
178183
47111
47200
193839
49019
99378
158012
167077
148220
26936
92062
150820
83980
51257
55538
36278
77915
134821
4689
167308
46044
9643
155531
40555
90077
154202
5343
135558
92485
125775
4454
92102
89649
71378
173175
133040
98894
141426
55820
7060
45950
184456
114599
88198
112495
15927
37146
78741
148832
189483
23027
45605
7094
199387
104678
7510
154271
187187
2776
193648
72167
44345
32324
14826
21381
117436
133332
72228
77166
54312
2597
56519
93018
414
109315
87268
106116
199326
38685
114069
179776
72982
93242
190087
156713
139798
104021
144282
123823
53067
110923
2358
5151
107437
8059
156726
60482
42701
193114
157450
95631
148000
138103
43498
56747
123332
61103
116268
17260
190379
133823
197416
7537
33809
146112
135265
143765
84147
39008
172323
95272
58201
177328
122418
81129
84963
109423
37362
39798
122613
39235
179767
185682
166272
138892
52738
16042
63277
115252
181105
174026
38368
108426
171448
130309
15684
185417
26997
114114
40316
140076
124859
42525
32650
122517
94935
72328
198435
144850
17455
125369
145261
19624
147389
112224
146789
164416
20207
100394
108556
173771
5833
21587
108169
40738
106081
83889
180847
44013
8520
101075
28934
30857
11785
124978
141047
118336
26650
42541
122932
15239
48981
7994
22670
166079
123553
96285
62403
118824
141564
35559
58664
167115
19656
13872
157133
183178
31425
53595
197709
188182
94380
624
149061
71176
47563
54442
71495
168582
33882
20301
7574
39942
7443
149924
66322
79639
62018
43198
98498
126730
157228
104334
188157
103351
91031
194780
85481
145633
173545
14506
171136
21444
143966
168017
131053
98612
75829
154105
180659
150750
135469
136190
97571
125158
130574
191567
25695
74877
172635
78037
114864
164710
128983
181323
52571
13927
187933
43984
171706
97474
108891
156371
145846
126925
9474
3485
184949
156839
188859
75185
115124
198542
143506
2148
7761
128734
99885
104811
72819
196993
127032
110943
168154
2716
9763
40205
193058
100154
54751
66470
192207
151272
196872
102561
123987
20631
163180
69237
151761
130743
105052
73658
89589
185028
36028
184520
13361
138083
142025
40538
46407
88788
4149
144814
34834
185116
17466
12290
187342
194771
28269
53386
81975
58065
179410
171916
109350
5798
79507
83270
95904
180667
110029
47962
6974
76882
147305
78506
83653
638
2073
29638
121392
121297
122485
179575
166681
68864
38691
158905
196279
20367
100604
7770
101858
165075
112871
149721
28256
31833
51744
109580
124805
171515
164253
187153
186882
152868
84492
60242
135213
183367
31321
142389
80380
155469
64536
73028
135050
116607
77332
59873
151242
121476
39716
177770
63540
199841
161185
32365
9815
26311
153743
128693
63222
50328
181364
106571
16823
124840
50308
78428
159478
86322
98021
165402
162188
67700
26596
152399
157332
37559
120617
58335
189624
139372
118362
32423
31604
173707
150128
97614
81190
123027
32508
172829
65818
121895
99842
138274
141535
29251
130628
184851
115904
36129
93184
170492
8043
88921
59653
184184
38709
194255
115074
48242
187966
77124
54919
78159
144052
87062
2117
80641
154403
153149
122881
84624
127027
76321
10284
122216
183312
52458
128600
32603
29240
143534
12092
52775
83615
81738
131489
101057
74459
169504
62015
8073
84798
115233
5087
39795
124651
90263
142652
153579
60674
44944
192234
111481
31020
143128
62858
150612
166889
180478
76532
36301
27184
40941
34339
149712
110717
42635
185543
192081
190075
46389
69244
155618
1681
60085
21517
82285
11364
83635
75377
132634
17109
178558
100824
19685
32951
36042
139080
62422
128798
92269
164381
184693
171349
36650
124930
12541
17580
64201
72957
98791
38738
39447
21871
38351
175462
107602
70068
176790
67973
14648
102993
126062
80887
160177
63150
75894
62482
98844
35694
173040
9668
75387
61457
181852
186058
118863
116044
31224
21031
56847
187464
46870
135970
173224
52743
44911
142214
75873
85092
190191
164245
153689
116799
47933
135609
18998
7917
35255
155098
134954
138849
185539
102501
7639
82432
14393
61099
192998
76019
36
59016
181750
119794
121005
111801
16077
68720
24613
128231
126113
20406
855
164709
68504
117435
8335
3400
34973
163802
153418
5372
125249
80483
75393
3514
3830
11845
134519
12841
185280
5978
56885
136700
34170
146181
18142
104818
103150
186054
10191
34956
178342
55746
177221
148948
62576
60419
40003
118097
142750
190242
59440
67631
87972
7658
176788
93198
148554
137098
65955
185495
22487
29123
110013
155560
51789
77733
14614
111317
18990
23535
42482
11344
16231
155266
156540
165136
179053
48744
165780
84309
132954
112524
106556
19803
36007
88648
61101
188170
174234
16390
178936
170987
92554
179165
109075
155223
39524
31921
115592
129897
103352
55148
115064
106246
45352
41824
29811
179343
62776
151145
34030
71448
12359
21229
175073
168598
8105
56569
68372
69510
199107
121493
95760
103844
151796
1302
41998
163297
187498
103296
185726
162979
97483
39188
27199
115239
56644
99635
183482
150247
140035
30125
38444
86551
21886
168445
25519
136290
87991
170304
64930
153475
143865
107780
23112
90931
39785
150062
117941
107737
53520
8210
16777
10935
14376
128316
77924
106208
177333
32551
180018
23490
32249
17581
80768
65626
36800
61548
36931
47981
105266
136588
50924
39781
124035
27801
138269
161445
171650
32436
918
98232
8238
133027
72234
140203
85579
24667
60184
158205
45002
18848
25058
63432
190
176386
86512
149066
135917
59302
189357
122468
105132
57859
12305
87394
170981
153790
164088
123656
33615
26859
104034
23432
90401
70215
91999
178722
104016
172810
102668
165799
118322
160073
91983
19718
100989
7234
100776
185659
59988
37057
84115
179325
7995
80182
187997
13246
89452
70067
80358
3592
85317
92809
79007
43112
28410
175190
125192
11956
46227
783
56368
179434
99079
174936
101033
152009
123741
86603
123748
179829
103166
115783
134914
117042
101784
38455
191909
79008
173357
173684
42281
129092
75963
119912
180955
157460
27701
138784
116162
116077
114052
70036
96010
308
153010
107653
126976
74446
84729
199330
29571
164259
10249
87631
33613
68071
125140
187750
71942
193278
54199
82404
163470
199563
31969
30568
73371
128610
5582
198354
174379
84773
159296
194983
115498
113584
3468
189897
185858
111313
121276
22824
56197
107322
97610
124118
98467
189035
195172
130575
132894
62622
1879
133713
50321
107712
164498
159019
8275
58925
51979
77932
180438
185460
105667
28668
79048
168660
44089
160674
158004
135398
129294
102730
94940
164605
150713
82035
86318
42328
114020
125154
158789
18760
105846
118188
106147
168896
145373
22008
123887
63278
134132
130723
44622
49164
51352
165389
127545
17179
32146
156003
162885
187878
180904
63923
11678
125446
149590
73794
185908
189343
43310
95599
85918
124081
19179
2024
38641
13807
28138
174526
163073
117897
191587
174611
144756
170258
166104
156074
160706
154034
62568
122930
57586
194601
41580
195348
191483
72617
136221
112098
66426
147215
130636
176636
159642
96315
84038
107378
158130
176159
12161
102447
118130
151013
95063
141959
164712
59603
39976
175178
103305
91645
21040
84691
13965
64685
189526
74015
101226
54607
32057
186901
52270
159987
7708
64005
24145
3145
34069
133068
142220
177385
150966
47615
137273
190802
12877
102944
178545
105394
39117
42305
68585
161573
157293
12349
50016
160855
183785
21505
186161
75966
183740
24173
97465
128661
63036
184429
168440
132224
62551
176666
30679
33770
180946
114416
35692
70572
92256
78814
87649
164402
179109
66978
1795
151756
87815
191086
189615
177511
77526
53324
137116
132323
14633
68147
62420
169647
31886
51777
87197
4951
188686
78416
88045
6957
188867
168102
26676
9708
143655
120235
3006
193339
186740
182824
91994
160225
135669
37433
47496
91302
97189
116501
116060
114731
172493
188357
114148
100008
81542
20516
53269
111763
180033
35723
111056
62543
160612
29820
16178
98851
182583
155929
59942
109595
168515
187503
60290
42957
148953
133943
136275
61579
60737
170370
38568
57294
42899
183579
20045
108938
61863
165123
118091
38716
59038
139960
83676
140600
67084
81434
28480
36578
121635
190286
57150
42484
95088
157803
71097
25490
199027
69417
182205
2203
140188
100182
169682
60525
180684
30140
64874
106988
28092
83183
26910
199436
63749
91342
160937
7478
8924
157753
24718
138780
45027
25286
190821
86469
111421
12685
172734
85840
28585
193382
69544
185431
78243
123095
195899
21772
138013
7539
25859
132629
11059
180768
3984
13678
23854
64403
115228
147063
8092
179068
74910
144034
113530
78293
75614
108733
48467
24198
21484
4179
24223
194034
167865
182315
81716
179965
13343
199376
3180
221
158487
73929
35088
10066
196443
169477
191130
111574
48819
157360
35039
105202
13436
87383
59156
85335
62709
23103
9202
130515
104503
105645
11661
161746
76597
175864
82501
2301
72307
71439
4790
101650
17832
118783
72986
53432
14005
65817
27342
44930
115577
125022
8285
88748
145308
21117
141471
117873
56495
170414
111827
135993
176380
86154
71425
69401
76162
74513
109080
130165
197024
196771
173543
160000
65947
92128
10537
68659
192727
65946
110524
120665
76390
100311
175965
28646
159319
166649
149225
22901
130230
127905
61998
164155
82671
105238
6976
176610
73570
122577
7166
102220
61940
9563
11712
119294
38977
176752
110293
67368
95801
151216
84249
20680
104244
39743
76680
198717
38235
160804
197498
59182
183393
114809
37501
7108
112153
154586
164094
135358
154909
17642
67685
179651
47173
121964
154297
168723
144607
22804
62441
126829
24170
124390
199706
143566
44077
98438
197517
27426
49809
183978
175333
11265
135728
188289
84790
118435
66528
104882
140207
177017
90375
160074
122240
142143
135825
93933
35225
132307
63165
68145
19679
158807
7200
72348
158220
184358
90999
151222
85492
110781
115329
86179
174639
70536
163270
102097
23827
117642
11248
70391
77099
182718
20352
65975
86946
159078
14917
1500
194190
76152
90888
57163
125292
11852
99024
166812
98977
122987
11736
137329
85457
131451
150690
198355
7908
96255
41663
50371
196219
22534
69634
26033
42150
170851
149025
111180
116197
119414
106130
111857
11869
45015
175633
109368
45058
26749
89231
23797
46673
170748
31370
30810
69767
149810
109847
31225
184652
68997
197078
97231
16087
85658
132851
68837
37633
33557
165110
168334
36136
110666
193591
63661
199356
184839
177820
82102
150984
49567
186297
39791
40384
1731
102058
93157
146781
24608
22257
109933
79996
164086
36021
62511
22327
155630
79406
179411
76662
27936
175377
113956
104866
148806
4545
187832
6323
8810
176320
82382
12225
142420
115563
103767
66905
128276
85297
106395
5463
123520
191482
78126
44254
164134
136693
194031
144169
75931
64298
141196
40396
65966
14190
14795
10160
32192
57983
179436
153891
580
5502
59005
142681
130697
83486
38156
20878
24421
103565
133973
49041
187884
95981
132439
53680
20021
195434
133903
173085
80640
193461
53199
90863
120850
141520
166539
184450
146147
98775
160925
198274
3935
77418
163562
64662
87332
128079
146671
120047
116346
187081
138137
24419
56902
199962
127342
111197
45955
124155
127463
75636
50605
97016
40814
164523
69758
146452
48929
73896
137179
59199
105681
151159
140800
3724
40253
11029
44202
164526
84988
87
30573
107935
51120
119936
76040
36730
10119
88859
155167
191112
28316
125754
132602
149360
71714
191862
143355
193247
96033
166683
48049
141105
58834
29379
57332
91894
23228
191598
77989
120459
65197
96797
46405
6822
170402
189205
149075
87993
8074
28248
115600
165154
9935
169469
35567
93122
60165
72857
127318
17438
66540
160242
74149
167823
148039
38769
174402
111805
128788
102349
6802
58176
119848
643
188774
9671
146905
29342
123346
124645
66745
128234
198765
46776
114927
61249
173037
43414
138348
156052
194043
78926
153827
94816
48916
169797
51104
97524
35086
114385
42809
103975
20093
120953
26109
19436
187613
6156
146146
6371
62256
17068
45898
119837
105648
126756
80466
190620
193181
46048
140141
34456
107905
49677
151137
153630
62364
61896
153265
117594
57370
95731
22418
87382
21872
93885
48701
176137
92271
183217
128305
44302
179298
161584
150153
114169
65309
190899
174902
177030
23229
33718
135193
99690
184503
151554
47786
45528
163065
196881
36116
148756
141945
53219
72338
183885
42945
110868
94473
180798
162713
154042
35656
196573
10896
178622
34334
22948
55763
113729
177144
127292
19728
197787
175946
192735
191759
192639
61696
46294
106929
44580
144332
115422
14840
193223
123381
28371
96876
14745
77878
83081
161477
27898
198086
65858
12035
115985
71905
60512
92989
159254
168200
7500
33652
39090
82580
139737
87486
49537
57098
6983
13783
51894
133727
6486
80892
919
74567
37698
184138
149345
139090
5086
47844
87313
113908
155917
190896
62570
29667
81344
69430
182172
108507
37484
23790
19978
155658
60320
173783
160542
25876
165614
134234
45719
111141
177881
59256
83940
110265
126744
197833
185593
190052
81735
188158
105417
138927
87064
34892
185498
175932
25144
85071
127100
193641
86332
31295
192312
177886
186931
115688
119528
10993
175316
29043
120714
168138
189572
151704
199219
8943
159397
181410
29294
166234
143894
98795
103288
114086
52896
197541
114424
133295
169419
122601
31187
81783
36203
192755
129427
174386
199056
52668
67745
15065
19959
1419
36055
80069
69680
12034
191036
177719
103717
53035
65594
47243
6212
85158
148136
167784
52861
43951
82287
122776
83292
155394
18259
147033
168428
107652
158693
112327
140855
33635
126360
126563
113533
61418
134451
25568
163374
126094
66807
139759
2794
83741
90666
63010
154266
43689
155003
196500
81458
62579
103032
132986
92682
126916
124224
82064
152225
140851
84215
153782
191407
151278
33596
63881
116211
162634
156443
67413
79043
58779
170274
99866
191706
26894
141097
198833
116179
164354
180035
151170
159059
161531
174617
137187
74734
190732
95620
17800
101029
129497
75336
117883
3124
8838
77825
186416
141819
23109
185061
5455
140561
81599
122273
22727
37147
178707
105635
180895
178243
3852
47241
81782
90722
76897
12944
69411
45482
60042
186015
154383
19283
88422
157288
179370
18379
60943
67895
168063
147756
128789
163184
3519
114149
129868
129828
102679
153972
103367
193442
111516
116621
198900
30253
118262
185764
194189
107992
26655
63775
59785
60670
62700
80934
50183
170970
105907
93746
172599
86948
166910
141573
93583
177577
127953
185765
103015
65094
100511
37236
95784
57079
140374
186317
177982
32640
189066
117687
31333
106538
94296
11217
80220
102531
135424
32349
148639
161162
55125
73073
13505
112664
149270
86248
148822
15128
92711
60928
141300
196465
56578
62089
38176
40395
94078
83548
13547
76127
43208
139038
47514
191960
15081
21944
52848
170230
64941
84269
118173
53628
179961
140043
62392
149685
19387
185869
157441
10738
130884
88440
69663
126074
84351
102690
182325
56138
59301
174681
16062
63910
122545
152803
97144
197441
104969
5365
165954
105094
138510
49065
190626
98003
65034
25611
12998
62350
96170
21627
55512
59895
159841
152301
170831
11226
194017
39354
58986
198621
139304
103163
105893
92335
24216
132451
75848
146912
177482
39174
111833
23754
51397
84306
148175
50104
90125
37472
168666
17436
106186
179364
58289
27186
6490
158549
20836
172608
64975
142673
19468
187069
105140
13230
146446
113363
134371
143538
74431
171967
190549
90799
28624
170489
38388
144441
42126
187227
19508
158196
177233
101090
2673
81872
143267
73974
68302
96091
132681
116048
177540
11643
112862
143064
70133
119092
25912
64365
120900
142847
127580
144572
93777
180244
88780
46442
14566
163810
128413
168044
115974
137494
140748
127302
91334
131593
2911
142653
24524
182165
866
162669
148349
86502
110262
44010
148795
74425
140087
141646
79249
78029
185748
12068
120995
186517
98882
45004
149120
29802
75796
114716
153053
171102
57482
98077
115337
95519
11664
109554
133105
43740
65603
176633
99070
176013
34776
51125
186661
158522
108486
151020
53631
157853
192373
94671
170330
157587
71989
142528
25693
41013
57553
157793
136086
180517
70203
190554
9413
851
25339
90700
136655
173704
61392
72458
103598
107341
83497
14065
83159
121058
163333
192588
19857
181192
170506
159142
87015
160441
73088
195823
184389
15704
94135
178124
86003
28143
140416
115860
157786
127574
127716
79334
8461
102820
161906
153416
23171
141867
164301
141137
154685
199119
160586
80800
61594
67137
161415
40997
28765
182648
164675
151046
99247
59036
86949
138061
113347
81787
162024
190481
102637
187106
39085
105002
142089
108176
45717
188096
8251
63660
128891
66346
67045
67801
180929
18133
8054
108973
34577
68059
168950
151884
118075
175287
86323
154742
100357
141862
110134
103292
120934
105484
8002
194392
94617
138285
38745
196750
167309
66156
180919
105613
109570
194841
124821
123813
20808
108555
198103
162231
17855
56304
157329
40380
52501
93363
188324
197175
176192
15806
14983
7954
117361
97249
106870
152697
15882
89606
122862
132265
36546
144409
108605
113407
152744
40543
182990
185286
22287
127805
135680
77004
149110
141883
46283
108753
63095
50969
103349
63269
181359
194485
174443
24739
141545
72204
29026
29464
52387
106131
80806
109312
36256
171414
107233
52844
48422
1378
33913
124062
105161
42349
163328
141313
59184
65336
73800
197853
13663
160240
172887
151579
130274
198302
161625
66994
60661
6873
138069
137932
14125
