169034
17474
5924
52561
38674
146440
69070
175476
205
88779
48815
88516
157408
144805
177059
33723
102318
17900
29736
6958
4948
5611
95914
107170
18239
103364
143417
117159
112954
172192
109618
3227
5339
85013
86684
186046
86019
9892
56971
108376
36667
100832
89562
2319
174844
71117
89142
83949
140680
42619
51804
26666
78117
86210
27605
20558
180661
85916
144310
48751
183632
105752
66779
153221
172366
83063
55703
141885
151473
75948
85326
175528
36797
118057
51591
46304
186986
133680
139216
42048
183433
94049
115946
31675
90859
133106
2593
111629
177776
178874
142595
97280
65026
123436
75329
81985
88714
142963
129019
114115
52397
90980
104059
183104
13000
49564
24504
86062
185425
26970
69541
127684
157200
122624
158306
166977
1943
111371
28242
195212
60847
172953
57616
142954
161896
80717
45606
47778
90387
148232
12227
30023
152628
107244
56325
197908
87143
5723
150658
181351
23166
113205
132264
75067
18275
77701
198868
7579
196241
49262
31453
119394
187799
127279
4325
25250
129326
174114
158881
170673
77346
61633
130183
40786
78998
80221
153723
15288
146077
171034
66953
114383
18148
106151
95372
139328
31814
78314
95558
186525
169007
173926
155341
166151
172069
2003
172553
181296
146627
102607
76875
87662
33184
192880
28888
19885
140559
51385
112416
174203
25792
109996
102413
27602
183329
148983
11583
133989
31775
91488
169407
173470
69097
32648
172562
164958
170580
6366
147796
110478
72046
12987
194304
197601
65602
59776
162095
167903
120794
94534
10528
62805
107683
106639
163430
82084
109609
31198
3055
4711
132647
33405
65637
54612
15382
52451
122088
46260
163954
183650
72315
106188
45889
27347
3691
154282
22131
66364
10366
23335
119699
197105
120483
127901
178857
152460
8925
113175
9685
183112
121282
33824
177341
148695
179885
111922
4354
55705
139017
182843
159837
162739
49044
34042
98119
24403
88005
90740
99430
52846
151799
124408
197061
182443
20806
152221
32818
86035
56862
115350
54324
31955
120559
95132
110961
135726
164312
48449
102587
43374
166500
141161
134457
197839
129537
78954
157919
130830
161981
138286
34701
24653
106005
152389
169345
70878
95141
84892
3014
117133
124279
63723
26387
125980
160621
73192
133880
65508
39673
3963
19352
141773
137485
197027
22
108570
153868
90234
190980
63958
186760
12030
96077
121030
78281
129101
152451
8634
76161
45546
56791
123624
133098
76048
187944
141645
182006
124537
65153
35468
147021
34064
96306
111797
177135
185552
94625
57439
119071
78915
102179
175804
100895
127085
94464
140356
193652
61658
21726
99307
169051
34006
2888
190950
181757
194363
98000
59742
15028
120944
29281
94795
133882
133499
79212
24630
60593
168217
174096
158441
171033
92352
172096
117336
122667
64837
46134
123598
11691
32494
13816
137699
49323
54311
97173
53937
7300
93848
110706
190681
151460
29031
136408
107694
25509
26931
44663
100625
194768
119185
196458
13515
189847
99454
137133
196741
158972
156419
172587
176936
141329
168776
193494
11300
4333
185786
195636
168404
2246
15908
173485
127293
34438
88839
198341
53920
138625
18129
154630
153970
58003
53754
125571
60280
104919
146937
38457
33703
109296
43606
84829
28067
42329
122473
68166
60781
67898
20437
72648
179742
123984
5507
42280
40964
103928
169322
131975
60261
185651
171311
63975
186649
127374
193476
93991
6237
161638
78522
34867
144957
21415
112961
111035
44624
70594
19127
111177
18643
30775
196836
28522
30598
158143
14415
191542
111993
134795
44524
120453
182649
134195
181909
151533
48424
148928
8009
80495
90135
82710
111870
174729
129510
51997
52403
55955
3776
48340
153405
84652
197266
188114
149744
91779
118379
105191
103511
68290
133389
68576
142821
114980
166377
102147
137323
73214
121386
110284
196231
150206
35110
44041
148212
102646
2608
57549
72015
194092
48635
26647
91914
141855
178062
73633
129432
84457
122556
163499
160503
11054
129263
123359
11782
91871
153345
69940
94867
183153
194179
168042
39905
113849
52589
134825
160511
82130
63503
20139
53115
193097
133172
144884
9570
48396
165686
151529
147910
38595
178499
35829
118992
75435
153836
4447
101796
156869
143890
149972
117496
196871
27272
169456
188371
63562
27135
124467
29154
22738
168314
132717
141874
105385
123506
67641
127131
174097
65578
105477
12003
7024
105069
133009
56953
157053
64749
150834
128749
36962
196550
15987
162980
11748
41751
118612
13706
9366
130458
36629
190955
98723
189914
42696
180179
39113
89942
79209
84127
7122
95178
54465
99606
175174
107088
10455
32109
159681
26493
135684
103553
88778
141539
132845
94450
70509
75163
178532
516
187720
187616
88886
116836
185709
27510
129985
173985
162146
76989
72034
188981
31598
118428
117253
145676
24051
172038
105421
132081
815
80156
139476
92997
137270
47190
7409
70559
121549
52246
101680
61903
24044
140146
195004
81527
168158
137968
89887
117061
166098
89550
96047
50158
152178
94387
73580
47001
159758
178724
176769
42399
83939
175586
168567
47519
51142
114497
161341
175330
23948
74670
136517
155982
12231
1435
143746
193942
33715
180657
59328
148091
133982
26413
196084
197359
60721
13161
50029
133589
161429
60526
35522
170736
45317
130103
155787
67282
29992
19582
182501
85505
98688
106285
59345
146033
40426
62642
113592
135385
121420
119111
145462
188135
18000
99717
14387
161866
87867
166451
97665
46738
195928
99362
129524
133878
185378
62702
112272
152229
111473
115061
16789
134182
161728
19455
58977
85655
8118
194877
43139
171391
65703
160504
80787
59562
193809
101722
99449
109937
6909
32454
108499
190238
175293
129247
197067
124542
117157
107122
80866
92541
57747
102175
133556
48303
92679
133667
130485
36024
95137
165349
188380
130502
36770
95206
156186
46567
129036
32550
196366
108406
34699
44962
161992
156071
121504
103158
192827
38233
55495
55787
184852
149531
60272
73660
90932
66581
93529
73180
90768
137808
151519
125866
159147
108759
55553
137318
6304
148051
124804
107533
39515
44407
52591
55762
199421
156413
21353
35257
112973
175397
125382
51627
87705
93683
60863
49125
3622
80205
9838
128505
88241
102075
139356
171578
1912
91957
54492
1239
14383
136840
27833
153263
29709
102217
141613
132417
164388
7297
166528
189467
65491
64727
188093
117443
194245
14464
44420
140616
65306
154315
114082
163735
90556
36431
170256
145160
45904
129291
60731
113185
190739
155166
97987
11438
121481
15999
125034
132753
12872
57638
126234
56683
192708
44103
141812
185335
137307
32003
173887
37220
29518
123278
193738
86440
122509
131224
64952
56999
181941
46722
8582
149140
104824
187200
177798
110464
152850
159860
24074
178122
63383
102042
17353
40351
184786
78432
54421
183856
152002
67633
2779
158468
20298
67176
159763
7435
101417
148680
47610
77232
142142
1601
165742
69877
150161
157802
127890
151657
68416
136731
19825
68926
156397
133942
106600
177041
132859
149580
177264
150217
11552
16028
13486
142937
100428
62839
127251
180390
136376
179951
154926
106551
46354
59089
139209
76147
12830
4916
97314
6093
13139
146371
72519
62461
195158
81032
102368
92750
43556
18590
6671
70261
121610
76251
154361
50434
904
176719
42991
71110
35460
7221
66365
154044
158563
181099
85778
75302
5454
75677
119956
102606
176406
73477
13382
5713
107667
46542
76857
82334
79582
86340
13298
98097
142258
83631
117695
199931
159889
42601
5437
30286
93602
35632
112357
120373
108383
133697
53596
32522
38533
95750
59087
189850
114781
103576
91033
87682
119988
76003
47384
109320
75106
78782
56174
81484
28861
37060
32103
91821
188437
34641
112890
91168
42772
150275
52891
98241
113975
174111
88138
107880
24888
138187
94240
56249
75909
182785
134605
92147
155673
180658
184702
123736
165010
114107
52444
153831
64792
171331
129322
123534
143181
117107
54897
197530
28833
11624
98765
72709
61259
132066
129141
45854
150930
104634
70769
69573
193128
54120
98862
24383
45598
95575
151942
22459
133155
178054
50916
10169
145064
22643
121638
32330
126409
76966
138454
134716
137449
127064
193760
91427
81864
157411
170284
138173
68988
135773
157974
108877
37717
115845
62009
3206
141642
133033
144900
180931
70648
34613
107596
9329
148009
9962
36451
25961
137064
155173
90853
138801
11822
11021
15093
182079
34695
137321
12478
100084
139233
140998
31357
138848
171162
126172
127711
83166
124249
175999
31815
105904
10213
16582
199539
178481
118652
38129
43942
150453
99052
11823
60238
97241
181525
104615
5453
109581
15698
36360
164919
111248
89928
181050
37064
167550
102782
30429
4881
140431
28613
154705
112509
42648
170077
27915
38660
95440
16922
71294
51903
114617
130893
73048
56796
64498
159922
117440
81371
149271
152382
139453
178212
84733
46104
70477
32842
91544
98224
180528
70586
172954
46945
159773
121315
141785
105788
189966
179199
68738
194953
125668
54891
168020
58020
49113
3399
75047
134496
149234
175084
85067
122597
53160
112337
180516
101133
84833
181414
193318
180411
184546
44571
161772
4584
96731
90865
18111
37869
161722
119542
185212
89445
162521
170311
190979
171013
103130
41986
82743
74022
155075
51770
128796
116436
78397
181801
20281
125286
145544
126473
30145
89381
126438
189774
90452
51693
194406
135344
34310
43279
113784
27190
60741
198926
77593
108631
71649
178660
40201
170518
5813
134112
25107
154557
172293
69292
199957
191566
113730
26800
139894
38364
191077
99587
72897
135830
88833
26050
115011
14520
34846
2850
94089
143601
118735
81747
188541
187940
107749
154018
141818
166327
14822
12044
32450
62775
17200
144157
155239
161760
99513
138099
23762
2628
139554
89986
32430
129780
40757
73222
90912
142714
46246
71146
115752
90649
49116
169799
165583
54371
19435
53209
125710
162088
58741
89128
141085
142173
165649
22417
9404
159260
188150
186529
173451
167680
2885
15975
71207
169293
96379
183429
95419
68039
155743
173466
195249
153749
189970
34568
178898
178669
184239
102555
102089
3452
2510
108204
195003
153981
153202
40204
65161
137352
98599
132438
173538
69220
118790
85202
157475
176079
70465
143730
44129
93669
119858
82011
37155
129275
172028
93863
160792
39668
26049
50755
41625
80795
42587
82388
135918
85861
36755
92769
26120
124489
46588
65645
196365
30673
163284
189025
141203
47989
68841
2935
194159
102363
39100
137266
60375
30150
136998
165748
87236
157234
171429
131687
7777
159392
128496
137336
159224
113991
130174
127828
167407
30560
10777
173228
141858
8650
94813
110065
2476
61114
111658
68348
138212
100186
61380
93261
177567
153632
153585
115455
41969
168584
138742
88753
100986
169908
45175
147329
135005
75925
146916
148593
120545
173404
27793
126132
15821
184646
13994
94475
29801
165989
154516
31330
163233
189209
41037
192973
78342
181366
167120
105459
25647
101993
118455
36744
156680
82500
151903
96619
115276
53260
14655
83866
121568
109465
96549
18910
165357
30033
188279
75552
184026
70799
148543
153998
97598
2455
10187
99404
171129
39496
122042
154713
42850
68963
1684
125128
25000
77637
174150
68316
175229
177658
44967
82530
92753
59080
36334
82515
76566
85562
148975
107103
141487
60285
105816
55033
192472
164686
11008
123945
123949
53151
59288
175629
156114
56775
4363
114495
133869
181001
60262
157464
34506
61744
106317
187810
53380
38868
130217
67445
142395
192647
182021
32506
28386
9819
144680
129444
1383
185626
91091
170835
164679
164450
185632
157246
6808
50603
127566
1334
39730
104696
10331
182948
29217
128082
53638
134964
169812
165244
16236
16297
33950
151436
151591
185474
152134
132404
173628
157622
46553
7257
28264
169686
3232
123038
115159
154082
115703
166775
186112
59209
183233
17564
45167
135146
112157
87733
197626
38707
100204
37328
156821
114723
126446
105058
65983
161773
108238
64881
120877
183786
148666
147656
91380
86327
53425
103172
113012
41036
140693
193272
179306
173626
167247
103725
12395
158233
193345
96933
21009
142113
181889
128406
70979
4065
160387
150994
116744
126389
19099
80331
22888
135168
107149
191839
133652
37140
8843
127877
78336
77463
115288
157183
137645
60537
127153
25220
119628
6888
116746
89433
143444
117088
60812
84744
149922
131211
37324
144293
172935
193295
57923
124828
98563
36187
177211
99743
152358
36523
71764
43257
175406
57217
184436
16054
33782
35221
75847
49362
195388
12666
126734
64589
2390
95203
43860
84928
123878
51168
59140
37621
156391
158494
136858
194150
52602
176638
17444
47346
78238
154992
114004
55621
171586
158228
170186
25101
6882
44611
71983
102797
115775
153971
48397
34658
54210
156759
1490
7256
110179
116099
22152
181674
165236
169242
135405
151929
41784
154396
169359
109537
115539
105552
149815
95702
121375
94252
181475
44035
60017
190072
87035
67773
9464
62649
8037
36527
100087
190755
22696
176669
13949
132567
149308
113594
131664
199545
150318
141041
128461
24799
167554
164717
114945
103974
77829
32829
74600
121327
73224
78829
23973
190517
96345
105624
88171
147230
144383
56792
162272
42807
98919
164695
159534
1212
81789
158114
13437
179044
195655
29131
56655
159829
122767
107196
143767
170083
174664
131988
188176
6041
164281
149202
129392
112334
7642
170222
159191
64140
63208
85066
64182
182855
163813
108174
109785
142353
158187
160964
168378
60060
87688
152554
8528
11329
28848
198488
53370
20358
69635
22392
14284
77509
176340
48655
167860
111573
194402
53095
183766
138777
150170
22814
109488
156159
146424
19710
92743
106625
130863
71066
143974
181915
138266
10185
99518
121773
50909
154184
153740
96297
12493
6222
424
62027
170415
140358
41260
16732
134023
105750
14141
152602
83831
154205
141943
75424
65129
11520
20894
156743
32005
67296
150816
93968
97970
99266
15869
176281
23015
188760
82572
98547
23331
195681
109428
134913
168495
67807
31011
8670
184099
100103
181070
57176
105203
150144
18177
181463
126519
23354
88539
58756
167381
121010
78178
32937
154939
16845
198991
145494
61885
69858
20494
125238
29885
39272
135018
17044
171214
58198
193632
181703
63929
106113
104609
161842
161567
4062
67220
88644
68163
41992
59211
78705
194434
17088
159439
195962
79426
194911
30881
197198
144016
4910
160769
179554
170223
77415
94481
85792
165962
37855
125365
106194
126966
57900
76547
28019
59815
152394
57753
167926
22520
33537
159332
37635
55244
124755
194432
25294
112678
146461
23791
53034
90515
162407
175054
32575
48516
99953
109789
63799
130215
78956
142512
88689
137897
24434
141743
134423
175226
63889
177871
113723
16359
152515
89655
164497
95667
158197
66176
97852
20524
89363
140884
27321
140523
185140
151575
127591
81402
106478
89784
188226
126215
59303
196748
180953
101572
139674
121124
108394
145587
160610
90899
64831
146707
10091
150134
56020
34292
162813
77979
129708
198434
167682
50151
137339
119752
3848
183959
143648
24335
45780
78060
151023
126045
31056
112491
147517
124213
29447
46846
121697
46126
69559
120400
78957
101916
105312
115853
79518
198938
133215
132304
48541
74503
121272
23214
79571
192365
136427
9803
98092
80434
136803
195741
190387
25388
21173
185009
193356
512
46677
109776
41881
194019
110413
163373
130572
114765
180346
188627
147416
51814
142811
102182
68990
186293
168356
168466
193689
73084
48244
131572
22059
131395
179834
114328
74550
42609
130024
446
122426
25642
197209
140696
76633
120620
29248
198301
11752
42911
189718
178577
38482
191223
199267
79046
52935
95557
126841
61214
198378
64889
90539
102389
156957
151079
76750
12554
95823
25932
191206
107218
60095
131322
57706
97149
32611
25356
64835
17664
14902
18817
101305
27618
16448
59899
108053
130469
56115
150674
19587
116492
190648
87738
111678
191847
67524
68597
68423
193407
108815
83070
199147
197869
168791
20232
167274
147111
125776
171521
620
46484
127679
155259
113810
22416
14355
96734
77588
34947
78103
170335
187976
72467
84489
114285
164124
125921
169376
73908
87759
99843
179723
183620
135821
124239
127843
12291
78150
190158
37027
147350
74846
173274
943
133995
174586
181435
7637
43889
130811
45992
22757
106896
134850
57464
190198
1480
115010
23800
87376
131153
128028
40988
130805
122283
57097
179691
56029
124076
119648
129311
131247
100437
196690
152304
141149
152137
153869
68184
34457
26872
33267
117664
123826
178534
167779
143362
109503
141081
157610
168359
127392
6401
170240
145942
81293
197183
187148
139790
95493
175854
163213
143634
13114
132603
69020
126332
186884
153729
93398
42177
14654
72616
47048
148017
123255
114536
182140
126057
167973
127164
56571
160618
165053
71567
116198
83595
151132
197247
198990
164172
85592
55259
91625
175989
69199
19061
56295
39414
120215
183683
193079
44770
19620
52875
160324
183848
92729
104050
2746
55971
132890
48357
135900
116064
38550
126038
195712
43817
171710
116865
183812
199673
141504
15504
47140
82188
173610
165573
94580
122248
61610
90391
70134
140370
168543
55870
9811
32699
62832
66183
187406
175123
90247
74884
124386
96736
144654
90292
170300
7492
162380
11176
172554
144026
4771
25552
158307
156041
75637
100134
113922
197668
169464
80685
110032
12588
115651
128665
55857
157033
129525
19459
45439
125008
131515
90252
146333
78283
17287
182348
187979
9684
143234
169689
140362
133300
110173
169296
174103
18468
10133
11257
76573
9229
3117
131616
15458
35008
30393
71205
197371
76503
93876
150863
140263
16739
32418
37701
75103
120428
85752
133409
59730
158620
147728
2327
169321
5951
164525
131767
164681
96275
88494
9294
122602
199633
68108
132533
149473
22056
32051
107151
159541
121963
198037
92969
88619
92427
131099
45578
75548
27676
19192
88075
131189
167769
189073
128012
198733
166194
42370
132813
164938
78277
116281
165064
111531
172482
7059
88978
63870
194905
101159
121920
153859
111490
104649
197113
175122
60619
73221
166394
126157
179743
41506
20708
14339
43166
192536
141655
145086
65465
93339
90019
29076
178230
146475
153776
167045
104941
92186
188286
2164
133549
181003
99428
102029
170983
67557
192630
95713
131275
75044
110888
83836
102512
31322
69841
59330
152814
151488
177714
62718
151563
123416
72353
42259
64646
151885
176419
58592
68230
196206
92869
40704
113576
93530
164074
96603
153172
69653
136098
35203
20560
78437
131458
162668
111676
80214
181384
126975
56055
61750
7640
192626
140111
199717
67775
95809
53484
36096
18670
27662
105205
180048
96862
72515
139040
173177
67805
195335
1390
134395
85748
70947
7910
86463
55333
37670
138616
13225
51745
81270
80549
157648
41105
58966
55936
66469
4508
179308
26578
88080
62997
111258
57198
47233
165896
67544
628
159427
165482
99456
154569
177800
145410
537
115548
136103
152316
194951
102927
37359
8333
18455
161774
136605
110231
46541
167044
50254
83133
113065
55552
82155
138697
70793
94630
61289
2449
95328
151561
165202
189722
154434
197421
73463
63212
123645
48270
110354
134584
153566
59708
5170
51854
134901
121060
65136
119404
5181
179543
100078
88772
171405
120721
93023
100911
17703
5500
93930
166075
59670
4633
121636
37437
96556
162368
1342
124346
197154
113652
49519
170371
24473
197637
88392
18104
143808
37373
162989
100281
107407
140683
12883
149835
78088
90115
196201
155611
178713
8697
135464
136680
2453
182480
124727
99632
132521
51754
86478
126862
52102
8270
178762
178365
101731
63672
123026
92632
120512
184769
188536
94739
150137
194207
72865
12487
54541
180458
135317
80451
158511
195898
34166
45254
166436
96865
80049
92304
151370
45601
145642
47095
190010
48750
59007
52278
163974
89513
89531
11383
91569
141708
8259
139265
160764
35071
124461
123730
31240
178340
23818
34751
127041
43534
195310
155438
196383
116727
197478
144366
179258
71637
117859
152921
170356
82087
47175
188375
196114
73198
30201
134951
85547
48273
9439
124546
116528
206
85831
25148
33254
50172
177243
186254
186074
75182
187746
148786
136411
75705
118859
104144
26554
51880
82935
140154
113712
69613
93975
175915
165259
24753
64673
9663
178128
155765
105071
59865
55940
155500
165386
34273
129913
72853
55253
114640
83338
148512
188472
22344
142261
82740
136935
128247
27567
46546
181418
35083
70636
120602
54241
188740
97861
168482
93812
169422
34843
172088
98539
123544
93923
45551
132674
36791
79665
157357
156436
53167
71275
108093
157159
9355
148640
184095
185752
89138
156961
155818
107741
25711
129240
84998
131534
184131
15962
58064
123599
55121
72848
188321
172851
102695
98292
153534
76329
37444
161104
69593
81216
113977
4294
50911
199735
160870
160069
14955
77477
147405
47821
17420
174862
92389
17714
43614
156808
13263
30006
37883
189818
52008
47098
105188
159809
31986
117040
18168
50919
67673
92643
68342
74845
169100
128337
36117
15024
63684
191398
9463
4627
99472
57276
51733
120765
8362
51915
75974
198460
184051
145905
191817
78704
73123
194328
146419
192372
56728
51598
31687
35023
103867
37410
67797
80068
192964
190689
71855
40344
40353
36812
152549
48216
117318
45760
89492
37726
159894
182511
147589
100234
57528
173621
117355
96424
118911
132941
195926
121240
62083
135517
158687
171565
27826
115858
199485
63404
139106
10449
111355
63119
26361
51495
5474
171384
117375
69676
173598
157444
147088
137374
45045
29731
21481
22848
112919
146551
160796
190463
56258
509
173015
17338
10741
67943
80116
87490
150801
46331
64944
65162
93233
95890
28742
196088
128076
137353
31467
181548
143359
129057
53319
64025
5414
97060
68980
65763
1029
95431
190241
27865
43578
74673
150613
106077
17559
30491
152164
183863
57822
26204
26460
77734
131829
177118
91393
172823
11958
62067
4483
119004
68664
61980
134787
33103
42652
63473
55572
44215
129167
156615
78372
158426
35945
91785
40913
107422
69865
28222
57679
198223
93877
116159
76307
104771
173209
63817
97405
181683
62665
12681
184062
83927
33271
64470
193605
60652
78445
190774
20261
121961
121357
43591
192329
110626
51792
87418
106465
184923
50862
76946
184919
124350
137659
8723
94412
181209
11140
113858
179790
107039
63430
90835
101026
106512
111666
157810
190916
166185
143100
110528
143844
67451
124375
142942
165406
82524
84599
185192
151954
79503
18396
172834
106829
175860
170985
164225
1295
141896
55238
166793
12178
99222
174678
66060
84493
91123
32832
187581
73339
160125
103260
168606
34951
47330
172831
23102
89251
171676
170013
195083
451
1203
99499
88854
150896
171045
91254
93589
15222
120576
73482
177064
16520
38663
148801
83169
57475
50615
171112
3192
65397
140787
17613
166111
118138
89579
111872
170474
12968
101776
28692
174702
131569
155723
167851
198978
100937
30531
154562
46198
194774
37511
123222
10120
63608
49473
124809
179256
43933
92079
81831
23467
199559
1721
106
67794
80002
147318
148216
87238
101053
139914
88550
88971
149808
183729
184388
20040
109430
169580
37593
153974
187145
136836
24618
66744
84374
149242
103522
2758
83742
120628
117866
10526
176058
56774
155871
66260
88990
80878
69383
34017
179417
184215
39744
1466
81784
119608
57282
105713
351
192499
172486
1337
47673
175698
74098
157572
112768
108000
96245
112437
146358
75850
185916
184709
165472
11034
34382
25328
98036
199465
113839
8717
61558
47101
64254
93240
115658
18188
161860
86489
25210
3915
15309
72344
18651
158650
156784
47759
82486
37679
179099
157259
37253
185096
95843
152995
20823
119890
158417
66970
183611
140320
120965
189801
18645
1352
64099
142038
141731
87788
169404
119963
5011
54533
178065
158777
109853
95045
93610
171247
36461
59267
106735
169497
182120
37417
99971
114442
38281
130594
44093
153335
58762
72502
179714
195470
9743
53118
145790
80303
136277
171051
197873
162068
197966
45281
2900
8141
157615
18399
102656
84846
113899
74201
190180
6757
109827
35348
46766
76624
61102
195099
29894
152533
73276
194253
66944
87852
102901
45165
5592
160837
158588
185012
97056
175305
139601
93299
175193
39415
121882
79265
199902
26775
68829
9259
192219
40992
185396
120496
51611
187344
142137
141109
168571
64419
83759
69191
172472
148675
170849
59419
14451
95213
73427
137022
152552
32303
106471
155286
122725
90762
46468
174839
105110
164661
126501
66304
1848
158345
55293
126126
13877
89958
410
15552
42337
85046
128810
21369
131269
141541
71019
191400
48573
173102
33931
195601
193977
153624
193703
61295
99817
163807
60623
137040
32008
139757
119221
29316
181564
163618
180863
197294
119634
9827
195646
137960
56294
146437
12634
67587
76623
183860
57374
156171
13496
65428
145922
110026
143620
165663
14620
112970
120255
77649
98502
178588
104893
9594
20113
31242
30676
92733
7488
110381
97848
36289
160523
69715
199661
29012
95976
110088
198748
198650
54693
2640
45999
111598
186245
95067
196196
56777
100395
11038
62931
122925
48236
126498
67848
123020
187801
136620
145564
40247
17472
58378
122922
159880
68432
173652
38504
35392
35699
67335
129467
57330
192190
52281
139478
113093
193909
6362
186103
76214
156080
170339
128442
72861
35669
53868
80643
61252
34819
77735
190911
115899
158144
175027
183066
36308
132930
2245
38206
126058
91595
68137
26541
67355
35036
115647
191110
159
106346
192483
108430
81658
116205
112897
131282
61063
100175
189682
87762
124041
106611
123098
151845
41676
102022
16001
115516
13153
72608
139688
86145
165890
44997
38226
109500
9546
108869
138484
106787
133282
9601
154418
108584
130228
127771
73700
185706
132707
159629
51945
47805
26962
157073
10358
150515
40416
38143
94151
135009
53947
11221
167191
83034
153633
186511
130149
31793
79684
127686
104446
155761
2591
148311
31452
102399
136206
170667
65059
110514
115379
54410
87133
67986
19195
135236
32059
84734
53507
29310
183352
34377
18432
37078
108058
25353
185110
72286
20250
30421
127638
93078
112839
183232
187391
33236
58331
160635
196480
133892
13558
109732
89140
1467
127656
189975
52455
163907
73248
47734
75222
193794
111714
53503
199244
14779
134594
187569
924
43954
34731
147233
145980
164268
145282
130286
195786
48034
59996
62198
50637
77668
66716
86774
151535
198170
71079
10143
52353
56911
18147
92719
56176
108078
37394
159649
3687
17293
198750
62612
85637
27445
169824
83566
198962
90614
181283
194817
68673
33434
187213
149782
113070
60323
47516
199538
160836
82488
178601
80070
62080
139940
62102
29577
141446
70347
180087
12287
160952
23652
168513
20074
47227
60659
116234
25100
165355
154078
93362
74202
118659
141555
145458
69843
144267
145863
106150
28939
6741
163666
79343
190363
87458
186141
172251
164412
134253
82469
196717
91065
50255
96667
8954
163928
113993
128589
152965
176401
106385
150020
145002
133356
177616
104458
100484
196025
75207
111435
190327
32800
34465
41355
30666
165791
131076
92675
26057
6406
179507
94140
178081
188251
149344
16593
14381
141405
90590
74514
101377
186665
144303
36491
173314
167772
171751
186350
153446
67826
84571
69855
97043
115528
149241
94036
109934
150998
7977
57132
161503
29580
34244
54301
40017
129710
114066
169465
134256
146926
142737
147889
122676
87430
96235
37773
138149
23118
42020
82443
129109
5053
151369
116679
8486
53107
91928
199992
156866
110817
32126
71314
2417
173147
174869
56011
11754
120611
195141
125558
184819
37496
169838
152453
147428
172127
166131
51662
38524
132887
31708
51559
144118
112549
25836
187166
5721
1223
115194
121553
29775
181914
107193
16107
18225
84214
78816
130354
54116
121251
23580
180370
92116
170696
57406
141356
197336
134550
162414
51236
21045
73357
197552
77819
160902
170232
162753
48964
13385
86775
188292
191521
116538
119667
73655
188456
109608
117014
131898
26818
25394
142789
67601
158875
47479
53074
182975
169517
2037
182422
39356
182632
63341
110559
154670
26618
152351
188799
27945
70115
41232
48120
191702
30651
29521
48776
34841
136482
185216
174328
36412
110887
1401
195881
184177
10846
1127
118236
105387
109237
44581
111850
140868
34376
78653
187558
79782
180083
59901
126073
68811
156922
54508
99958
23562
143312
52009
83915
168438
17316
162259
163068
162921
97654
29858
157018
172060
60420
61847
58730
88378
119018
34678
124638
19157
94396
2967
125966
57801
132462
46524
45708
37528
197246
151067
1745
96118
196684
186716
138197
74651
170299
194609
28334
184035
170863
124786
50974
113376
33674
96370
91635
31790
118266
45674
134875
185327
193124
49260
148730
65165
35019
9101
56933
110529
82783
22510
58369
171030
194818
118956
48074
120188
99818
54446
199942
164640
164022
65085
37392
146360
102146
76137
56613
168841
23247
163617
106590
137770
94759
103686
67955
141377
4322
110700
63285
64006
66632
97601
187561
21163
20345
49619
97575
172035
85294
110239
53875
12524
105980
117978
170031
74411
162808
7303
131329
197949
127235
60044
39588
50577
188646
75875
174609
50132
16992
21110
126857
2959
98070
177386
190609
79218
190290
46024
47961
2889
103049
42058
143060
148662
37143
2868
44678
61433
46383
52854
38529
181115
107110
165438
2841
13844
2942
180117
2060
110263
32561
27534
54414
5530
15866
20089
145835
36884
170867
67315
37081
96999
19703
135864
112045
53083
97750
6503
81056
133782
193606
120120
142138
173703
33202
173603
87602
161544
111999
107777
80067
42703
134884
112199
78038
96544
72830
32796
92705
46333
182003
42647
185587
101316
88442
37870
144017
92305
48157
97715
166002
55879
51869
100267
136687
54543
98125
107980
151777
4256
38379
6260
54558
124355
27056
136913
65105
67369
84035
48918
136439
98323
85930
141115
7244
39890
130810
70707
74643
91409
18785
142383
184964
185459
113285
111461
113622
198875
23318
184375
53517
132289
196861
163106
33888
112799
144098
82390
135174
15254
103713
59427
169330
89631
41312
63372
173720
115663
89152
88470
163718
89283
71696
81717
19574
78734
182197
144199
41034
65282
182168
152183
178319
80342
176229
182217
22618
129791
99156
191065
167433
76881
1945
88626
181940
197270
184269
154364
134372
108401
23783
50802
38347
127450
189087
15005
114522
37626
149387
76722
132814
48641
88939
16053
131889
168817
183017
138958
16602
72929
194677
28225
48232
44876
147301
70284
87338
130339
132314
146591
28317
56510
17861
119992
138959
117616
166800
83498
117559
89624
135037
20916
173623
150706
189492
96290
67087
63794
160415
44413
63810
85196
184682
186269
141237
56071
46233
131793
9862
143095
91747
164900
94806
95636
22938
65666
11521
95174
25776
160206
196585
142327
134040
185190
180366
185507
125796
118136
1888
64758
77425
100855
75368
16908
195561
11652
182897
58353
5659
188355
78591
97810
76894
148474
123124
39779
71452
70125
148833
155158
165968
156092
107226
51370
2008
87112
94133
41351
43391
164338
92514
106945
93039
101984
174501
164440
152315
51375
127931
73890
107063
105029
109215
86127
129839
57707
181051
90914
198174
145524
76972
76734
182357
160367
151970
13232
97044
69735
179749
73094
113782
41876
96069
36337
119990
97842
151851
907
34164
20668
63796
53505
145616
59012
17729
18777
62784
119757
154200
42879
22159
12440
100361
87246
192608
3664
180685
176818
21103
14378
31155
150755
104023
169478
83135
180541
107665
108239
89822
161904
91122
166246
171812
188994
60389
137875
172280
31995
75542
145033
101662
48838
103882
7160
189755
13912
125095
100060
100097
7714
95842
103479
100987
66411
10920
17378
78346
194878
170739
105265
130427
130564
184915
169236
38508
58037
17348
8356
165653
154286
187306
161322
148949
60591
22109
33672
5202
2619
103793
54745
47069
35916
152448
16910
183764
6631
155276
77435
28793
120293
134812
22945
11254
113883
45390
165461
36017
167347
11595
13369
76699
180697
82089
182574
29114
120670
151676
149329
184219
17247
154416
38507
26188
36152
63903
34158
11890
26479
193077
5653
133053
9696
59361
63945
189346
14900
91657
151077
4366
55874
44890
164558
105657
85050
69425
29100
56842
56737
136828
56214
123927
11713
54614
115005
42785
186356
159974
75148
51803
9155
38250
143895
49895
70154
23052
5441
105356
146306
71456
73744
39204
51398
14672
183382
86255
187496
108292
35420
184484
152730
2768
3920
31048
99643
48341
128689
188308
127811
106109
103156
74935
80966
188046
122069
138375
16428
133637
93682
136163
76041
189046
36034
62871
99289
36543
70401
2711
160624
36839
100309
72759
183858
148215
139730
135826
60992
94675
72752
3488
150140
8883
157635
96832
132297
91508
81083
17463
64740
115437
56399
124067
167259
75312
90737
130266
100002
115059
155431
80705
195021
39424
184163
46012
167723
127008
27925
43248
199458
145994
179012
190447
42057
110561
135008
199850
72226
69805
28983
144500
106628
16566
198494
64790
135288
29734
104736
137242
17980
152150
121924
93218
120070
11058
3817
130247
68977
19614
33002
134659
133699
180154
186522
184986
195113
68623
177689
155734
135758
136107
77155
158996
33693
89075
151084
142513
121226
41578
19313
124545
9336
74471
114549
116988
18143
70282
147626
146370
28373
14514
6517
80388
84634
128542
152638
116874
123469
63239
174473
58273
66078
146921
75178
141328
176445
82347
122210
56239
88283
76955
20155
180790
189790
84119
140180
195998
74523
194053
38817
154354
12166
176006
185964
49770
191064
176888
124729
79082
113312
102211
19424
54081
148711
177426
194533
115418
175
131768
173993
40921
181503
69230
106279
142102
179856
123094
177935
63629
75957
196638
116797
181682
190129
69965
90402
44869
112129
128287
55540
10013
167199
104604
189874
142366
56388
106059
118493
19714
191968
96790
48692
70951
114371
60925
163087
118730
77205
107831
186454
191629
124999
33173
76292
88135
187212
179805
146653
187014
151789
96694
71341
128278
111235
254
186926
11066
97136
54886
141323
1752
147159
171301
81754
169430
43259
106448
158104
118755
144824
116437
123490
132750
39855
174865
192198
147157
191074
46059
130187
60371
37200
187372
46976
139315
124543
42903
61994
61077
94393
2670
178002
41609
135072
142433
46970
165080
180569
179194
46038
125997
86250
63189
84611
49938
187039
47489
59623
100869
140302
47242
194156
195270
59543
55826
18416
131937
180720
104237
19183
175612
197333
53724
45404
198963
98414
124277
44572
161991
164321
146376
13363
103593
190492
37815
34099
125214
24093
116246
90719
43893
140058
36088
66986
40438
38579
1050
53681
176415
8304
151537
70709
77270
21239
104269
79062
130483
136857
54804
155311
31782
141656
2997
17566
44638
148679
158575
84056
83842
193386
17324
82614
35163
142144
41734
13780
58184
39464
19865
22337
58738
20134
185069
122048
39139
162883
65340
195517
57606
24412
198398
86244
319
175611
74386
128107
85684
13091
3417
197423
80582
167509
159465
73527
183151
19261
160935
141690
173865
118870
23607
196041
103067
150115
151969
68146
62497
147212
18264
65173
10496
88547
144475
94109
117478
195
83496
94982
158798
57572
176182
21390
11908
125227
122870
126138
185424
146104
122224
101462
103808
30363
60510
157453
165038
142125
162992
60848
44346
93593
22806
96978
103995
121150
121490
142919
10501
162781
12069
63055
30367
14765
79211
48238
94440
126002
22779
110634
113979
53316
146917
31852
153893
63110
73250
133734
140966
180756
89893
3353
183493
19725
45401
124294
9481
13116
115408
156916
18159
146893
184630
41671
133331
107187
197727
49551
158581
136256
147583
116331
48271
61306
73882
61439
64478
75285
170500
188915
93944
145377
170897
102899
7570
186946
62682
20650
184901
199591
99009
46611
161025
189752
12209
31684
10524
80363
14592
76977
104829
98012
49067
79089
116593
101720
99714
19584
174624
151727
27168
10434
91988
114705
137685
91315
72563
39076
197837
164215
180421
127809
95625
54582
38186
64894
122974
59112
164803
54529
81765
129522
95111
103758
139063
682
188879
89183
181211
160800
185563
99285
113306
1126
183821
199460
4122
86812
53561
146236
8968
80249
113971
117834
10239
158071
567
114852
50160
60893
124143
27576
189688
44577
193858
53356
107166
20778
1650
16609
154960
114597
180135
98336
43477
123762
39945
93415
27508
3583
127784
51445
36704
138150
16957
64566
127861
168801
145521
26662
183130
164936
3808
45099
45156
146668
97179
41920
157122
32298
152664
36122
137110
103604
77911
6335
108550
183846
134900
31256
59680
128440
57844
8179
131948
68859
150352
147956
174090
148962
182371
100935
22690
8611
195246
48012
147624
31396
30536
73799
155060
29119
77971
24243
79998
128430
47947
192318
167814
174292
20803
107164
180992
156665
107086
60608
184098
30102
47932
72347
157851
158147
163845
108379
96945
175812
190825
166438
184523
122940
112635
193871
199758
24908
78055
5581
62880
128111
158988
17841
60346
46479
166349
56035
150644
160107
82678
45851
176346
34272
59020
89758
71449
188777
80642
5614
30648
162330
69073
110684
35356
80501
149842
122492
34492
180372
68158
178139
176701
194243
192039
63878
143550
108106
118554
16818
197540
33481
40911
176550
104617
30706
19281
15936
17551
119381
13669
10113
748
93504
198942
155088
131012
32688
155257
32767
164106
177192
41393
20079
175201
125715
4011
95569
11861
183655
70107
19092
23812
74719
22739
92671
46848
86328
171067
134311
48980
103200
55498
89507
101852
30127
176195
37540
17732
140028
139886
133940
41484
176647
155264
108417
182011
150093
142970
55363
18224
63501
173278
43301
76562
127848
177083
177987
21179
134949
17487
77142
69745
50763
187901
116577
178633
41205
40672
61073
142010
132335
27332
29463
66597
175936
133927
57230
86656
13144
98519
134932
118017
103883
18690
48196
162266
76915
152786
112211
39470
38618
106221
45926
119461
194891
8334
151689
180738
83124
19809
178196
30275
144895
139638
157506
183487
50311
183220
180110
148117
4450
188486
191834
160457
52481
8180
61524
136733
101891
116566
168204
69695
176725
107037
10437
117326
26914
31430
190639
17483
10170
145268
48177
132849
159079
34133
88691
88395
4674
181848
76032
3914
35689
97537
196914
182330
43897
85688
164042
197362
26863
159274
52170
38100
44451
90658
79034
160255
193702
150381
159689
148262
124701
75127
41687
151339
145192
104684
43995
139443
94141
91460
166690
169420
90149
180468
31479
35629
96041
12136
19174
155353
164733
190195
19427
10243
95092
144218
27953
86783
67046
137994
44284
60647
190822
18964
147369
96487
50313
192675
50419
50939
178952
4411
43463
193243
82959
117438
79710
61463
96599
13338
31367
26717
134736
53414
101804
23474
6176
152864
84752
95332
50305
63819
85718
69806
106272
126785
109186
10401
53683
163986
35343
91951
175707
169851
34355
198884
63617
85139
165685
191628
129572
172510
89581
176370
149042
81968
95001
168688
164269
39597
168284
153785
148914
160932
80370
165749
73777
11530
112561
151680
110204
120507
100720
123732
170180
68047
148281
52480
174625
91320
55920
121426
95207
76254
51564
92435
197543
62235
73944
45512
106240
119153
11651
124566
86246
117708
160116
158866
197859
84099
5030
17625
22517
158242
199677
168777
113544
116026
17124
107080
23008
8841
50649
54020
117794
70676
158448
39681
148950
49204
109000
197011
97977
196036
73053
35814
30011
96784
18610
112401
144906
37400
88905
127657
113804
131067
91930
60725
187900
108358
114394
111742
43526
22215
8306
63879
127810
186953
47437
105467
135169
135858
199083
7398
187809
179150
192305
111873
104236
151021
146626
199968
84511
133863
185007
117200
25908
151893
124684
117575
31200
86941
129760
171466
199497
135394
198716
66575
136363
133722
59686
100951
122448
158880
96013
92227
88020
168871
106044
46923
34184
181918
15572
92900
41115
188517
83518
112482
14561
143614
162200
119850
9489
43682
195067
195518
120356
98164
116856
157036
179437
33787
52472
5859
80426
124996
46936
155367
147832
81736
130797
185915
178298
104861
11695
127961
101249
189489
114663
146666
92754
92944
83122
162564
82626
53224
170128
20858
159956
197603
144302
165286
84529
116786
118513
44870
158559
148528
114775
88041
75659
46473
151268
55843
149979
98279
104047
82643
107625
82076
108084
87825
43669
67307
54799
195213
135592
37463
18907
166970
19112
88843
63922
82765
121388
94174
160519
89237
178993
182568
8798
178682
175885
123734
169399
28418
134988
50655
57029
118033
12385
62040
35335
57142
18045
190730
104267
93939
17961
181790
28603
199194
121741
12933
104524
118874
118115
28962
132608
25488
51488
129266
30812
73817
97262
128809
105014
41804
167377
170041
25470
175445
197
115327
24158
146593
133904
195779
190582
41126
39473
66609
36740
19045
191174
196263
34804
137181
199767
62939
20640
84865
132008
51810
57716
29462
105157
5443
138075
116598
105458
92923
177390
156055
198735
155677
82474
8720
99597
9728
111568
67384
144624
13544
116685
195227
119532
60442
198472
178011
170843
142594
147685
185868
5487
46366
8651
597
168597
153370
116738
79920
185253
155475
3500
127506
52126
118263
74398
46669
157592
20978
189603
129196
112201
99013
187408
48240
58457
74259
102570
199954
67905
9659
63375
125646
94301
84225
159075
70138
51098
95919
93773
152102
56637
176945
131531
19117
160972
119176
24915
31291
42274
125509
10717
88792
92250
79628
197005
173142
45942
182816
185928
33128
144055
39709
73195
171421
186971
9402
44197
54757
82063
7188
25228
162577
86528
12746
49657
90724
49289
2514
119152
143553
104926
149455
71771
34399
111201
167783
49404
177266
36300
134415
13674
10115
65621
58322
106494
106117
138882
157671
16686
115983
155044
108488
2295
163053
96191
167074
171302
155046
7958
175400
73047
155383
49000
188808
103317
109156
34802
47390
168589
126930
67364
159209
79391
92483
12564
94423
108016
139052
36842
142966
151881
145763
152140
177612
10602
35650
22575
197636
177046
5949
192003
140262
46872
70023
19950
58196
89256
87298
167485
182967
136577
167368
191258
112190
20054
28641
16952
2966
174169
87920
108380
5856
77215
66841
56377
91438
105414
161105
87739
127314
162213
9977
99623
69218
149000
77273
23522
18016
40967
28631
50564
94419
95527
87795
133991
119600
162185
3053
120406
135084
24761
119905
82667
155366
20350
118108
198935
153030
71418
41060
116597
175003
140999
197457
38322
4330
89160
93235
155622
23886
14830
177008
184141
101030
39115
172512
90571
142111
172163
65971
45623
23146
28211
73283
196124
98658
27245
123967
131141
73594
29152
8996
186337
104895
196502
130733
170430
141631
32251
154030
63202
73967
165443
106004
18038
17610
26828
41503
98134
184954
142110
169663
99269
95665
172279
123400
193686
183718
97133
41741
64537
78348
70086
108722
157014
108158
17731
193135
169498
189314
24931
82007
631
8514
25520
113291
33805
160985
118579
135199
5529
121278
37331
64585
96428
163947
58909
142119
110078
108763
151273
82607
160770
41382
13754
100597
21576
18746
154455
186391
41982
132566
88456
173219
126724
77301
24031
78331
106741
161745
164809
87364
75538
13423
24551
78469
197858
119838
156499
129971
187993
65832
125203
5524
13067
98413
98982
158670
152267
110999
6841
127766
194135
144806
133304
34691
135874
182768
101055
106706
34830
108333
54597
21953
53453
79002
43811
74360
101910
143013
138919
87208
37542
173596
167931
60436
1359
17046
5284
80988
121380
187318
114635
128921
276
152400
10432
93455
185567
99467
198928
171121
143778
181825
131749
97647
18504
15036
181710
21494
86653
124228
91130
191672
159346
160477
173486
59847
195806
144861
188549
57617
169570
12954
46754
13909
36968
135880
64247
65867
168332
136077
87886
165465
90076
105494
66875
97167
81681
156070
127780
14907
240
40486
93025
184492
179869
127624
18008
177766
79868
104869
95242
171209
83651
40005
77645
87485
135664
131179
164063
195795
94653
167389
76546
181331
71485
191841
145595
115099
15419
8677
145062
67025
37369
46634
44110
142735
89680
175615
88248
86186
106802
108708
33919
5695
12726
85890
57869
109325
155708
36241
99182
65226
40377
10923
194648
124956
11704
51319
130316
178747
119691
67113
167560
32585
136301
155231
109480
95322
95656
183319
111971
100221
13453
37111
105336
115136
17397
22471
105589
32473
54971
177193
2397
155146
6560
93925
14966
76358
118411
103411
21611
197594
152994
16308
21685
50951
103835
151943
88669
136307
193808
11136
18756
71878
2191
54615
99990
168730
131683
109987
175607
56964
4296
4212
168135
154840
43834
93378
114194
115004
99183
41253
51692
168446
130418
3960
35312
134680
57251
189365
120159
126182
183931
18915
194111
140789
34227
98640
66019
72275
89201
122622
77988
173066
18557
11463
11617
133684
164016
86873
182372
101524
11531
167905
81486
165062
150133
16980
27521
71085
80963
13395
116327
199471
187826
62559
168279
37565
81418
108049
10707
79409
121338
105942
138515
44882
78493
170883
1743
2675
168125
122083
172516
33345
186444
53043
100110
128380
48864
20170
18198
16912
130516
3803
59434
75780
139575
178264
70385
59735
196081
141809
93874
98824
85129
64190
190947
11772
108563
69596
178681
35725
93094
99234
85498
47827
195877
117557
127225
181903
42618
198669
10193
23637
9870
143853
41084
44526
105663
136676
11451
164025
69800
76362
55883
131517
190569
126626
56903
48133
175766
129122
135043
153260
134358
104295
87048
124667
182719
44552
178482
96249
67755
95969
160705
125859
10139
195000
25855
78441
168684
76034
80248
41300
88389
151697
68484
142375
179784
169525
112894
80035
90052
50944
163215
102884
105327
99586
58147
191093
17584
9578
25055
124383
195241
18404
140224
106785
44757
76171
158516
132454
1409
180465
24141
178683
108558
50753
2725
190691
193336
120288
136609
58808
87021
125327
191275
62836
66718
73345
138302
22016
118689
35641
67082
97376
183711
12420
82325
1560
42994
33068
68802
140858
70075
63888
113007
166201
180435
150909
111642
160656
193107
196820
107001
191844
41614
115680
48924
67647
380
27060
176903
173987
114388
14442
9129
189031
124682
133463
7369
198705
76933
30309
151724
100466
169398
76830
173028
183251
179358
46223
125466
125551
98088
1851
42689
117206
8189
85312
52177
197448
66399
2286
71615
125430
162993
70887
14040
153564
87951
124247
127154
114643
150143
17811
78236
175121
83864
36574
125539
88361
180861
182726
75385
129214
188718
194299
66699
198538
137400
72584
30796
93246
14841
54266
70127
101714
192178
56876
120216
133258
13244
29877
142445
127801
193691
31676
9302
174110
94886
92185
36286
119786
49732
116541
122106
49168
102912
97334
146423
74980
123885
31548
140081
85743
78065
60304
189494
6723
61075
34670
178467
93326
95293
125147
159810
114201
137239
123121
40347
43234
93755
192617
190161
138115
49221
21251
60386
181589
12690
33482
100615
4078
162922
184532
129779
192431
135348
58442
148429
155032
122494
100738
27993
170419
191119
27389
139236
88659
208
105824
134518
95952
37680
4509
57037
43533
50468
159787
131121
137804
18066
93964
62207
85736
25671
58202
13848
66614
1052
55935
71233
154905
63936
113077
191166
176526
86966
174412
52524
55797
199251
16666
109046
109607
106994
30882
41948
21765
171021
51651
86549
9483
146434
36101
65842
92303
50122
137891
199287
193900
172878
30272
69253
126531
166022
170084
131609
36663
84200
115558
6731
30005
29713
135212
135742
22821
75296
9837
20369
25935
110252
121235
184077
116451
113736
63370
121661
94837
45250
194456
16614
30760
179541
149129
107112
32968
49348
56372
154350
85734
105492
140944
95014
15501
169820
96253
183942
196734
68973
178519
99806
156602
13155
145114
166665
180998
131855
97821
7978
63867
89796
112169
68460
34687
199272
170
149933
73964
99373
26024
35981
66376
154559
82647
149754
101118
82121
38829
146109
66171
22631
96798
59026
78025
149427
60767
148352
122167
115587
96912
115477
188918
62218
160296
40633
16019
70521
100638
110630
1520
167196
123716
35568
182537
156526
132940
29003
47219
7447
24497
82535
113575
12791
156435
125256
82025
198352
174064
64364
190998
156982
11456
71851
107976
34087
131691
14235
102246
161075
45231
7975
127454
124776
90753
136509
144598
155107
83325
168880
24735
119880
184820
91733
123682
116426
122149
39053
87553
168347
107178
138536
75672
37421
121001
68228
79621
161359
159659
126589
2375
12575
10357
17685
127303
154316
89261
82832
40116
115347
106806
163298
29127
47067
174133
47419
85172
79908
104794
1566
30355
54417
65389
56396
179692
98731
579
171065
106854
75075
152693
182658
41829
150652
144555
1586
149617
117779
140414
1783
56299
188061
105129
8403
7682
152763
92294
118317
58618
132469
18829
132619
55651
5851
42004
178508
1836
197135
44047
62852
66401
181194
73889
7555
179222
171774
169273
147433
161475
105322
143489
105091
53837
42693
79851
194600
58623
44438
21033
111913
187397
76980
133564
113067
14352
115464
125830
67553
47995
151110
154268
35883
23538
198192
66074
80837
23710
168232
8972
145510
17669
175453
158790
70953
194136
159516
180784
3453
90056
20946
94145
1938
177091
199116
156531
109398
192098
35298
99279
185094
113395
199110
109109
38229
77837
59994
27144
130181
174568
138148
108192
117096
39167
11106
60622
38824
54870
100841
172307
62443
130899
181630
9391
182673
87821
1148
141684
111804
159885
4396
78154
100336
187175
136532
191875
79974
36683
99203
28929
49128
24296
177789
74083
164898
47857
62793
152805
198662
154049
80101
111301
155182
51182
82322
128609
124069
172082
1706
93307
57577
31620
93921
22884
164010
112055
98344
5189
171858
94370
93628
114160
66393
89906
120357
44484
73210
117210
25087
196649
94398
150045
80711
5118
184094
83158
60999
54705
162490
142037
84325
148160
86476
103818
49169
168753
84770
30135
104328
163237
154867
122194
199063
140021
61560
81887
179550
96231
159544
36372
142123
68797
14357
50498
108666
41486
198104
175271
61345
106629
41083
55827
13441
128755
156202
67322
94575
169209
54654
96494
62561
121096
27212
190763
148217
117025
70281
30572
73548
170431
2206
67034
71398
196116
11
62706
27812
24966
72066
154606
20492
88380
124468
111932
119359
113555
117305
13729
176974
129950
94003
170896
123503
81140
90371
181190
154944
34316
142593
54962
23957
113058
198691
72902
183510
129164
134259
74789
140300
171845
99261
109939
97922
51502
130104
125674
45919
41147
5992
181620
198181
7635
35637
151509
53300
189943
111171
60685
173992
119412
95346
150466
76672
192289
105277
41209
120594
9702
17170
155511
149700
148663
46129
72000
77285
63500
24487
66009
66846
28393
83534
29070
125730
155117
43692
18592
39683
64961
108663
57228
182455
164923
78252
85085
10615
158619
22090
185101
79721
151985
105012
180291
135160
157085
1329
286
112176
93154
138007
157225
149383
27269
149862
190937
28485
178106
81481
11705
96535
132811
153620
155439
164746
193523
99987
132970
126859
36765
143049
45894
123981
65859
158948
161814
140193
100245
115314
193951
168547
121127
45006
188185
136715
90851
84167
52726
107431
189224
105839
149642
91758
151362
129826
63813
111799
116308
35455
86742
7507
151951
15173
54322
30036
2956
123429
88194
59107
89046
1303
196672
186605
91515
50505
113061
80458
195817
52375
59192
1197
41299
9196
116885
63080
121647
142695
24539
84368
181554
59315
99421
115090
50004
180234
172849
60377
166162
173498
889
189083
94388
104198
95597
138337
17108
9996
174598
36238
73763
66225
109802
131817
179331
83027
56182
49964
35951
83229
183344
49421
192363
42049
187068
114303
190337
22354
110051
85739
42887
122825
10374
196499
102345
133888
188128
55168
178058
39270
36536
29033
43055
27158
17291
99520
86530
39247
87617
96997
123040
18490
81750
39548
53568
86362
131804
26763
26906
106078
75730
168578
22004
173847
25920
142452
130773
148620
34295
37737
87010
71362
197020
160694
152688
39029
199851
134794
196905
127683
112186
66192
140594
63913
167429
85847
150911
14629
189619
126036
146291
77689
140849
164618
174333
102467
60878
151553
91619
120457
70302
50621
3903
113414
7809
131541
149692
22735
87388
22216
109442
120849
25129
2145
188488
60469
198571
21978
95221
192970
195710
119662
43073
18979
137001
45750
134752
8542
124995
129728
91218
71153
24136
43370
43570
185122
35833
26860
85495
118465
20084
179103
95931
42829
88842
5328
92067
127414
77981
97622
90821
109039
24593
123573
138371
86221
61814
92811
61313
135625
89683
32488
49315
141155
173063
72915
21166
108133
98680
141825
182937
132752
175472
71048
37196
91028
133061
125713
28767
105521
102225
116500
191099
26410
17063
74391
26518
152631
146658
176484
64444
101638
97336
7605
14145
187356
20387
93729
179648
9946
165940
53721
186447
59602
53812
176240
147587
80293
151060
122450
173043
198904
146855
120244
109453
57204
170118
166574
131942
49697
20225
169053
185409
9813
152531
193622
197945
100353
113030
81532
159598
63832
16741
79967
143473
27810
167490
9604
163320
156348
92549
162304
111939
112586
197325
131791
160226
21085
61942
28304
185630
162595
73348
31912
15167
8055
169729
100272
122050
135911
98561
91004
29501
116217
34713
133140
97165
169190
17952
111556
164701
170149
64397
92357
70541
89852
36921
171505
116968
22377
48032
149959
153505
138949
79269
174299
47595
63570
185029
25783
10899
175942
3587
127653
176319
13319
80337
7505
165759
187848
60867
159976
91227
197132
124196
34495
191776
174783
7402
113450
164436
90655
124079
72139
94294
50275
148669
30057
185447
97338
33003
89072
199825
47084
120434
28943
42661
136906
12423
168917
41717
96196
160899
25190
13594
32307
197818
46452
39233
20397
142199
167436
113437
166565
121339
82888
100440
149194
138941
121424
77874
182076
78478
54209
46105
147636
136813
118906
102741
77310
70855
74606
100576
83577
29039
179085
191770
52675
121851
100102
78813
182642
29346
27044
118385
114710
172345
146646
190395
119411
12742
58843
184818
1254
82023
40510
149977
374
183161
109854
106239
45195
135140
172720
153673
482
139957
106576
114853
79442
190926
94660
131382
74946
36285
44172
42136
67854
69175
5200
100966
124763
142687
123424
42916
76487
82516
88223
125289
136584
142998
118378
59463
14461
26229
79232
102882
62786
20770
58115
29536
113535
177557
117591
182901
18091
87115
58991
122802
76552
74359
128580
81500
75093
111352
43184
89948
156985
4713
81224
21926
17701
169661
128455
45893
43278
132415
85493
37356
21469
162870
89927
170236
165381
70262
25740
114289
83207
28115
101516
61188
188303
94259
196812
121090
163166
61775
145070
81823
100529
125111
117212
71749
45237
108436
138665
97168
197129
118394
159955
131261
97915
137575
187785
180104
151609
30790
20908
54065
76796
82862
1472
63241
193364
16142
42455
160241
119612
132243
88140
110089
82676
125012
137668
128228
122465
51475
79382
83748
19945
155591
35050
166078
7091
197272
55067
7376
2254
147011
162245
176675
9678
145452
583
130986
124941
111119
30189
56445
180963
125677
54779
180112
114783
62690
97940
136995
89248
189518
63234
183424
45911
42463
162977
44610
199205
152288
141932
31508
112776
18999
12662
97516
111606
51666
111318
164198
183678
156933
176618
111534
193396
95173
22582
104434
55727
176049
128121
50738
154945
191370
136105
128362
170708
69829
106899
75324
183065
196069
89877
117865
88307
87235
65449
6679
4002
136682
85098
58247
123910
193573
49333
71281
41030
38327
194145
130889
67132
34871
134479
147694
1627
8777
89320
26372
21238
123137
165723
168041
16154
70222
98231
44464
32399
163903
81678
81235
133755
158253
139594
176918
74718
150099
54832
104865
154533
97083
165122
96007
190580
156707
131557
89967
28746
25136
122659
48173
125363
193324
155142
147167
77929
67546
99048
195766
71419
177129
97882
79630
37165
22079
66419
112273
70872
54082
100513
188568
33823
114581
168968
120538
78562
86719
36211
179601
40773
136848
17319
101458
195442
45709
182355
185486
147454
105243
124705
14399
80485
109754
35976
95759
170182
194971
150010
99860
29428
98071
3760
176643
16442
90273
71247
90339
115179
199516
67590
101153
63882
125844
69140
180749
5870
34791
168890
86749
100928
134927
48484
12988
68379
181129
72828
149499
63700
15129
112294
140545
75286
195011
163647
132037
183471
154212
184467
16058
145505
7489
112081
183315
64134
71648
35837
161721
15638
148906
99383
182869
110959
79170
63460
20297
35350
165541
101387
56926
165679
110954
47448
50989
198965
40505
83584
32129
83463
64434
164895
26606
121477
135812
56623
18310
159124
173718
134461
139916
83976
130096
166874
115310
7392
89131
164674
91075
2762
104990
27136
23925
118393
170770
138569
122998
23586
41303
190823
161486
117055
53532
28421
22836
82660
124916
59749
176375
82568
156800
137964
199464
87760
191217
30855
28201
47147
123390
36709
25660
114975
106923
66220
113349
28274
77255
33343
128563
59066
74791
167959
142226
107637
170737
150681
99195
90350
105960
35060
93270
147152
185755
17252
175967
132022
152027
11910
4642
176835
48112
152793
151346
152942
97793
164892
199432
111907
170941
73243
12649
51136
198018
8112
178266
17885
126847
116699
63695
172374
161737
105038
44700
94514
105264
45355
122335
109585
84420
1095
151742
177265
64075
108315
95326
135356
40857
102033
107795
88418
184178
128516
122599
7084
81749
130843
142788
23018
154495
162880
7285
83519
29545
93706
179088
2698
189450
193277
32885
130801
98605
6498
159127
146667
92211
114259
5080
194212
98425
87070
110913
4177
39615
158097
36186
19534
106727
101915
86992
84897
137728
83097
95511
197832
48466
173194
84375
93446
94411
55897
36959
92188
146780
36532
139766
139604
146684
150972
128569
37340
80123
32899
155380
55087
47126
103815
197840
82383
134743
186553
136236
175252
160083
84018
169915
183380
184596
11580
182331
91406
45214
16000
184777
43296
1415
121259
196220
70400
2486
79354
91766
97307
174785
46877
133902
199867
166608
9381
119483
106417
114422
13633
176476
145275
59808
126716
44453
167591
76395
15004
66250
81589
18918
96520
113944
68211
24809
199040
8795
102101
86257
144270
167482
152913
47532
71958
65937
54201
41397
132449
188683
41675
107176
100774
134398
152104
14625
98638
99250
136296
73331
150168
29682
84253
107402
67499
169967
108419
19942
136990
183941
134012
188565
176458
43876
172061
138962
20112
111550
15703
17117
163995
56590
30701
165227
198999
132589
28187
9710
123784
151766
46994
152958
135897
191338
95097
165646
74814
153344
188188
109435
83727
48881
194119
37141
179118
79600
146410
121584
49413
99354
144869
19579
134621
89734
77440
162598
183082
84004
186264
180001
84107
43445
64436
86888
183388
159854
6146
30003
58816
43466
60064
118519
53602
137963
193640
152691
70467
125474
181981
156118
193561
11764
41637
197328
161067
141849
198519
195535
41779
25661
82346
119543
176966
2239
55854
170393
129601
137743
97784
15428
82371
88546
171607
155561
182428
196593
26876
148468
129296
129055
138964
24259
57729
64039
188812
23511
12651
30823
138477
83995
74402
191840
187898
152010
6782
91341
192805
171816
17187
8207
144211
117217
104293
5522
68965
94426
40238
164062
88181
83481
63391
62869
183670
52706
24455
186941
26513
77956
181639
76363
66403
149438
169983
92450
182713
160043
159941
149476
176031
175278
97027
11503
174832
101552
147441
134543
33855
95586
79418
101709
117019
119743
147854
152538
70190
158528
7145
21222
84002
23293
152711
134134
30545
97889
75657
48975
28533
30820
177078
116623
82632
130596
96828
45739
36753
144389
186888
112446
191143
104689
197918
3798
131668
116386
32274
21783
140183
59077
145547
31348
90609
72355
143968
99531
116710
63963
90596
121914
113882
153628
186753
184525
47045
101340
12300
151052
119826
182158
79335
186497
113224
179826
146136
77085
5589
192348
79066
58267
15358
11240
141797
6481
5213
102452
160015
98436
20365
146630
130091
86676
22177
84109
87575
62377
82254
54813
54111
119199
185993
56995
143270
18627
191612
183128
80879
25422
99921
123523
37211
61464
72801
16544
75320
28469
166429
135321
181707
197599
120347
57926
52082
154888
89178
84635
66546
198087
100754
64259
49676
189033
99534
102219
179200
157024
62512
188350
135820
187957
58590
179037
16631
29991
135241
16893
167050
75486
89572
72653
1643
198945
75865
135353
14022
131604
104836
197248
37274
199202
179009
33886
149239
42030
21431
171054
86567
128470
85774
103743
172201
161937
42302
91217
72302
52942
156408
30939
146262
183768
184934
76684
183977
89051
67979
194997
79175
132838
27064
102525
15822
125494
43812
149446
34138
39719
128792
178330
62186
164764
67469
100268
133439
123172
51368
17377
18197
128601
110444
93765
182146
114892
141082
41499
41191
4501
142704
187702
52150
51827
100326
184148
86519
2159
30093
92087
71478
130698
145128
53371
138178
129740
106243
98699
153163
49626
135604
25521
140766
85522
145602
193421
158368
10759
199334
90461
162427
159249
182269
194610
128545
118002
179736
6311
160551
13378
37122
51025
83702
28959
73065
14689
163596
109644
159510
145539
147231
81134
136359
78241
134827
50732
35922
132351
186568
166843
127193
117195
33112
48926
128619
30015
176123
190450
62255
80603
151182
111394
23914
178778
31257
37535
42559
161315
185468
72381
9429
53814
195095
40183
171846
139276
136985
1954
28194
195503
9523
106765
79132
181059
145095
113766
63502
131656
138306
125907
146756
127795
88057
155193
21224
68779
161156
172214
44710
3651
109625
4519
118930
19799
70818
36698
87593
40582
31258
11218
178210
146490
38609
51286
168611
177929
52826
71231
128774
36792
146782
108020
198707
104706
29254
72108
146616
178720
117999
146100
159685
90681
40883
182321
25796
192589
183213
195973
173741
161210
102874
178236
91537
11327
129219
64538
87345
180936
179311
192341
38495
113547
186731
83581
24124
124372
8674
189653
133091
68312
28813
127036
43687
197909
155671
198713
55556
42297
90878
186355
188631
149573
42838
111902
51902
163271
172459
81952
165754
58643
47259
147906
18747
187823
78616
55633
101739
188682
194028
158234
117218
125615
134726
184855
23952
152808
192511
172769
193761
45199
102981
37695
136971
44691
24226
83503
91119
21977
119144
106953
78101
1103
50935
75528
181285
141170
137604
154948
182557
194705
188361
181106
140492
11087
172313
62362
68826
59218
29431
182260
27477
190262
53468
114808
33052
45607
126817
2842
34621
111875
26358
21907
146824
71256
98214
3752
31147
164385
6603
6264
82763
176760
8293
159768
44376
106904
13123
30301
127316
129390
61511
53309
142145
9509
97540
139053
114650
80672
21575
183054
174663
139719
39055
20304
12799
198430
126804
166383
130555
179606
30308
76965
34374
123657
131405
84783
48643
93489
177608
196017
173563
191921
83751
86415
90156
66933
136486
119204
137587
73462
107207
73239
9497
43858
166994
20909
29268
8234
193507
168182
72850
151461
63040
22689
76113
8310
99794
124520
53387
146812
15374
65079
185266
42234
98602
141531
53554
44782
127763
122037
44681
133619
30100
176462
47726
144857
125319
120804
30278
88567
62807
179557
99478
1176
77655
99087
66981
181066
136097
26608
60417
92178
71666
16928
125652
157240
156287
186253
190960
31013
133165
109895
39880
1604
11367
144571
99391
126778
170744
91961
106723
128761
23085
92808
195239
53533
161235
166221
145933
97132
98745
4538
7627
15060
57755
75627
133112
42152
127623
14916
104486
186111
144087
104547
119709
44304
88791
173799
27886
135700
91776
135661
169822
108011
44843
128581
10840
132690
67785
49367
58765
46469
194892
104286
165803
23350
48763
89854
98308
196161
197947
49624
14673
176239
44597
184395
191430
97576
159857
108674
29313
123837
4533
149882
4046
125069
85608
75257
52379
38085
195350
70162
22296
8417
94582
67354
13103
54077
59605
74960
39852
59643
31315
116680
54604
69881
19272
103922
170138
87284
193662
39849
74217
108463
113243
78550
76120
115433
48471
169450
67783
8100
167452
196676
122159
7341
65154
22775
185097
62059
96026
64710
76583
104686
84136
146737
54365
57008
83050
163530
147515
179067
130784
107716
153300
13565
140871
106027
73683
73098
128254
14241
133455
173884
45244
40863
162023
153182
76638
111241
104418
63072
195991
191249
196419
116166
139390
82700
165231
7359
12790
190184
155680
28694
136611
74549
190750
189817
105747
162220
136789
18359
105233
55931
158169
63420
11610
187124
21756
180145
181838
97641
2310
3199
14817
162981
67414
154173
182075
105449
24813
17136
62263
185045
150968
36592
106676
9075
48154
145182
8498
158476
91966
5473
154246
70556
122496
28792
150902
16782
75582
24220
29626
42713
84049
30088
185416
165239
113198
47463
117247
107172
144304
172930
14273
112810
24657
150096
160801
161716
115376
42115
94104
7189
41482
53856
59580
3764
47058
147914
100942
59276
124301
131522
96624
175181
172636
164398
152052
158957
71374
96027
29556
25963
74354
164065
4485
107289
9409
190861
80479
128872
47825
67090
128013
117804
127125
115165
185240
71317
146939
147746
115317
47860
176251
5143
165002
66334
182653
139692
44754
106126
167293
104888
165249
174457
184488
88829
36013
35845
96396
53031
155287
87802
138726
198096
188010
115773
42383
9372
173188
62958
41136
20340
152524
114360
111916
12526
97938
13026
487
193947
42056
44395
128765
187854
198663
53912
95234
161684
154605
54149
2364
39180
12656
82966
69452
157341
127872
59137
77445
129085
159344
110955
81219
85662
72069
167431
64729
153561
34771
178376
48866
117580
170596
186148
124195
92192
151872
132736
184906
19182
164066
107362
76628
3946
23101
181753
16060
19493
28870
59973
193443
197451
192064
146352
60051
179989
109457
53684
191425
28973
11440
140682
71522
150404
105697
23956
61578
31688
99151
173986
145961
11899
137617
71082
94097
177362
42656
37723
19302
21890
199279
49702
105066
53357
65774
125174
140265
33354
122107
1904
91066
94288
190125
130731
37006
128227
18299
122339
64618
147759
148267
171452
163066
151388
137893
172381
23902
67126
146617
114047
34195
23363
62451
40629
12075
105207
107968
140010
13760
137966
3448
166099
165449
42221
183609
89743
87601
112906
50312
115518
65242
165819
73848
8019
36786
119227
127231
184558
36778
115803
75625
41164
75490
192457
63679
105548
176298
122102
154524
108159
77966
94147
57479
115057
43797
39669
5660
149558
184426
160696
124508
8364
111233
47629
9558
158990
101931
131188
40137
51649
121345
97586
117956
15747
100980
19064
88473
13973
97484
141736
144039
104647
142238
9152
167476
37673
112232
91137
125067
127999
165090
53442
38809
92878
55774
22659
174534
128890
272
129888
181339
18307
62950
36627
46173
104353
12617
141010
158315
74072
124258
110409
16200
28170
168845
130319
156145
185637
108338
48571
147905
127883
78501
12620
71871
102810
93856
3430
175109
118072
53272
72173
149786
78245
61923
178215
189757
36655
156900
37296
142409
151833
52049
12622
71794
65517
119272
144273
26296
192836
121513
123142
76456
81926
9172
188198
152646
149279
173499
31084
46972
104851
182794
185525
123968
172165
140077
164448
171723
10890
165266
152836
72446
131959
83053
54001
