164021
100026
25571
162726
124127
50180
138078
94361
7368
117467
36967
72609
74169
69099
20748
136799
120221
105045
78578
36448
35806
63778
131010
115781
197313
46498
117254
19644
188525
86375
193658
155066
95649
165071
65289
174296
184041
138214
119481
21637
4436
58798
81618
99310
104707
172218
116980
153519
109602
156515
175760
188263
61365
47213
152369
78777
63233
49796
39613
172139
35577
67379
14243
29528
12205
47607
142466
145803
107236
83040
118954
146798
97551
9182
6476
41099
30917
14964
9458
120334
86187
136994
155927
44545
148686
150303
46472
153186
31469
36085
46428
116832
21858
102508
19068
164452
11235
5271
151631
190613
157577
113476
70485
95683
10157
75455
18695
173636
43801
14127
13824
13349
152196
49170
10155
1460
129053
28118
52388
5208
79303
28994
185795
43066
168081
76676
37983
135550
66722
51189
90218
143239
10250
93116
174488
91310
124046
151184
135196
60758
91798
88688
34850
72858
40276
91810
20256
161030
194834
168806
180971
19672
165429
5402
57542
43525
108812
36064
32288
30524
28323
27029
144178
22650
60702
23752
95646
5485
140710
102681
83536
142036
120259
186602
80737
103965
69503
23700
18014
47843
4662
37142
158089
72908
32898
131946
10362
32253
119349
83326
3853
129831
90664
90425
197735
55174
180023
83409
134888
94983
69412
191322
41489
8786
179508
45576
131820
85813
57566
46894
30684
145121
155725
67558
118387
22097
32130
108082
121614
158734
196157
155757
26294
45146
91696
157752
104885
45981
132586
108566
1554
118679
123998
162836
176191
159156
56151
65258
115486
109432
185604
162680
2697
171098
196126
143878
90066
31591
120375
104113
55754
92047
95695
104205
3909
109289
85144
175424
39728
136841
142062
157000
183844
67812
25427
181946
91638
28910
198234
76237
9874
7105
140947
199521
19585
20083
57833
153524
21716
121929
12792
117666
138227
15741
45374
60057
5465
177965
51950
1179
182478
23163
126696
105225
37840
22699
93056
28715
120883
174503
195651
179945
28004
112217
44494
5570
135856
39567
180527
28292
169961
79311
150235
62456
106701
124728
183694
117863
97450
19629
62506
16221
40869
63659
51088
125420
129961
42983
174951
198606
91087
177921
23702
112991
41343
121585
163131
153483
81705
15366
80345
134935
88078
67287
41332
67604
154292
84537
3283
146776
119372
133929
99642
17304
142189
179173
190723
53620
192273
132979
185207
163546
40188
93317
154936
194778
105741
10633
48901
128835
146886
128555
180174
118745
174397
48833
17828
188874
109646
7010
118960
162850
154479
77664
42206
125148
117115
55491
81522
85455
86836
116262
161929
12389
198518
179797
70958
14903
84816
74226
172468
46668
73328
58271
129718
21596
154436
78089
168878
19774
59248
116918
175656
88902
76081
26402
113799
59533
182030
106234
1059
92318
90686
189649
56839
112000
125875
14191
196406
165842
135485
193156
62947
199406
39392
25128
68824
130365
12402
85192
189785
76799
36914
40935
154485
46291
98424
1685
128353
70013
16013
5082
60539
171801
187825
4161
166187
45287
12744
96625
46728
195314
83065
82291
144225
75961
36581
81455
132906
103603
172958
169904
12264
126241
49641
56898
66960
127206
149957
183167
94506
48105
137999
87102
169555
166862
69517
47910
15311
151240
179566
161507
67332
90506
25170
76167
179474
160484
113780
89458
114995
100493
1576
126958
134355
103354
130146
58334
137858
9215
111342
134224
185360
87126
156828
135940
163472
94406
167450
38275
112485
58317
179132
41738
27416
45855
74336
151774
85004
183612
146408
126751
148859
19445
137299
126033
67121
70031
150757
54172
130865
85229
47066
176133
158336
134342
60628
16913
127061
117308
104327
61834
169490
189340
89432
36171
42240
120474
165085
107135
139808
143893
140889
128146
53661
127040
15598
23923
199787
11983
179061
191905
140046
183966
41857
131097
118521
195364
102787
19932
161376
102359
164627
73241
183938
73957
40475
37718
131200
22795
64372
94249
141624
107489
149441
71511
9103
26010
166292
189156
102393
127564
20818
196618
38659
81272
107204
189048
102444
93162
68986
174067
134575
87158
174893
182434
186897
48291
92362
128507
156050
190233
97473
87615
58425
36975
144682
182470
193967
195254
157983
96601
71126
97724
127834
70375
3507
93671
95168
187673
185246
39939
61173
81888
4267
108091
82343
138597
28245
70992
34266
60979
15731
153990
120189
93633
81594
153230
1871
137039
89092
129651
35444
153702
53779
7387
122984
23246
1358
124283
41473
33007
58528
29079
42901
90561
71925
178879
13110
175274
122560
109006
66161
123835
118226
10720
45767
168508
140042
195957
80756
108679
157889
22846
114990
93202
23349
143358
162350
21558
157118
64100
28997
93305
170282
134857
102309
57839
83710
32265
83802
167633
101356
165147
143913
22957
111897
194295
114318
143783
130514
50268
11930
107629
6009
117571
106973
79454
143126
41383
190701
68404
125969
18002
156953
43262
114432
145766
184449
42114
189096
114709
196353
173199
136896
134895
142581
11269
104614
114299
134618
156946
113711
194793
51882
170286
182343
29535
193150
62791
117732
75968
174657
101297
165563
149581
96484
55910
191682
196144
173510
119643
28488
103519
166790
114352
62707
29188
86701
82800
92330
162888
5322
173039
170729
40100
175343
110092
91647
69166
46503
146856
78853
44532
111181
187736
47568
46824
117194
174662
117719
1977
193687
156511
159087
53196
135333
65612
79652
154785
136442
91175
118650
108273
96841
116111
180696
95562
80216
98400
43361
162434
178981
123246
110950
24894
34098
47737
29900
119816
69126
67540
87851
138568
43711
88463
37525
13181
90089
169989
198207
37204
145906
95134
47699
85412
52880
86670
174830
126285
169206
17707
28786
107459
90363
85200
6022
124053
105628
38690
34854
83030
20802
27408
95553
3366
82999
167314
82428
67092
195938
58563
184767
181534
125437
158422
35006
146049
163406
37458
186207
44332
7207
29892
140626
125348
75374
62457
162430
73564
44528
121544
101018
122705
64375
112935
46255
117395
20535
11134
17799
99729
47202
11123
122217
178966
25368
55800
106247
161320
130790
62630
46847
3215
149907
25178
162784
29191
105370
123978
123491
137901
162
22121
149135
139245
101169
76516
7754
52824
143855
64945
76074
6457
40409
30962
113233
120325
187528
109636
147919
11701
107724
34479
167826
152286
61705
61593
93852
160890
104844
176022
31791
150071
12917
60634
62309
51990
160631
83774
124020
68294
127514
169125
35583
196846
122161
34177
14932
118984
174622
150675
70692
63996
44115
116905
76398
195822
82882
96611
77282
71944
112603
117371
194140
195603
195604
196966
95457
114793
97779
177811
113000
146016
111378
76274
92559
67711
6200
98169
95039
87185
149960
19539
144103
6700
192377
175906
184424
18137
91385
60325
34822
46981
191259
198458
184614
151660
131723
92127
109063
101907
63598
194083
173339
59630
124464
42881
115247
119279
173113
17460
76422
142925
129203
87113
159575
82111
108975
175519
44257
131043
139924
191160
62810
67091
180999
69637
132523
175673
19364
159039
31311
78386
89915
91702
162516
33631
29964
92094
177039
44748
106022
189075
84719
52023
103324
126041
81568
30284
49358
101129
162853
22419
9649
84081
105502
68729
34068
52205
29078
150253
192580
163852
71463
3457
115357
181390
188768
103751
30465
117914
13239
23115
64724
152008
99433
141012
53587
152641
117204
26767
101898
48706
86663
97202
46413
193334
56165
198123
115049
186692
81630
28686
170053
74355
94101
63898
183902
148702
112119
181049
102446
194408
117670
24382
159729
4764
135343
121992
70490
97070
184040
104235
110425
171494
117028
119434
158122
175516
196838
39830
65488
14500
44344
137144
148194
18763
169328
165012
146467
170497
49482
168485
40160
184411
158503
673
176714
174614
150158
62236
141174
162835
175882
135487
73055
53985
105515
56684
14802
148151
188459
27209
1178
164425
114651
178746
58684
71396
198644
186168
147560
160547
28124
175575
84967
12157
194440
109416
57191
93357
58728
159316
43437
9387
173426
128157
103038
114109
6519
25820
153478
109472
166095
146582
10376
185462
112740
146983
26738
128393
90557
162576
142978
34963
184955
144305
27261
120238
1439
70815
79264
99229
174043
49131
25674
33250
185705
174187
1325
125606
147056
108229
155650
102162
143665
86926
53262
173471
44401
103291
70890
187664
73152
22231
170633
8536
196859
151166
39050
31336
163724
70871
18819
177267
147909
172629
7969
75991
75008
156757
186675
56853
95714
70252
94389
58813
92468
48470
116578
164848
145664
64892
140373
135955
62574
15510
181704
164613
3692
45171
72870
172758
115139
153500
76622
184890
140508
167724
143379
154815
82811
68459
15694
175107
8252
2661
183303
110969
5190
172523
33333
170384
43514
154384
46513
111883
61131
60287
57286
126486
48137
58862
126375
145944
76369
176142
28444
11393
146105
27399
137558
45142
194162
85500
139206
183879
36050
29134
29167
73551
105883
173132
175829
128142
24061
8750
41652
162687
122900
96681
135646
184698
85501
26113
109444
179390
175510
51600
116223
22759
169375
7320
181558
63755
164061
122155
149094
12754
87905
37829
186864
43192
119981
167019
43781
50829
140079
75337
188577
157904
123982
83382
97826
196466
136820
179264
37260
4154
38045
3912
105785
69668
97425
114363
32841
37939
5701
174723
38166
62438
77210
86625
76439
40679
5772
160453
160269
194870
112905
172852
191791
36413
71025
30384
7615
188082
107937
9555
166759
147430
4337
118011
48249
178491
7650
41539
124060
136232
63359
121652
196428
51177
76111
151567
191723
149159
126326
44705
88909
132419
118630
128118
137805
33746
127128
161224
179162
186052
95857
29236
95739
69827
16761
26781
22929
73839
166506
53153
64464
55818
86507
136385
65157
58105
132208
120546
134378
100161
143484
174792
59262
181812
154673
111345
159954
155190
177979
173216
34722
18708
195663
64284
87427
131069
143950
108824
162402
109815
79553
198310
186627
174861
198217
3866
18323
174121
193919
151635
18754
163713
13665
182230
5858
61130
32087
50557
71083
177981
108038
148205
36180
80236
151352
135390
181522
198149
12924
184780
176571
64082
26019
194902
38562
151457
182181
153823
176502
145768
93731
193572
107224
109898
149807
44838
119457
148094
18435
66650
58051
113404
111054
53790
127926
181675
121898
125807
125435
160037
192284
165276
171842
90037
54861
51953
33337
46516
70254
94092
242
107276
22678
132962
112946
143429
75233
103688
151651
186923
36273
156212
102411
156422
130017
25073
41587
94306
79102
83239
19840
985
10444
132162
64506
34890
58680
172990
27519
72945
37598
76005
143280
181309
77891
46359
6767
194785
55132
109240
25027
47385
190974
9278
56364
36207
19134
70910
122390
112333
26313
186843
162857
100348
106541
40526
156578
77781
132749
197621
100714
50117
76097
56413
56358
169750
52741
49890
2810
94196
189059
39632
175507
52680
69502
152909
190493
119276
2196
98463
62426
120720
87398
152916
123354
112752
62514
167327
51871
104252
180858
66199
51126
166063
169633
199866
193312
56799
85898
173345
54949
10511
32313
33536
180188
46784
117353
176952
641
47934
190561
44187
58626
188108
111725
78482
66405
12374
174144
136280
46885
154729
8419
112328
128113
10805
163899
178844
162447
195024
162639
129869
108602
23984
10041
80364
13826
103542
90974
47484
108554
13275
133015
81622
24000
20303
188805
192223
50859
127880
46358
78486
37799
80207
100153
63376
6205
125266
141122
187751
26799
95368
93676
94316
54350
2904
28489
101148
107155
118363
91018
185127
198647
64185
110384
175830
139377
76670
45969
135838
58237
20394
105909
145712
19404
163025
90414
68876
127057
130218
167133
170701
134045
14851
150499
160281
18114
65041
12357
20407
185115
137641
21688
21906
36346
94091
57436
60521
118818
147608
21405
88002
150202
43222
278
48229
85988
34191
36109
169367
77634
1476
10939
51481
60240
46124
173944
176354
116096
198141
28312
152402
5014
142720
164177
60035
149027
148348
98325
134846
74066
6850
25906
118892
114161
186746
188043
128870
20217
42028
59186
79402
64414
47997
152234
154648
143694
63509
107787
15812
152568
56878
152475
117963
73921
111462
188352
21456
146829
173881
123396
88023
111752
82056
166878
176392
89603
171727
5108
163564
16411
107041
110018
100390
4598
32053
175117
36647
193543
15412
109408
85123
165722
52496
120322
109322
14720
174947
135524
52378
48327
124847
1927
173698
73510
54262
165801
25890
111619
124619
100742
57138
124939
28164
114159
165056
108653
102698
32016
2929
147762
111265
112621
89836
46183
123980
191097
25694
18123
120982
4059
36060
44554
105397
134614
74477
16628
88512
5469
106632
12989
15134
142909
55551
10201
94166
86820
148096
195955
103375
195988
80575
10747
33643
31083
9883
144913
151818
14862
53709
178505
199009
66391
99014
14008
183794
24075
160354
126588
24589
193564
32517
125090
195664
99840
99181
190157
138839
50739
38047
150817
53366
117598
49583
20044
111088
85685
116456
139506
110921
57785
140462
75124
67276
147291
17936
51269
194969
59121
88959
29137
4588
105952
20911
139014
59242
97102
163095
14439
186303
119616
140199
64505
47686
4347
18060
122057
199156
12446
27773
182099
70735
70641
39886
51813
73342
145632
135723
106030
31122
24531
167582
47079
98910
26426
83920
106383
75965
160038
63545
97030
70889
170878
127058
147436
91652
188868
84793
154178
112132
154777
167159
103191
37263
90469
13787
65791
189845
133192
187999
99304
190819
186960
188282
38746
147727
155464
60494
145800
119330
85437
22492
107471
190401
167818
117839
6522
108950
61476
77872
51748
86558
196786
87094
95321
150269
51107
162679
82222
52505
86484
186425
106874
68818
20008
48376
7946
1393
41072
69382
86483
167388
6702
179560
22842
125303
162336
32760
43822
181304
92865
143019
29186
24678
50324
186966
161841
95189
43480
49573
50960
174135
33601
136155
76361
65652
95873
111325
81623
79687
125500
78230
154086
94598
187259
157727
77482
73145
101847
125384
159654
91804
121167
24670
150784
178256
32384
138236
100830
74990
4077
68208
163613
33523
52944
79369
110820
14277
161395
19249
139122
49905
195911
199979
86649
70314
186439
128109
81640
135036
28365
148738
180852
140614
32295
141826
19529
20377
75853
117614
83545
52027
188844
109256
162911
134526
45542
177401
138896
112887
114879
181161
69398
67917
158429
22010
40462
84027
29833
127904
198412
102449
150788
83531
45612
74353
127820
87499
169914
17320
196747
4800
193976
68630
45265
73910
74648
108744
79983
26072
44276
20278
146169
184998
21769
126609
43903
144109
141979
20086
36924
124252
111957
66148
15702
123383
147773
30756
78586
21293
33441
25750
167856
58381
23729
190460
61465
124108
21555
103684
75515
74040
182575
42839
78636
197965
32453
101569
199621
47356
39370
73880
189562
124594
115446
180926
171219
143102
158411
170898
158999
17352
78315
78666
35587
20767
83626
162053
108381
149889
1371
46765
97754
42500
133710
74056
173432
67380
64530
175179
90892
70449
35805
180059
182727
11640
37314
177194
22589
180533
36436
87656
135546
54506
118723
35098
29439
156011
36001
87484
36743
62715
124459
92976
2447
184457
48710
61891
89884
148835
141521
195127
185272
70683
1112
55557
63076
193786
154678
101128
7691
166575
195948
16684
149775
81795
199749
174108
190762
4103
11391
97320
180676
57457
124179
155280
98073
129892
7913
168326
54403
97154
52176
150430
67984
82958
168112
109278
107776
11368
165233
97606
143136
173347
1839
112932
101746
190031
179963
140128
150402
68129
113456
115153
72922
25385
115297
192813
85218
165556
26793
50219
44167
133162
28087
126066
150759
112102
54380
117257
153400
92547
119775
72437
53750
48021
150865
54583
123247
10766
13084
8803
181068
8076
3816
97094
31394
122910
59518
181491
23633
8581
101494
178163
105503
154170
149193
140004
27382
71234
184314
48254
4474
129234
61627
163122
45579
184430
155867
51586
157420
170400
188025
69670
159152
10476
265
24737
124356
157366
178968
14816
140534
52539
178727
98008
177554
129697
86315
77370
44410
142597
159015
83817
122692
131477
5282
193930
44408
79975
139294
154139
135337
151775
45491
85701
101515
72576
153718
50754
183660
79583
20571
81479
112384
80204
171796
40119
142727
41076
31189
194302
134127
31998
22584
77752
194898
142881
123075
72397
14229
189429
198646
179483
163179
162246
54764
61541
156636
178903
168677
115863
8113
55629
119427
48976
177011
176116
6160
110175
119487
139977
14168
53114
132359
188966
99224
55183
134362
7450
80611
110348
36540
34599
107605
90086
75209
138812
188556
111607
127678
129472
199663
66838
159762
101885
84840
51045
187565
101202
78660
163281
113006
101255
10897
57227
173624
1562
40824
29394
78160
102266
189750
53901
169773
139165
86374
135590
43758
177534
182744
109804
60745
72289
175304
65223
174277
53586
136493
43178
188751
4494
52106
92341
4198
65671
13397
189304
110862
162098
79475
21382
113758
170579
70244
118078
22455
79012
80958
118883
10557
82950
157866
82677
182160
10519
125145
95540
79957
49023
18287
43290
170670
92999
152722
139751
26416
165414
127635
159735
13036
106118
21055
52290
18183
165769
46600
140827
184688
141740
138123
51416
84739
158377
150632
20247
190963
23333
102418
39319
68427
132509
179097
29880
117556
41763
104716
64946
102721
97775
145245
30237
186012
73762
62191
171720
118518
90984
137444
111934
40275
34428
145629
177944
198727
154681
124749
54207
15989
12460
197821
185081
107427
19709
105393
167180
148495
158684
21276
65447
39010
145397
80802
162719
93474
172402
126246
145198
173961
40514
173154
39827
48334
192158
83458
11793
173827
170301
147450
76368
87296
34293
184793
132092
69121
135232
161777
84872
1691
192496
61951
100180
22198
34194
41058
13252
39143
170675
148397
118820
45936
144308
164007
57942
109197
36110
148174
134181
181504
109194
81215
75801
55039
156751
114912
108470
170795
51399
128400
127019
54781
146631
80229
166881
28207
80731
198600
3868
51921
156164
190687
80457
175268
187215
5347
60729
181288
142725
26850
55658
14440
196525
117950
12772
27009
160392
4372
154314
112213
134502
96755
196019
133990
190438
114609
23320
124129
115800
99949
68454
106563
58553
4408
150656
33675
46002
152835
88461
161881
173530
194958
42508
85687
122293
118898
130422
95878
106105
195012
187880
131809
111838
33663
112968
46256
98248
141009
4437
185361
23352
64747
39056
85805
119
165935
72207
165841
57592
21122
32040
21874
1697
1637
109306
50627
130296
121197
38012
6510
40931
120346
168545
97387
69445
73080
64752
8686
54272
75175
164328
191796
159943
15787
159153
110185
148008
29707
140352
67149
15438
180044
326
145252
168315
140931
148646
96802
59226
46077
112223
159318
126361
17434
111411
83910
124548
10793
181963
163996
182977
84795
197490
145762
34282
150207
60894
171423
149794
191588
92800
34009
54050
126304
158247
14777
7173
117278
10477
23552
138594
46170
131917
101191
198619
104186
175479
64384
109185
154843
117286
2752
9636
45409
32787
159595
110554
162005
57760
94310
195156
34586
16668
56489
34476
108730
13063
191524
87271
63326
193812
62600
183790
6018
133074
106691
86695
166468
174362
136386
107963
182734
19598
77197
187352
40893
195023
189302
92500
45644
4419
95274
130739
58861
62107
7408
131230
54170
140719
129028
154349
174275
142426
50583
157950
181387
91832
32106
154549
39868
134099
111935
43101
1397
120736
184189
105791
103426
101404
161491
96805
71387
117752
85905
48493
103674
180878
22499
5096
112544
128821
134505
156689
12515
107150
174465
148705
197759
150334
75752
173506
27446
121219
43492
86499
192060
22317
181383
108112
73008
127994
76411
61552
184440
14580
95163
174247
9256
98971
111102
177201
83861
81191
42711
174252
68457
80408
141008
105471
46163
174327
186939
137677
108173
32065
137486
151551
180149
33110
50338
153847
37652
86261
60339
134162
100176
52683
43853
185439
83590
27435
114031
134993
188442
1886
56932
104427
22623
6738
130417
179360
116480
53760
5706
141648
127670
187520
30650
166365
30923
83868
42672
143732
61194
148719
110716
80001
19472
177702
20498
175983
88296
95633
121421
30714
179769
197411
104277
104728
94876
43375
53022
138444
28150
132397
33670
194977
116285
25869
46414
193635
144011
104984
181806
121658
127697
149385
149261
151124
14111
103214
38181
111215
150368
62675
192632
183804
41639
132660
6557
74904
112032
115187
116701
42730
154435
43461
66172
144485
172715
46730
88438
83650
165785
182285
32629
184760
99524
23745
11556
91753
73260
110336
192783
157362
188446
170364
136243
76732
84956
120436
103563
127910
178749
10351
168739
110329
169425
64063
182613
17192
2221
107409
19823
144397
118848
197477
146323
164817
44578
11513
84980
38423
38121
110606
26257
108761
64687
87896
122950
130585
111536
72641
35755
74944
138682
9455
93440
188590
109564
133438
16224
19940
129197
34709
159440
47740
191076
156019
19294
8500
182868
159873
196845
94661
63013
182088
104201
46010
62804
132755
80322
46667
107802
105147
133876
44262
160257
191673
165758
94848
127084
116212
107587
119565
53564
124259
42793
61178
140293
30844
10440
190740
79528
73618
93459
81945
161692
172024
64157
119678
189441
130056
73003
169836
30557
148913
55831
95955
131469
120608
155514
6394
87482
173353
73232
16969
199675
44527
157327
192865
87752
39128
179565
4262
117979
82137
84916
14445
131203
127202
92368
107379
33772
199858
169600
106054
17591
109418
59981
92440
15939
175583
184478
122706
191150
128613
95609
105042
167958
172112
2943
49862
109666
91245
166228
32074
146743
174321
196696
151341
22706
55588
65674
35479
90202
130804
3950
153330
184336
21754
104718
111609
168240
168139
47907
53173
139362
84487
160232
30506
88098
114962
40671
162587
28684
36887
121336
126713
130308
99299
187756
182702
182069
197466
85089
100691
4686
172114
32923
49237
181920
37954
66620
78923
124912
152051
48052
76558
178670
81305
30597
38975
114345
109733
117983
125628
91243
164765
65271
140943
36749
93730
68471
98659
109967
10898
60562
34186
141904
172022
136852
52601
33810
122682
181058
176562
192410
101857
182029
186773
135254
99613
118782
198770
117904
12108
154745
150671
101990
139337
82180
147038
36710
81229
183102
123631
141079
73671
131002
106318
94467
71245
177878
90634
11389
170154
136594
46019
24179
68696
9556
121754
114359
154725
192988
53604
57652
18065
125619
15540
41765
104564
9978
125436
55419
180597
115894
21759
79219
178027
196793
51146
19449
163240
138010
52885
122956
76687
94528
192997
40507
138994
108077
51258
39911
142136
12852
26643
48059
149505
143030
100586
29962
118439
64013
199165
42627
93210
126556
108727
72975
161228
16395
25282
39079
5160
131629
168546
14224
127173
7458
114792
33477
48198
2545
32407
155243
48386
147206
184425
27788
148415
138864
51389
33971
49821
24850
131165
104284
149017
126341
186126
182004
79516
182636
56756
16427
81372
157342
66691
175606
104341
188809
196448
86202
19284
83296
4380
162072
107357
124513
137115
96496
133063
183422
148649
166043
2623
146273
178950
191882
50020
121443
156411
138990
18241
117845
79645
32826
51615
53408
154477
41646
176290
184784
13540
133368
94372
114732
199859
196225
191919
68198
118045
170347
173591
126282
37562
199540
122148
59732
18024
105093
99854
70084
191717
88769
163664
80190
41653
58896
51384
188382
101436
148306
89078
148587
96546
24604
177538
149747
29564
49652
76937
4233
155291
165618
197598
129717
56069
55375
123434
79485
55014
168928
50731
10709
177976
65986
134118
135420
56116
18731
84510
20838
197526
143843
191031
187469
90264
155687
103765
41518
86659
165768
124704
19416
178853
34270
199568
74165
111996
57970
129124
55877
172975
42098
186603
117244
180216
191493
36458
198979
72786
157975
171327
37063
77815
103996
45796
30175
175446
119560
144915
158085
192244
195440
8026
172123
143943
41927
197575
101003
47026
71621
157368
119275
113604
15151
111094
123560
156381
124703
78885
56317
16356
130766
138703
54638
199418
166941
191554
44871
173735
23312
184840
185973
196995
175309
146268
189579
30982
168541
173896
68865
117494
85195
125079
164465
193631
64557
41524
48782
73428
89601
152218
154591
182838
3481
139197
176912
32195
53229
117744
6370
44159
187732
132789
7292
77198
197164
821
80419
129018
21361
67707
49361
161720
70456
106362
150854
27048
129815
97766
828
133269
182356
76481
58398
164408
122840
127335
156612
125576
175149
90553
97472
175964
96639
106316
44589
194972
189630
68498
114524
37686
88011
31373
28076
170451
176532
16693
96251
14042
94131
130732
62029
138700
23587
79972
128284
152792
154404
186035
66106
104977
91435
116119
137231
155077
156635
50536
16210
112821
17616
40640
182814
91079
24464
128485
177212
182368
68497
174248
177516
184785
65283
143086
88980
188023
193754
85558
146488
93834
47692
170699
86334
82146
96208
19712
192270
140977
187562
127858
179369
13976
151038
177555
106069
87330
33298
154967
165579
112500
73156
51030
157777
115183
173429
131070
176254
112341
112908
138707
127527
145615
147516
51134
154853
154503
92338
113757
148842
157939
148401
176730
5956
40233
197485
133416
43994
111887
137003
128686
5398
60607
133886
187548
53727
93014
155669
164997
13732
152090
4636
151201
164691
85755
52882
31101
23646
174901
60912
23677
120439
129318
141108
58628
8276
46886
47152
64526
125193
42385
31328
36816
184260
127325
144414
171070
65952
163196
49610
93007
168192
91843
155619
27462
59405
78913
85024
196735
158153
130190
101748
149812
179476
17626
13739
67472
174489
96522
2260
121759
187193
134392
33419
133428
125234
42686
158110
115403
44293
142906
177459
75818
32572
88727
143296
87051
131722
124327
65570
188533
129269
77220
78388
198594
80727
173302
8056
117550
75588
49609
54316
15403
155370
117587
76489
99211
189130
78767
102534
171756
150653
139559
164944
70079
55772
108867
110857
21969
13236
104749
92784
11746
128150
1002
180752
94402
104012
155043
25077
148345
68048
82158
181171
120651
40076
166124
89344
56209
56244
103179
166245
61926
34123
122351
70921
85168
142614
169956
87526
114938
29376
72950
192136
89208
191147
100237
196959
160006
94885
94338
70808
134449
108587
30710
100901
189971
174054
18423
42440
108279
65497
162790
121393
78524
78836
183571
153084
68314
4050
133971
182437
60136
82756
189370
184331
193818
148635
53117
189611
169922
71937
96504
129054
122080
53193
98420
105557
191468
26707
38094
52365
80071
97139
145428
176603
166609
73435
41993
75242
49653
2983
188314
88729
129017
171079
159515
19312
36533
142204
82593
22910
49318
133665
131644
196090
172731
70508
151832
99941
157696
30372
113202
97491
169431
111704
110826
124231
98889
132710
76844
161526
57901
7512
160035
81898
5953
174885
12348
155265
115386
43535
66084
155856
100623
5987
161739
187739
100903
75158
18668
173256
92892
166405
13522
60936
114805
14658
109343
146959
123471
98488
8471
71539
78153
12584
8173
147367
163708
55124
3982
48615
168568
139965
46834
139700
38199
110660
108736
9287
11326
116127
146698
25211
180307
141195
170750
167013
14482
150033
65554
112451
170582
87183
7154
26098
95129
39763
119944
76213
26864
122368
75726
115550
8176
194871
153652
29201
72141
148935
120544
82494
62884
169183
91699
79626
10804
197614
41840
79894
18866
184695
68610
125194
93066
99043
16642
191323
5403
151973
191512
61549
48538
14490
73141
82521
88209
105711
4888
23922
110968
24686
99676
197281
125764
133275
72985
74615
50847
11828
18654
58086
17457
178283
44889
39162
6605
51406
182974
144472
151128
17372
63536
144532
70235
26242
149697
137627
97840
121013
165220
80443
106452
134031
164149
179966
85902
178503
16657
119594
73320
30888
19844
8307
40719
164960
14196
171400
114449
152543
10343
144671
127274
53254
172019
30319
40666
97534
110661
51719
42503
144903
159509
131206
66772
40717
54933
155830
69286
39646
104860
156192
62066
43500
170034
86430
3362
20381
129222
10256
4592
22462
21113
37348
142526
111323
49250
185506
795
171646
173068
170164
112329
74478
45728
115846
45301
82991
23591
104420
27667
141166
154064
61204
19595
25262
13381
25196
32761
111963
156245
77276
187974
144027
61440
156974
180930
99811
109751
81632
165184
75514
20614
68637
72326
20183
7562
51021
124174
25732
54424
18361
153849
94250
43261
188873
118187
6267
95820
79936
186144
83144
435
42502
44111
3134
40516
129939
89244
68263
122478
35058
134329
81535
153369
172571
69107
156593
98526
180163
46027
177984
5624
95968
149442
141373
141064
161892
146321
85136
179902
195238
109786
184884
161113
23386
50306
193234
96910
102678
158720
111024
33042
62222
134304
97728
61108
54010
61526
165382
2759
171981
7419
95451
161903
37978
30259
12457
191870
61683
61914
143485
158951
10762
188804
118937
68571
172432
89236
196396
35535
169951
40186
159188
44452
87918
32376
174131
26827
193155
110366
149633
139417
65049
179718
106566
121852
91117
185274
192409
162653
87798
4213
196834
105662
102026
130386
106114
160630
190151
12479
81040
157812
78802
24840
139971
165800
116006
164700
80873
33880
120816
51167
85656
95741
69977
131228
111918
147169
132055
76790
52422
68737
59042
6664
1260
152260
117527
180737
89397
136101
80881
117165
187150
158763
94117
181187
148456
79377
31233
105476
57913
145836
191163
101670
171829
45941
173560
30178
128267
62257
99215
39518
194621
195459
122570
23224
151614
130409
54472
95918
19811
169415
55350
51682
39950
178668
145950
195079
61176
146865
57841
76246
161711
22037
3175
120045
27378
190234
66590
120101
104192
79289
83507
66503
101656
106626
50794
129659
43955
12583
100528
175754
115003
63231
54162
192572
161902
134160
23243
160132
195165
80242
26327
85657
171297
162487
66776
179451
192494
32452
136702
197160
104331
199574
6864
180603
148189
15019
128583
24514
14991
46028
187742
112269
8487
130333
85306
43229
10030
35333
3654
158365
3640
195724
72906
194923
116626
20434
160786
131996
94669
30840
95208
61619
35319
150009
76104
26582
74876
52214
124695
41508
47765
121262
118673
75136
164548
142556
181773
198058
109843
26905
167334
158168
76845
129908
122698
149542
15471
190972
137491
127913
30555
128042
93393
106260
54269
139666
53467
122182
157433
95730
21730
57559
180835
10163
63466
36103
40322
104381
111074
199125
173277
178088
29202
139403
97148
53952
177837
195958
101779
35570
24757
161856
83970
189702
57057
127401
70950
124730
147604
20790
55190
61420
120078
67541
90422
87444
3472
170095
32873
128539
182234
163843
40149
197469
33047
119514
29526
168160
62558
15152
136109
4940
21729
10151
163165
22639
70224
117769
79244
146784
180894
41239
142434
76859
120745
185689
181559
122600
140898
141585
184638
182024
109593
173000
66668
80669
73255
93808
68106
180215
143798
19897
88556
66205
62614
186801
103754
99230
190531
76737
4611
169373
82465
41718
111834
111900
38190
21790
46180
127859
167038
64927
132961
122531
54980
161675
58153
180396
11171
3584
60139
141766
60152
133926
164742
176716
146790
43796
113031
77785
45187
85652
85703
199192
131349
85648
97050
189448
100451
127227
124924
192420
153536
18050
30926
8400
11558
44891
78694
160734
135204
30988
121637
151152
93221
62644
136636
144056
145147
196318
119768
59558
3938
164173
124192
121705
100365
90804
32079
32325
24955
11256
174357
3121
8214
109407
37752
161354
46660
42603
52334
81615
29904
22673
98371
108518
191350
100887
64120
32939
112433
70608
181274
138591
106654
129110
28946
177517
22772
56046
6674
190437
915
147106
13068
16888
86075
97264
88049
104260
12327
152330
178795
89311
90451
84060
145218
58365
95378
119602
143942
154721
163305
150209
132089
158968
16689
78606
40473
34160
62906
90370
117645
78831
49420
26873
59534
149483
150528
82945
27577
107541
112152
198421
41744
143718
147887
194359
159820
171818
20944
83068
128940
98891
189837
52420
43990
141240
113725
102818
53992
196392
174313
132765
81608
50735
36591
41985
172211
65776
51137
170410
120411
28289
118872
172742
138110
165137
152840
75609
187168
100467
125548
127581
37123
117791
165692
150866
157442
153646
95939
76355
199817
77883
25501
85036
103162
118498
18441
186048
52487
162942
189266
56797
57298
145649
71727
91549
131243
199248
126648
137503
35589
35555
129617
148324
113136
60643
7860
199526
49678
105338
69492
172341
191090
32604
111985
123331
197648
47218
43595
35609
65264
197802
158926
61905
119733
171761
27319
139153
107705
3030
101767
151042
106535
82820
122030
111863
170962
37183
110136
136122
7733
198025
146675
77494
52916
112075
39714
190304
123274
5306
58581
92694
133763
118979
64987
137193
45915
189783
124451
85970
21011
46090
149328
63686
109516
100416
72268
129273
82863
57289
97453
199014
190530
156410
30183
148318
91307
145865
148259
105195
413
176333
142130
26157
115901
24094
182034
29072
128128
80336
97701
76234
90730
142414
96586
180470
172172
42977
124075
94260
19931
122179
131130
24921
109874
182932
35892
168798
75378
27673
156368
4570
115489
122867
56515
161134
142710
150683
184111
117147
90976
354
54099
841
59455
174075
167589
165994
91937
95233
69485
68577
35047
137137
14340
65843
96363
89280
42241
54968
56398
111791
174308
177917
171652
72935
83502
195148
38216
24260
81896
149899
15923
16993
14142
135026
51108
152616
101149
117600
116521
193682
15759
78229
82016
138508
132197
43596
92022
106530
46362
36248
185913
95658
152184
14074
112917
117080
123879
7878
100351
149994
153323
154496
74181
133815
64580
189789
77656
40282
175712
78650
194229
169067
67675
99545
11897
47986
88116
145200
126100
88825
21274
10760
96115
92326
170273
153426
168910
148071
18201
116765
862
135421
78989
37884
161560
54391
87019
63166
92457
14598
169563
50971
27444
39129
40523
141742
110099
91920
57709
185035
89413
96917
20153
127026
123377
131298
83066
102464
141278
31871
199429
109535
168695
189016
13733
64260
58268
110748
194319
33135
23418
167225
185198
199960
132529
141302
183365
158676
124964
151669
2088
4946
199489
100550
111236
115857
163258
158663
8224
20336
72816
173117
102971
97120
109102
114037
141204
172481
82362
145624
762
82651
60096
9326
12814
157029
147772
16418
164014
151641
189210
59185
179739
107079
100202
98189
147811
131573
13827
14167
100017
87283
26660
186495
12037
16227
121189
76560
34606
68866
110142
59685
73209
134540
175290
69983
56954
24465
386
126284
51602
27185
80175
143571
109117
49256
6257
119640
15073
95325
116030
103242
10573
35030
102126
78607
46167
150082
54743
125119
158731
183227
187913
87716
64661
157641
119734
13467
23351
110437
152251
143058
132213
48772
129478
199094
40752
88774
142300
70768
80561
149923
79524
158356
145030
189474
128538
176394
144651
134944
30495
133369
129970
70471
16300
126024
177106
55438
88889
165247
183297
82601
129461
76926
111542
34861
19514
199747
101795
35159
71754
45121
163715
77389
137072
113955
61349
79942
89628
33040
22210
46043
49073
19911
14888
135635
16079
129128
77498
2199
97383
139421
55163
86047
104581
101139
20123
39498
158942
165832
157229
166227
192462
83182
99475
154369
54257
54712
4084
197531
101177
69266
122663
127234
104701
150017
111463
16677
134529
90519
26549
9537
68622
21032
165280
176499
76148
27790
196885
79263
95582
34891
126410
123933
16778
125007
26391
157132
60067
55026
48022
81668
83307
165501
150561
157607
61426
24937
102575
111981
122522
126707
26505
86751
41565
95228
141168
31404
45036
122120
131276
174045
140981
125653
178441
104251
173179
38392
107058
193188
112528
98892
131814
98157
167593
134452
137080
88992
85946
17827
37980
118769
78801
176631
75238
185904
72730
189745
36230
279
27978
166942
112053
67079
98479
81497
144217
130216
64312
29324
156325
98813
46321
196894
146115
97373
164207
4253
64917
189662
9318
131491
160545
162654
158076
90311
4768
116121
61936
65005
112937
24530
13214
111687
95341
82574
108266
158398
120905
30268
182880
51274
96757
65574
167852
67780
98840
174140
38731
161373
94505
82414
106730
69348
16565
157184
192471
28970
112756
167026
68515
21174
139866
53882
178325
176417
95110
160908
137359
60751
156215
128374
164180
84834
138636
35552
191319
80868
57167
193425
68494
68853
88372
63349
97924
48647
143589
61235
13038
129099
6365
24108
65275
179645
143908
39892
24414
99150
145770
80961
17833
161564
31848
116150
153013
105817
82318
190381
819
124226
14733
100674
69778
139875
744
170924
65924
17829
173873
160395
44034
63177
170409
120117
115861
168812
169033
28810
110118
198097
170626
197290
113990
10882
80803
97015
29200
45471
76396
24046
103615
126076
108497
22441
99471
107897
128264
104679
128429
118923
90870
7802
63950
194039
192577
191198
171026
104741
112787
157393
62213
24213
127969
118349
21105
84708
83582
158939
183763
131014
54259
87996
78620
198503
104384
100253
95660
192473
132389
31250
20080
33188
193895
111526
177754
33136
189496
59
34590
44733
74013
168624
114842
71674
79578
167768
73278
118046
23947
182934
170432
27091
118343
180193
107727
21918
23083
9265
161889
65587
195455
74292
72991
161534
48753
41095
168705
119843
51426
162948
39712
50903
190509
149992
12398
163146
12567
141291
169775
99112
164006
137418
145024
46509
127792
81661
19219
34746
174093
67787
22544
111980
124357
24164
16230
71179
24439
127799
82824
28572
198236
43538
155573
44789
193559
14957
198306
74596
82228
81953
55511
136576
198134
127290
34440
158644
128176
161178
8340
154414
178223
100520
54939
162723
195676
161449
124199
190922
44258
79038
71938
14183
178740
7389
177645
88092
116805
155025
149220
57981
48637
95877
194930
122828
192171
101938
4315
99896
173815
194144
53823
168401
181332
47177
61342
49472
146073
93770
41958
187071
150576
70804
84725
119979
164645
117758
86211
1134
180944
114676
2825
3619
39900
158636
75376
5077
130934
174079
87794
70792
73441
42448
157263
67547
32044
3618
130640
82873
51414
37389
185690
74117
134346
97546
75803
195394
54849
161482
122153
136865
87256
199617
23898
51522
65130
148901
121605
73110
31444
97824
179897
133088
130371
144132
115949
119970
80053
91811
48558
82457
134058
125942
83491
71512
170562
198828
126946
129119
175264
90046
4023
137402
79601
51046
18500
12695
43719
90199
43883
109622
178024
140996
145698
174419
147800
125519
75191
76918
162083
170228
89785
142011
146411
135373
186414
91317
20851
109691
43148
4574
143244
50346
147017
111018
73365
97706
109784
162503
150753
41416
159895
11276
198505
162705
79196
79584
77527
26224
54738
113602
185819
49864
43381
106865
71455
126639
115123
64325
137038
53713
72626
121026
131100
38884
161713
140791
157471
171394
38885
9592
77640
31880
27474
161164
151734
26012
96622
128993
70063
75162
20697
7274
134410
172714
42422
168166
123364
114026
191473
178884
119343
116367
135266
197459
28322
91816
144936
46550
17747
91728
90044
127244
171830
122985
709
193845
151503
43677
79010
155719
16260
61361
7330
68534
89276
190643
177673
95829
32381
152037
136294
51603
168481
146791
27740
107606
64954
759
199687
27846
185088
110844
8344
117945
45125
72384
58337
127340
47216
165359
3076
87353
173569
124368
196497
188621
87952
110003
193793
138289
75130
92097
193533
99580
34755
3750
117647
86504
161160
46172
171854
52357
65839
19956
65067
62586
33168
174996
96021
80210
125681
166595
157665
44360
153211
13273
163512
165175
165315
84727
165694
36502
77595
140403
181336
108480
153735
106917
50459
30614
96060
153204
33025
42094
67581
78843
59676
41042
179630
82410
29161
137354
199783
125709
52048
32601
41107
181930
135631
189316
88500
56881
144670
62376
55720
75365
169862
129204
10999
22078
142007
43865
48206
119459
84067
127257
168778
888
69892
139579
83583
135573
62927
64520
65611
89851
23519
90354
192690
102605
93447
122239
191980
64942
192950
36826
11966
132024
154459
132714
73815
35679
60530
44444
44437
9380
31514
115345
28423
64586
155381
158521
6141
28095
138301
136353
90537
4597
122847
14160
48478
180759
112255
106308
44900
14050
191253
4310
45543
160549
166925
180343
191067
182709
135615
122410
129829
79860
158093
18242
192201
20968
177799
138885
94171
168007
120946
168038
199759
190860
65950
56271
148916
84354
30375
24535
186281
124096
171840
67193
55865
63693
25943
55537
52873
88258
37062
761
152414
135328
153125
171732
193697
547
44659
131516
137814
160853
1180
21192
68995
5433
107243
182947
178572
170438
5794
46078
175753
1758
64362
78544
106437
157535
402
184880
145971
75898
80080
3549
58848
63343
189779
98710
144386
2694
1032
113323
16
86927
173806
4019
113917
193911
160237
63077
60108
166992
55636
196677
53171
167862
83719
80730
150136
185680
42890
163488
86665
167691
1014
32673
65855
83099
59582
30602
145809
50537
22564
63978
148337
179903
62210
32007
170192
65788
125058
43474
193477
68590
54496
87698
95278
192164
93533
14184
159587
144946
32485
157515
94637
26516
87151
9216
30255
49410
48597
154891
55213
58002
146299
82033
21144
38867
82989
27677
108972
11607
29683
120547
14587
26898
109319
195965
6067
23993
54489
188811
70603
22242
122904
155959
12215
71536
167668
59027
33401
168929
51467
66021
48005
4416
120376
180754
164152
61498
190480
155198
100539
51718
32709
108360
94731
76978
150556
158203
3706
28354
174229
97876
77928
82165
164634
75628
87234
46174
48444
721
93142
9738
171686
196937
192835
120287
61053
41500
187882
159790
168715
4943
126462
118918
37179
99000
189422
164615
109699
52941
44709
143005
41079
93637
32497
77761
31885
115365
32600
102090
4355
113819
176503
29607
95008
46636
79517
95953
100574
115208
92261
137618
74387
39988
81401
192899
28752
187009
127840
193470
26315
14291
167675
86541
197693
88441
103575
123374
96349
70304
69862
84596
58874
178010
188040
46210
15581
125896
55998
55894
46922
139847
180437
76042
24359
198253
66810
17667
93065
135867
47835
143811
199105
30894
138690
6646
30934
99212
190026
9038
127250
314
160136
80268
161528
161133
67064
14371
18434
184675
76494
85253
28699
163292
45119
154715
118759
163887
114397
24568
142293
74696
137446
17424
197670
69647
187850
85564
25417
6123
93445
196866
147135
180041
184528
175142
27088
17492
19861
176860
75896
74861
5736
12058
184747
45589
4596
9246
119867
82575
6301
192261
179155
161604
24099
93500
168678
57982
47057
26591
153880
172419
77788
15803
110120
33618
186825
34521
53474
130192
96509
59450
84565
46471
30208
83387
136746
92459
156772
35676
125889
130414
44634
101826
78881
70303
34572
137666
8982
181371
16759
184122
166273
57486
160655
36414
145323
137837
142862
54130
118160
134126
41648
125517
4022
23900
159906
68136
199770
177512
120273
48624
149472
52093
104957
101420
64366
110813
51924
76741
155694
155515
104118
160466
117584
59760
99738
168287
67630
154995
19973
43702
136595
14324
91497
161780
175841
54934
161248
149594
168336
28548
150899
40237
107328
72070
98497
179581
24823
156300
16709
166876
42175
93928
2389
49329
171997
73393
113475
138355
20149
139394
12729
171965
50959
96380
119300
19136
9406
51751
78249
116999
104354
92582
139363
186068
40129
70695
46032
66768
166981
137931
109991
26210
186182
18463
1988
62779
191267
195586
137065
10672
92957
63957
170650
86711
17137
185893
77302
125465
106810
137657
162116
140264
152141
83667
114472
64015
175727
50871
24609
170872
76794
145551
83819
42312
3347
183139
121594
105086
176038
62919
51402
93012
145482
187412
106537
163001
183362
13127
59853
198453
54393
14783
69316
124526
82510
34631
18229
125450
86033
147559
3361
153445
89940
73069
45451
96277
90012
11419
23414
15082
20760
49406
121634
195984
65208
9099
42504
99064
110188
79695
26537
171562
24255
177690
133822
160681
100328
177262
171412
76354
47003
42784
123240
97868
134671
40288
82733
108061
40511
197976
38093
122843
125341
117849
41046
1639
37193
51293
52892
45968
34509
129005
196972
132958
120862
133029
145355
32785
196142
138989
101718
3834
67800
41830
79858
120658
70777
188233
29423
46659
143338
184866
40604
11047
198698
103197
43543
30753
140919
8035
40805
97235
109120
85796
24619
150809
131674
116611
135057
150410
170917
108066
144449
30974
61421
185138
105087
94784
62595
126270
163086
2616
154912
128625
85161
47139
100140
169410
11810
145417
25585
108131
163079
74416
84361
146673
53527
156729
86447
159463
5688
66607
56206
115900
189809
192670
51988
166179
31980
189256
165174
91665
145984
129645
55366
149080
67373
185186
3541
171721
197168
95239
15674
143015
88716
44252
64694
182208
15342
81503
138218
58049
89733
107386
10400
20897
63599
193725
111000
51079
197711
184324
125573
98490
199916
87068
95244
189824
168781
160150
156002
7607
125295
63296
100797
177581
173024
136628
43468
156577
96521
141052
145526
107295
181647
74437
192793
65622
190635
31104
62719
60092
27304
138999
35744
166512
193174
48836
146701
107950
149459
95551
78615
133412
108364
3765
59402
15226
46218
39061
186222
91008
48642
128880
156624
5898
178763
135990
123181
11215
52855
88604
1980
145686
61282
15630
147153
188351
35563
73408
178186
146543
2323
1380
120473
123683
100788
100804
189163
98287
41713
171227
1453
132014
182723
24077
191883
153000
40320
44240
12737
174527
198897
183272
70041
93977
10635
67144
23617
44392
150420
32238
181247
713
115325
35198
26764
139357
161509
50662
29348
130022
122873
66194
58726
100587
104151
189657
55092
132834
37560
134166
122722
110962
70685
64806
90656
31602
9958
140197
185318
100875
194668
128868
133793
155545
65228
122027
43236
21544
153037
194267
79049
40903
116783
127072
585
162655
82008
67814
39527
83844
67096
6391
7162
43495
42014
117251
32746
363
32474
156393
143090
23122
186592
90278
138986
7176
20622
199038
92823
67570
66861
36831
116009
127177
184278
113003
162748
59162
104083
182741
73100
107941
45973
51071
131205
65221
26202
29286
16489
5758
122238
128823
184100
77474
191102
139623
40570
12301
191431
31277
140579
14478
2821
21187
57662
155939
56441
169052
25686
62883
186532
157023
112527
72491
114459
40456
106067
31891
192704
51029
46960
181529
21059
82045
128928
33194
182039
42820
176765
61510
86080
123974
38701
54125
37676
118896
107212
163362
169545
188603
123157
74070
172442
165316
11937
38462
139345
155789
90842
55340
79327
765
44696
137534
50679
87042
85059
162268
143405
166644
56782
12903
99162
138312
195346
58166
138271
161783
189546
40071
19147
130474
125816
61547
106949
199212
161126
82938
72249
55360
183051
140674
43024
128640
147370
197315
67908
6585
136326
121926
114515
19573
72086
131826
134250
123357
176494
13357
73046
177572
126969
38802
26823
179595
82840
16840
105217
124829
101036
85208
55873
122769
22947
78897
189687
27312
80280
104750
98808
69572
126567
160233
170108
38761
46279
12678
43651
11515
192218
177626
195739
147600
59959
133101
23339
46113
31288
120840
147578
139450
53622
45410
57032
91248
161617
194940
188431
169524
42778
21464
199597
60916
182893
111613
114891
77940
21724
194577
169027
118539
134143
198517
127665
47016
168016
107695
20202
157275
117203
68506
28751
12218
36251
32753
79310
56592
23768
109794
193479
19152
81830
168900
1081
41688
99758
70542
78066
58959
64334
183472
8516
8524
162909
82730
4099
197127
19785
12700
20172
175745
188985
97365
23423
3985
72329
176130
34390
114294
42595
141411
100042
179022
66549
114951
149750
91890
153720
197529
97846
152817
68799
16189
144212
142703
114833
108200
55875
86245
58766
85344
121526
83370
42294
102015
78963
22403
146895
15244
139146
86324
108514
33968
62007
133522
8612
81395
124086
132735
125720
131799
122024
55685
160046
45914
129006
17075
140045
86689
76520
69029
193335
26885
46397
6918
62849
32750
115995
69449
156968
57582
3905
126327
26374
68259
197101
112130
125716
5569
162247
69234
58210
101880
135656
113895
191118
74406
80057
15899
32867
59796
177329
32323
195787
128881
128135
59215
93629
45556
151556
11298
98649
195665
27585
61083
183420
22565
70864
162588
151800
197093
6420
168842
108092
50973
131574
37668
173548
137872
38705
17539
50111
54668
42481
170531
48389
42795
177903
13724
87072
199691
168297
29515
156327
69620
97930
180290
146833
182519
1263
74594
48223
59300
135788
160390
122237
108962
13742
101063
88069
26935
32763
109339
21838
4795
24802
2853
9810
113259
133093
43878
27759
61250
38743
193827
14785
184355
101879
74271
136956
157204
91789
160153
32665
20062
118027
90708
143517
25690
37108
193284
174017
114888
188260
30815
195248
113485
178671
17643
50848
125728
175971
158527
3674
47511
68958
92674
30473
76728
157666
114287
55298
139300
131159
65802
37828
45377
51244
20763
96590
51292
21701
49440
114986
122301
137639
43182
176762
11376
154904
46645
5442
11938
59745
117298
112427
8571
29467
76179
100661
11380
168800
31539
119501
121011
72330
106028
114568
96301
154593
50184
2285
165152
25701
65837
125762
83642
149133
54228
132375
136200
80274
158433
80353
186464
178983
158523
102129
165484
124070
154768
184236
133048
198742
91654
67853
195039
94034
13616
41852
7163
172536
119684
70095
46387
53689
192147
43814
160253
126924
195131
18439
35235
143581
158258
77382
167376
122783
193962
34043
9593
121021
198969
9740
65631
171671
122162
96312
39431
98395
140495
170344
35946
42071
147890
44521
149955
76709
59826
89202
74054
156706
163924
151540
56255
127552
78021
118037
33960
183845
165451
153095
77086
68670
112994
173086
128913
183468
96144
102468
147216
58455
173912
113230
63409
184942
127556
99673
157842
113264
99963
15161
102031
108965
71315
84498
108757
166101
103484
94520
117489
64001
49860
64948
15947
118575
184900
46964
84195
88996
178518
67002
19178
96209
88858
187707
46261
172681
168832
26966
115196
192806
8284
35938
196523
194693
73958
6778
111365
147840
15949
41863
60034
117277
94687
69982
80762
180330
120470
56652
179937
148149
166427
2676
26916
129854
111926
27882
139269
115309
109017
125392
82495
151354
19328
199669
142131
188707
186224
85668
119278
88028
33377
33320
1169
117408
28600
91554
8946
147131
20972
178459
43349
51328
25056
84271
15240
14608
53876
60281
86730
193044
131905
35442
29986
75019
66909
47106
171545
102357
71427
13064
11100
90279
114848
111831
3083
12180
24900
134905
146930
157272
5496
21534
127378
143363
9059
169207
139444
162659
100704
2505
30532
155523
197187
130490
184188
80355
136364
196642
31913
84221
84141
177323
132718
95850
170980
154162
34763
37439
58456
67724
170046
121579
64457
106902
120482
70655
172079
18629
188026
139074
119405
18180
137810
141308
52958
52461
149032
142027
96815
172415
132595
148053
158994
52289
46562
57046
174889
102123
37238
165450
117499
55480
125326
28598
87885
131818
132130
117081
189860
25135
164592
54643
88860
29553
50402
75869
172167
167437
157382
26131
80882
171581
57385
156288
29979
177156
66647
192470
192927
80111
82148
131992
125285
153746
145123
4515
16746
91599
21318
183287
186766
56803
134463
74055
105259
199854
38414
154816
104177
167055
88203
142410
144718
178806
43090
58753
146914
29181
14945
52300
42756
172897
167188
72109
176737
79567
116343
16130
131697
11475
19271
23178
72444
183822
180189
163873
185585
149765
4970
100031
62390
53960
90698
162736
67948
155092
15045
162263
110521
33885
107841
193040
63560
55453
41666
102313
77564
122992
157628
125311
119238
187089
3004
154574
112791
12500
154333
129047
89334
189506
111524
5246
180920
100003
57104
130238
122379
34142
98313
178944
79118
174444
149781
194099
49516
143345
7626
91002
121822
66420
82478
13171
48554
39812
26798
80219
115874
133542
67238
10588
172249
139664
189128
57925
85393
40658
56314
106262
36784
118894
138037
13713
18348
61072
118368
92840
183294
19948
128125
191541
98342
156746
161641
191397
134203
140782
189551
66582
135349
149987
127372
57998
19432
170211
171915
15811
45852
181277
129668
54093
35384
25827
55790
63669
128239
198024
57045
149105
138913
127864
69179
15345
171153
41340
164579
21548
10929
114329
24411
85663
196415
153214
119336
121019
145312
19446
98166
102326
198801
55643
189058
113174
88630
51884
178566
121712
185655
20641
53792
46692
156811
75653
99315
25092
76459
83777
2587
4567
190608
87424
77037
189509
77938
129365
158041
109149
114749
24976
183651
42572
79810
163423
30234
186202
61279
23338
133024
14619
1229
133616
59881
8558
2792
91384
2211
25160
160646
1071
14180
64634
197588
29332
89497
157520
5605
48611
160023
133811
102835
49275
64089
102624
190470
14532
97199
113573
102170
23909
55367
110050
42806
119313
119438
90575
156583
148139
62704
41793
140112
156568
95512
124387
84651
17544
134437
160858
146270
12948
74917
166416
164101
186262
35851
23113
62065
107448
124887
105879
88402
47801
126427
66125
60688
124607
163833
188850
15232
36943
188963
165822
191038
154558
45284
128031
53007
54488
80673
62911
119021
148489
37882
156906
179843
78988
56826
88558
150351
64316
55577
4996
176048
67056
124117
61671
85169
24344
178030
67217
101512
53971
188820
197370
143541
46325
100307
26841
5121
152064
48353
103893
177980
13179
167785
188444
85378
103028
146810
138543
30661
156492
49110
43572
83974
47628
100553
58310
194473
54129
144585
157821
181417
120954
54336
71490
157138
66705
115044
190212
59331
173958
85607
146066
19444
52876
127970
132347
173529
108650
100717
6947
49089
28052
144116
183957
107986
102114
57903
156031
67052
57997
23620
93180
30198
108375
52603
144644
34439
132391
149693
99872
8143
178189
101893
64213
140834
44090
39454
100926
7196
164535
75693
26593
59203
23089
38477
175681
196719
42665
191202
165812
34703
186921
106820
95147
103573
146065
84705
116542
82004
69085
174314
196716
157509
118052
101132
43422
197761
126054
129602
169333
52129
9389
139600
61080
161543
149755
149491
100313
1494
188329
47396
125068
133184
49679
52068
195186
139822
196616
192891
196039
171529
2627
20860
136521
107799
160659
129802
48984
198325
79408
161726
23521
113728
89470
43297
49533
51661
51351
72605
77875
35623
195115
34477
80798
192563
110269
151127
6655
126665
146329
167512
138624
76841
59576
43788
95930
58419
160470
60480
97916
30784
4124
189820
61781
1294
5964
84041
69784
152758
55184
182655
3173
86800
199823
62569
40563
87449
2427
169187
195399
115685
10591
161642
160359
96289
50489
28368
173522
100762
49926
66802
28814
98253
1382
125041
10931
149840
21937
167246
140730
164942
183867
121016
191399
165481
83233
129476
177004
155197
181632
189727
174612
109211
39824
122504
106659
106255
158574
88039
6095
67387
141036
147182
21660
189363
102644
154083
194474
165991
22269
113099
178026
40008
182747
158077
75309
84061
139742
180451
103439
78925
105281
118766
85155
151846
37262
89686
87292
192401
16971
118505
8296
88202
84064
18295
169282
184505
103570
181809
35089
180268
37743
155742
185611
78805
37656
120224
112021
29955
24600
123452
88660
42475
16379
21151
61168
176791
79014
116843
16357
118106
194341
114025
120200
48805
199454
193548
166859
146906
22746
169764
159164
85237
73077
165030
119666
114538
81685
98953
64504
87120
61762
168043
48871
189936
151497
166806
145596
145722
62174
95833
52285
71340
132160
56945
116903
92876
124272
144538
143791
39721
68122
83449
120317
189447
173533
150646
87352
143764
42782
167006
103449
141209
90241
145011
8216
35861
60237
42868
12899
124657
13861
156280
186075
45359
17379
96177
174455
46156
182055
147842
103281
49416
7405
30842
82126
49634
37865
55236
194926
116656
3811
9650
72854
54122
53719
24766
59106
26031
177439
65156
72754
136519
153383
100463
1655
78305
22755
26237
188131
133802
106511
12270
144551
38942
103169
109724
50516
65329
69671
2728
145808
93249
19954
143120
65083
198344
102600
126278
114722
109277
143862
131232
91292
152548
8573
100657
11921
56624
43567
68612
125452
28144
11199
168317
47529
100246
35485
93443
12049
195915
152962
91529
179720
75654
123637
111858
169135
106793
163563
190143
47926
17183
167913
12919
129378
173693
191649
3977
31501
66086
148837
72583
180548
161586
1346
101693
190376
5895
161170
16528
9314
18062
26195
184228
68084
189983
20451
163888
164287
22502
92545
48361
42993
65642
142482
97704
106280
108179
27258
15789
49645
91519
743
170666
19838
46965
175065
93209
107299
142290
167990
175234
44608
161208
149099
9359
137377
187834
50405
199654
152739
32529
13614
141330
69030
151034
196640
190078
2078
112065
130326
33570
55185
119507
138402
169721
95219
38228
132699
10315
45431
89424
98633
111175
174274
72968
61681
9158
149494
136457
143901
156512
75214
39489
61341
149921
2478
148767
80556
78226
173273
192566
188193
85985
2477
148857
136116
65743
100993
156021
134028
100040
91183
82645
151940
57202
191256
132920
76896
137443
98259
116303
184420
30415
8321
165950
178814
130176
179706
89568
43931
190023
156553
132580
108444
131751
144203
178167
185172
147990
9717
142196
105047
142478
116551
16114
8211
178408
13207
94170
156268
141341
169281
192393
76640
32545
94006
179660
57593
101320
47110
129859
158060
23648
188129
181626
185195
16571
14316
70364
23730
163624
104660
135857
77247
128805
161462
46081
63847
107638
91200
199936
90729
54175
132068
20554
126709
53556
4400
45945
160207
59874
98260
117214
121525
86008
155295
88943
5116
136730
137183
31832
151398
177338
131944
131965
14607
44416
34999
131979
75619
144640
132070
4632
142090
185834
76413
34036
6488
71084
32921
57875
93893
166752
65932
175297
7918
86896
13932
128630
10787
20707
70283
61329
129403
173656
177021
139609
110892
29594
118086
111637
106733
37748
84610
110814
60114
140443
114762
42659
89847
51178
100308
128004
57515
54683
159792
144124
185844
155577
91561
115751
90630
118662
75682
159343
54677
24209
83125
194254
121998
144925
161901
107789
1723
183335
110085
10414
10982
186381
95849
97297
132597
184565
147963
150539
86070
83893
170751
14640
136033
189788
147848
172749
167359
96885
142057
69625
124059
135218
36244
193912
171126
61023
103008
104204
56553
135829
55691
94606
179412
149150
111125
91805
45619
16868
407
54600
167458
92633
107930
159377
147404
21623
133970
78460
12424
32131
191812
154661
60498
137171
140016
75401
58708
154771
137768
39326
194133
14362
173965
76984
47854
22129
103905
122060
63549
161472
43679
55330
50418
84120
103904
52636
62556
140893
159538
17253
187506
104283
57699
13737
108991
100338
172205
129666
152349
26168
195260
138262
107271
107748
137228
191470
116938
7967
27647
120444
94922
92228
61499
130031
19430
93133
151423
1131
185551
191983
188698
95902
39789
121665
145206
169267
134302
172187
150389
135272
172235
14790
32819
129703
167204
154750
170598
161969
46921
188851
150433
126538
15877
32378
11874
147165
163162
72218
81672
183348
177250
158055
139896
186445
82160
50934
103811
85691
198664
58138
67218
3189
166654
30916
57290
175303
98112
77334
161715
110256
197770
46579
108209
120167
153115
22050
173690
16662
164979
158026
2547
7856
21940
88386
109032
72145
174414
40126
55949
119903
106050
111522
28796
154330
184538
193327
132497
139961
115533
65616
19993
137970
156799
57047
110737
190543
182071
85153
146194
151983
105178
122268
88883
64737
137746
136428
150544
187770
22002
41149
145739
86580
170470
23920
17635
82234
64300
110976
175085
178744
112643
75781
178300
14150
8014
78635
66656
93519
90663
192160
20774
58264
164967
91946
13574
161024
196770
161453
102853
96067
109905
132485
193003
175617
10103
169931
25810
101751
37513
194046
139075
180263
34285
98493
8787
132029
53233
72506
92839
10751
176257
50301
187879
107895
75458
164527
26121
164192
128511
102595
196264
49253
33761
110829
97329
75065
54710
141647
153020
86850
59222
145751
128271
159675
38766
8840
39487
133618
35119
74766
171914
85316
152934
78039
23413
91681
168164
67140
182507
70525
142596
94084
93279
83087
73054
70711
130476
60885
133237
105015
23990
48055
157084
123450
96894
51329
126221
196452
125422
127369
44385
162458
148588
175900
160032
88700
701
42958
75300
100743
78726
68278
95120
156871
13813
78329
60378
42694
169275
184241
132863
180515
21638
162859
174987
172850
109192
111393
147343
93351
23280
193065
95098
51786
180203
80623
34119
123376
20510
47980
46380
166526
123478
193963
179987
71612
9551
190169
18400
152896
148042
135070
3624
78749
90934
111324
67774
116238
115409
70923
46772
112370
197472
140513
150566
127813
27950
138433
8168
4053
185940
163334
187704
170994
123140
29849
92451
56621
17110
58882
121188
150581
172853
22400
83911
174219
37764
44866
97761
87637
157006
16974
166944
88777
192921
106343
149881
79629
187103
9122
35579
143772
76806
186736
198081
48877
47712
127051
146075
17523
93303
37510
49186
23380
4123
23006
168399
103554
124668
42019
155079
89670
24309
151736
15494
122500
188829
10310
64394
90174
106009
119386
30745
161316
194160
35144
155754
10990
150190
187173
136767
74983
157528
106489
120963
93135
75864
161747
94988
166269
44113
20822
188174
75861
48784
183887
126910
65798
54374
177396
105453
54657
82497
163961
83372
199975
99637
168704
81239
8719
119844
156899
87520
51949
64197
24824
46605
120622
149395
10126
148427
136962
177405
161013
40720
143708
169801
36098
36895
132390
58681
79393
9907
100392
37574
138476
22155
186646
30599
13088
185930
65605
123234
107043
67275
118220
164249
173441
74640
28314
116023
120681
148518
169436
165263
180940
124628
184201
31012
76125
95736
142838
73954
137921
128504
117084
93091
180195
77692
13831
83126
126160
49851
198869
45608
70454
85968
67906
158286
137569
11307
55346
32141
161539
122052
146726
2488
67370
48367
67792
189925
81451
167289
123929
194702
177210
67839
150906
95822
189359
163956
52376
132991
59379
3525
157130
162003
141267
145101
91465
13021
120569
49265
102163
125943
187649
49368
100736
26673
11855
131955
91791
74599
31071
182863
30059
147532
126601
125374
11436
124680
19353
170517
186981
177104
138613
150113
61312
107883
115305
8198
92025
7316
26045
93993
181455
1776
24043
184673
10021
38840
167058
96200
38101
139514
120910
113597
93435
53857
30443
35322
48053
42682
82927
14756
19862
76763
103149
146993
46320
19345
120261
191820
112809
100055
172421
44363
54493
142690
91997
140806
131400
158248
143997
144074
101539
184683
136213
135221
126071
146637
41548
15160
151781
116328
176881
96393
59108
68844
9045
43459
24257
141716
108108
194931
152507
42265
69170
19727
170333
156382
177968
198792
177347
156321
83724
11493
82963
126576
55393
149416
166786
119676
130831
194837
146117
91796
102564
119149
88507
60206
188393
27728
47965
67947
58974
40660
104164
78890
159628
35771
90180
79606
46159
85369
64969
89825
71551
157876
16814
38649
112832
178321
62137
149006
116371
109838
92074
3408
163082
187274
52825
79681
36263
137016
158257
55315
102688
17369
63498
35245
45391
118762
12738
194727
163014
14528
1361
125150
81611
1818
124997
190810
104149
120488
15155
35454
16950
36223
7034
23830
40390
8625
121515
54609
33909
66572
8658
24928
139179
139023
104280
146439
38066
101277
13610
13477
64109
38411
166909
151296
34503
125076
86165
4480
61231
167378
90176
152176
11744
104087
105641
13836
10031
52094
94702
69949
154532
63909
50545
2276
153698
128204
172866
132333
118748
80608
174660
180816
16712
57724
57157
23924
163814
121840
6981
582
40602
170741
173073
48310
167755
87075
93934
8519
102019
109993
121734
139194
152530
128394
83241
34153
1589
115012
132179
85381
125217
176882
148870
120246
89726
88968
140964
15264
127917
81826
149479
26360
55655
69598
34743
81775
82668
36928
50246
155586
120503
50684
18085
13626
177126
144779
144752
176347
173255
185245
38989
159069
183264
29513
113457
143291
61598
100105
9231
54270
197258
198944
108821
121868
199996
96974
101421
146971
8166
42211
199410
64999
76819
74610
143498
193542
89946
22128
76291
16065
157976
133660
89526
147776
5738
160224
45917
19831
192237
155351
118251
56269
159999
108747
65342
70198
116052
176105
181697
47892
43320
60703
105590
116415
176927
151955
3832
45047
34271
24079
34299
71945
144961
143860
5003
104671
101963
150176
97170
38874
125856
185011
20151
108025
27929
106012
178150
163925
8195
62394
186221
82219
164993
116133
170921
60188
117172
95728
2509
8958
28199
24960
166960
95874
198711
142449
95630
95401
49974
14290
96129
23213
147907
155294
140891
87289
66560
164403
42628
74603
152617
66795
144440
178807
128551
51889
125071
154499
38167
158767
42734
182167
120585
58266
169277
195371
144678
167440
14427
93859
170016
147648
35903
124713
128980
28860
29231
59836
77550
26994
125490
169606
121244
150401
166749
195713
165693
192076
186397
102859
108800
145487
135038
160353
137671
126625
23326
2707
6722
65363
92205
185058
128764
38291
188513
165947
47214
134562
69238
123723
33892
118356
169777
35080
87504
114730
14419
182551
30924
177430
8755
17339
148641
150370
150705
216
90542
199039
72142
18047
123244
24927
179821
56074
99820
125521
31755
142406
120675
124773
192541
27387
152445
22822
129636
134328
104278
20633
162211
149945
37917
147671
156976
33301
53256
155478
43453
71973
178001
143061
167091
75811
17672
177961
53452
17899
252
153101
32907
194782
96852
141854
160202
30346
180721
175922
137360
198381
36388
34666
151261
96203
21292
130159
24088
64092
173071
172632
119591
87681
140697
193830
28697
62881
117753
132405
17363
128897
13388
23685
102066
77251
95847
5018
120349
5047
34612
23829
129098
174726
12371
105112
102740
167869
92124
6779
78062
1357
198956
162070
134544
128953
17675
6979
104218
40956
48108
88010
51295
75436
39967
165829
165219
133399
140557
129922
18863
32334
139277
82803
144200
158022
1824
127673
185470
146523
61504
145194
115696
108057
166109
196692
63048
35497
196486
32622
137118
185201
55463
112551
110145
84431
28941
32605
50817
93870
110642
67722
166811
182042
129374
177741
103167
117898
132839
153325
170692
57748
51458
70424
63179
156748
180028
102125
1644
164117
121928
109687
87665
540
186774
144856
9008
167854
70121
67215
105926
68667
163291
130162
101762
96983
27742
1465
136988
146786
135757
196710
31983
99558
17141
56768
33795
18199
67867
27537
96385
171616
154280
77240
25738
195144
30786
52878
66345
171754
5669
197932
155274
50595
116831
10878
86537
190319
127595
90488
105399
37503
26128
51016
10008
22870
134883
139769
139624
185415
185538
84281
181565
103360
159849
150090
116722
106801
57825
124568
35483
47812
149316
41975
26300
166455
124083
165747
26889
189660
55048
157066
69665
161139
77063
24512
115544
105524
197868
181219
30040
29473
149626
31706
125306
98788
72822
183509
30147
68678
95209
169896
131474
36267
14613
