43524
138084
2778
10810
142254
50942
77667
95267
199710
74560
187574
65904
183434
169659
193636
53903
23403
46831
70468
140037
88406
156820
61071
136777
23055
102550
117005
192024
116794
6832
47780
94072
112519
47939
141367
148466
105644
40413
180319
196668
195040
98458
5100
28859
13720
18642
157667
33870
20329
53975
149249
88906
168410
109295
134485
166252
192274
54485
191943
77622
160556
153188
56102
154011
181781
165436
79569
189149
196730
6678
76150
119460
193649
175228
99713
26146
38842
57293
19440
113115
36441
88226
164456
157198
194398
63742
15258
8607
196587
53306
14492
112578
3581
85671
56619
159398
106649
140024
170453
52594
191151
10659
4246
141922
73952
193621
126174
16798
105402
188020
97053
133731
124128
88332
125485
80507
99571
167667
175367
117337
23152
146956
143688
73298
73937
48313
173571
56879
171752
17343
110919
74137
67123
156226
26768
116860
173340
136188
90949
13954
174735
4445
131384
111544
9504
63329
115511
191277
99819
47377
27160
14060
38371
148340
88702
163427
34856
112589
81967
137176
6097
74796
196917
65634
42951
70078
126099
80654
42529
99202
84621
59843
94560
17884
69483
67492
144594
161444
1687
88768
141517
14203
30994
109232
3656
126655
121862
121746
118994
21104
25463
34502
146997
103315
49274
199269
28430
83029
78671
98266
138370
192137
167746
140007
195092
54107
1518
114012
107414
192770
78468
187123
190875
7731
92718
186682
101778
3251
95921
147376
143547
197937
32929
143404
64110
47858
14515
85561
120759
56218
184582
163220
175224
122555
117054
77711
106989
184290
86341
6150
107796
130862
19520
55344
145008
133096
161518
162011
17629
139998
102236
27405
82769
120526
44149
72045
61959
43150
197977
117350
44724
149566
93365
35514
139003
173264
6812
167765
159345
95650
173227
49377
3394
17545
69239
194571
149544
162810
112369
79758
149134
972
163256
85893
36317
86962
111621
103858
159676
142777
116873
119271
184400
14199
176951
49393
77153
155738
55942
49202
164722
51012
48061
51667
58325
164519
48986
53215
99602
172998
81801
164205
152655
54277
126905
46881
10924
116522
170642
66460
123055
47566
190657
155760
150717
173236
158188
168213
125138
88819
13118
173178
104161
60772
119537
98283
117150
132934
139213
13864
151739
48612
24149
111264
143847
188889
175346
46826
173430
55309
48065
123705
177169
155675
135743
157477
159582
154635
92648
27800
117450
112438
101147
58095
168184
150369
128268
157949
181952
138249
175772
7465
122035
193245
59216
158194
49178
39957
103999
803
98902
166579
20825
128851
92879
60869
59227
74522
71550
87339
134298
126650
64596
71348
28345
150939
173511
86621
7874
111514
193360
77165
136893
96955
72426
133997
6600
49360
83488
143386
95064
103122
194896
7021
3857
87301
125130
138116
32543
111304
84690
22566
63237
159057
125911
156971
115966
64007
34473
67316
147180
28935
147190
23356
133688
166066
58739
189217
179252
194258
153502
16094
41187
187420
50256
158835
31702
123412
137174
171163
187312
191532
126992
86468
55151
52368
126978
165058
183731
133958
77992
177854
188737
114236
21549
38014
169748
196631
97324
186867
143668
145926
17132
17624
26478
48413
149391
145586
52320
198211
32269
37453
27918
59963
54119
57398
151198
41088
117008
131113
196212
20504
185211
130019
176128
166541
68964
78819
120
43132
131554
186257
134804
96404
199198
148152
189010
189896
179347
14998
14101
47564
112116
169302
84891
30513
21826
3035
115507
105450
187667
65528
62609
23254
194184
29839
17383
14035
97588
72571
153476
199226
95074
158802
101813
159144
2479
112747
191300
185714
18827
117219
86806
104842
84724
185435
121381
161619
25137
114784
41002
112705
92576
118388
63791
13686
141234
70044
176453
47262
182530
3605
187824
85138
21502
32625
131877
189858
36666
75889
166815
159650
174282
198242
195081
131146
195082
157633
145878
197014
74364
48960
82178
163091
157552
153450
75655
30569
34925
140973
60753
97273
164506
44315
161002
192523
110456
162118
178531
77189
125110
46302
134973
76206
163029
85569
28387
151946
199358
76416
153894
179939
174104
137754
114612
150367
177476
66951
79477
100561
39699
19849
8713
75674
46499
131210
96534
84363
6384
129772
105352
182845
141339
117879
126479
100603
148493
33910
60413
193214
23658
54441
68414
27058
41623
51226
122748
169902
179525
176505
98399
8158
145078
22258
44189
61886
187715
168136
36240
176323
38111
59731
192052
122707
37856
151849
46194
74418
94103
130376
164176
39452
2452
116359
107078
117076
151793
60007
198475
164699
174763
147492
163895
177084
125712
119403
124314
74705
30082
184490
127615
68481
139849
55027
101450
26640
119727
196974
188147
105959
197852
121095
66089
87693
182555
110873
138256
173031
167630
69623
159008
128314
67303
196870
106120
88517
39432
165595
163017
106584
52820
150034
95069
17361
199624
9848
57211
94838
144629
140055
99549
150824
153404
66803
112782
16180
170640
189878
153364
72766
21035
20327
192109
5954
188724
170797
141163
178368
153228
11594
114378
191939
151699
120929
153761
174569
192506
148991
126656
70753
64347
34396
12298
144662
4942
12369
152398
41162
181378
133535
85118
149434
183878
145105
179537
76188
56048
99034
19015
71424
49585
25728
41158
96298
109726
186577
190498
82598
153997
57505
87973
29795
10266
67738
49257
126596
144625
181618
116256
170090
144079
82745
18195
150696
66694
41607
128579
124270
117653
86198
25978
168309
50056
127306
176692
1923
103048
152833
107360
59054
112692
197754
121578
8460
192276
5716
149355
124802
99330
199514
33499
179190
94391
155474
53382
168646
14943
106199
191106
140532
23231
81810
82806
90887
199644
112323
45812
195625
108134
102295
20257
188645
187808
49021
176172
186761
28975
10869
58172
146251
100330
32279
27074
192388
133325
172639
116946
32280
13104
162678
175131
186352
177775
74001
76539
23059
747
79210
338
68300
94524
49695
107269
111846
78728
27798
19135
176329
170617
107241
72483
124061
117175
117876
132924
71318
85574
127416
82699
121431
137297
46278
164429
81115
32840
93639
130809
74518
3710
195515
159872
68897
23455
33186
116071
189050
197329
163864
176944
182130
124209
97993
103413
161275
141089
88152
81919
157709
72559
167965
137998
108428
8991
78490
194563
135909
40289
198098
156042
529
139879
51590
128933
156160
655
62093
174994
29104
20379
29097
123923
104675
17522
125157
29733
153018
129072
121937
185741
41742
163241
10859
96082
70673
61314
88273
173860
134074
176242
182593
66307
25052
20393
61540
40615
113694
2057
110418
35617
86818
42335
143332
131207
199872
7755
183398
60448
192808
165134
27494
153864
149059
183308
22720
180275
28716
165585
19726
42016
73265
119462
107898
4972
148416
1286
132132
111232
30909
194910
15554
191964
180136
13695
70821
97819
52983
43779
199566
104912
3812
164255
72287
89106
98631
122561
23913
157838
199988
38065
69853
165677
61830
185191
37232
57325
129079
95380
84434
75756
33472
25968
56089
80003
56451
13279
26112
176237
54928
186419
68891
171473
151047
22352
182607
110489
97519
65120
9994
68880
132741
66508
87859
18171
105736
133709
24878
135839
194925
123747
75068
28832
67383
66043
81614
43648
193389
22134
163828
184627
117615
88119
112346
171012
1113
188283
74754
168025
99016
166282
158111
79447
136443
81365
127597
77258
24019
92935
131549
124089
9587
25249
9715
168542
34549
118642
46446
78324
42161
190347
138620
121994
162074
724
15105
141262
48576
48809
95862
137510
29582
111186
66998
26284
18623
114565
25517
175108
77675
106270
41866
193530
2589
162085
175408
82255
107434
110485
62367
3033
97596
22768
182817
102492
123063
8171
94869
186674
117612
11731
155775
120058
63854
147465
116307
26393
33977
121917
2563
30086
84232
147066
48442
116687
119054
186276
54505
59509
72299
166976
182509
113551
42520
129393
107188
50658
6907
193412
32754
165508
180884
125857
66112
32149
122906
170684
126719
67226
127596
64313
163197
146740
47543
64098
10624
77935
174997
140274
149916
10569
136937
35621
114769
139870
118752
167590
74707
57035
108706
132334
91121
54323
155033
45984
182118
179153
135862
153052
111842
83900
152595
198545
152014
160400
138755
150885
64865
87288
83294
96573
74046
127114
36368
34705
77520
185039
65684
39281
143089
180589
76858
58361
46966
19351
55299
145793
74443
65515
120180
121906
72419
51350
116681
16990
37605
168405
62540
98838
196298
127849
133227
64156
70995
7260
107279
44386
142441
177595
82929
28841
60914
117232
46140
61047
75769
25919
18768
147757
174381
14197
86706
166295
176078
72797
91304
62513
112072
97635
4272
53142
100266
195547
136300
148958
102134
68420
190505
83804
155605
185036
48365
69797
131081
140406
159400
68441
165897
59890
195966
158362
100037
108474
111173
15362
28029
194096
197871
187546
15890
148444
53981
173388
94685
4885
102871
110742
120704
51785
130372
44845
68527
174906
154405
111428
122541
18950
32554
149719
22310
114837
95411
19554
83160
67656
26761
14739
23049
21196
138428
14059
33713
82265
105025
13662
152667
66017
153877
188759
194165
89378
75678
39696
127086
123431
198384
195098
186455
44839
107250
10211
47269
70972
37963
179072
113798
111631
31116
63736
19669
73562
86934
33760
69014
194935
168581
18958
51339
34349
53755
78227
193180
33633
163055
51840
172303
112849
52799
3600
81193
99356
59103
184134
18919
18
120881
9488
20715
110722
85769
29074
17983
31634
186125
127500
167538
198547
163077
144928
89349
29230
98115
146208
175564
155336
171351
74927
103144
188242
42979
31260
164154
124610
163129
136607
151917
186562
67403
157370
73292
9926
146862
130945
65972
8661
79506
103574
34496
199446
64695
114908
162227
93820
59094
99562
1625
108982
190781
59314
54226
67427
115532
123154
64101
161280
705
94108
66290
185346
117173
104274
37325
173823
111198
126848
90723
90673
112883
26932
157606
138215
190534
135719
61737
35108
193920
187978
171337
118680
89024
65846
190886
67162
62008
83824
189946
47458
38355
166631
199367
80160
187161
158311
115457
179220
127223
39022
164503
119579
140244
173124
34698
107621
69477
81994
179577
92481
67477
71844
56886
113658
93527
127609
172370
58922
193406
196805
137483
103369
168630
132332
55604
93908
42238
20664
116448
98998
195711
138436
52407
3214
2109
46367
124161
76961
131257
33012
106912
24463
147696
141603
185684
186087
110000
64604
73962
79345
100100
38324
147195
41278
119790
72111
36359
99650
19941
85238
174485
111617
130728
31644
70970
70570
723
68466
56438
54408
31747
175206
84341
165642
118191
12895
147943
18424
89412
102917
123679
80228
165499
60640
21102
88316
82904
101284
194962
128066
2281
104502
193549
72864
57821
41353
109044
87118
135137
17766
31036
160638
119296
140284
97921
2382
69021
138767
4021
4500
127909
149143
139131
79094
109549
103412
136180
124635
187110
93413
189606
110763
66261
68598
188617
37661
80815
157208
180620
191794
52773
181230
32993
66930
59155
172775
6730
16397
78332
156277
145099
131510
3178
86804
9388
142251
160379
91171
61550
50590
176046
120020
138219
163803
56573
6107
74997
59929
84877
91603
82855
72369
195417
158355
126758
199623
189147
3093
154137
96466
140635
56124
102689
98468
190403
197968
77201
75053
103056
58094
141881
83179
74911
95815
186479
173349
65040
188798
94023
193634
145981
99503
119385
12117
124217
122213
28633
93611
9186
15304
136653
9350
141989
76780
181949
83462
98148
70088
82680
16549
192560
127396
132862
22548
41899
111452
29836
189140
29656
121856
194670
29857
90512
90527
188478
93608
70610
176395
188596
25127
120502
178886
192180
127993
160754
10263
160712
21125
51374
121059
178650
72659
21099
19853
75244
196778
132094
38585
78549
192267
70571
93123
99783
2026
147069
51379
175467
171778
147265
184432
93281
145979
168001
58277
43840
168936
85131
196072
148079
124106
150662
35748
90181
34472
33637
9317
39284
52329
23100
165475
147198
181782
88451
79537
6377
131887
160895
158865
146150
121024
77553
91336
129452
168051
45354
32115
126740
170101
54568
93561
196108
132796
56337
198755
29145
126643
59900
31645
55281
30971
131409
115569
73412
51019
71876
23062
133349
56022
28705
170124
157811
43833
144298
41394
7038
97467
93146
104124
61357
166818
188553
125477
69966
138499
84414
38060
18575
130038
114624
90286
64584
194505
115865
43446
198641
26023
185164
108301
135092
180266
30323
89404
134698
46401
134363
77576
55884
167275
154947
196971
43013
8109
100244
121838
173427
180841
49436
22429
163394
30950
44495
95915
164530
162406
108680
194773
38505
92495
138242
138338
87548
67074
193100
24659
24997
58707
189601
91458
176627
88515
159796
14216
119556
190546
36555
176579
90817
144177
190756
58754
195590
97954
45021
31635
138326
90991
28749
74371
148853
627
118931
121159
132598
17801
159173
117908
33120
181229
61868
4554
180309
123014
184434
170003
140728
66468
19775
122654
27974
157079
177436
25305
185499
122641
95894
54219
46502
192525
64610
198175
12096
161985
89423
32357
190760
47834
26154
103222
102092
61789
140215
72551
51199
166318
172464
26584
194672
183876
54289
13766
941
168498
42473
81507
122354
193140
41703
86396
37857
735
108264
56855
147172
104102
130320
118786
150442
191959
7426
46049
63852
62460
122700
156768
191462
21436
54163
157725
177962
55560
18274
76855
124483
159112
193132
77475
122620
37952
85589
17054
132937
29292
164162
11113
62305
176637
172707
10251
125696
160462
81011
18068
62580
121894
17666
194271
132126
155593
190954
75675
99075
79862
186691
57916
93484
164824
145659
42569
54605
177258
137086
55425
136526
73528
22140
145418
147022
148385
19027
10553
163190
73389
52511
18789
96727
84388
115791
12736
103243
136842
16874
117891
1956
43365
188315
63317
40959
57772
118678
115932
178582
199416
160386
137351
180731
43158
18437
146580
122366
6023
111586
123056
11045
57905
188526
187092
105776
185634
75462
113474
53502
194370
154502
107635
15335
14774
26432
90911
829
164071
187857
138062
118408
166378
26690
193599
171024
37172
178970
106302
154022
192699
39862
51480
138012
4313
198722
69691
36234
20957
71120
90332
109703
178157
148224
165697
194276
146195
88070
50926
28084
99067
42200
151217
47408
139020
33867
8614
131122
143611
44720
137527
8624
191080
95637
116892
69139
67583
162703
7706
14742
84935
9419
24807
14674
11233
102273
72393
122147
17306
47438
173892
2429
124021
49022
3282
81005
52373
182742
40977
154974
130434
121696
17219
11260
137790
105534
6511
18873
84034
53350
104285
98662
46119
45028
117689
149910
46952
177197
83876
108978
16109
27098
37831
198536
184789
163697
34589
142034
33028
191344
193323
127022
161999
162984
39066
41304
138843
195111
160561
105917
94858
83978
8049
130752
94043
160997
91886
169232
85288
2051
9802
99822
87964
192586
151610
149709
96909
42021
199607
176351
134513
171264
118403
153247
136599
182954
143745
178872
113082
127048
98818
174068
138074
35905
32591
143624
73405
64377
121034
28979
25944
87326
93865
126417
31757
51465
8985
154796
126456
155755
64188
10765
134098
20548
71373
71412
139298
25443
43451
194869
111343
12409
92870
160329
66067
48350
21973
134858
20532
70526
152784
43839
73772
93486
176177
74505
35703
151748
140881
127023
153432
27296
58692
144166
72890
171243
151380
126159
79585
55377
94959
142059
68140
126636
69260
164593
107715
39071
152250
101838
140610
127535
17168
4694
148239
149290
133152
144249
57727
72308
137248
169323
196031
133210
187186
66616
56238
88358
95140
187798
98583
10502
83004
45987
9280
28355
65783
79916
44449
43011
2393
175275
158590
190529
116074
2592
157581
51570
22373
94074
184282
124937
173602
166620
154144
54128
84506
62631
71045
171696
199409
70327
75496
30908
69280
81163
47982
160905
170715
3561
97091
182776
120599
70700
149583
116193
68443
62292
129225
186594
174599
32401
170280
86700
40231
190382
161835
54294
157992
194154
26430
140380
140517
60602
174826
130150
27555
50642
177679
114323
5537
30485
126117
103203
77292
131338
40055
106544
110123
56670
135460
165514
178842
131951
18388
199079
60215
74305
194653
178955
15429
59877
159882
187640
182940
58984
118925
38237
10079
75854
1973
110694
192229
45438
1849
85054
113365
191464
52638
152144
17382
181275
109290
190969
168222
194975
152819
41682
35190
60226
163363
178268
163360
190854
48519
89416
89360
15529
136398
26697
128731
187614
109966
149844
136476
4197
103842
118568
40622
119647
36143
133516
171366
142926
43709
197748
155404
129066
63186
17871
107719
142317
124223
20370
139501
32386
85087
32697
172135
147101
38458
166730
159405
109316
96105
72297
70444
84467
199133
21126
147884
156824
54774
160147
178948
153408
7893
140623
169020
103577
170595
122049
4211
100725
129875
82506
11977
61874
52114
26783
7169
88885
167075
46869
83691
119862
76290
102111
88435
142555
6520
118765
183013
175170
162789
12492
5644
192271
87367
13286
83181
82377
141610
15268
183491
144819
122427
56562
101499
17432
4785
734
171040
123458
103301
84033
8961
119661
118731
50806
23073
171807
71031
184842
113868
72601
123170
198661
35687
35260
130378
53158
120859
93408
87611
41123
4426
190715
75505
6136
121927
172948
171441
67793
161809
198044
110678
79242
36955
95652
69373
133766
100910
144340
183086
90407
188054
110542
127260
190798
141415
95682
119356
35530
119562
21298
73784
65892
36815
13478
126482
159261
137775
29511
185174
70613
66044
80138
153110
21058
122051
86053
79746
176
81955
132999
152625
130026
29648
88893
162363
176657
41576
56145
70113
155950
106449
62113
109873
67642
90738
28411
42170
181712
42410
124210
63209
151333
89542
195560
64258
72924
144569
193737
1454
99300
127012
80234
121779
96737
152429
127373
156775
80884
178821
188458
138662
128552
184252
136583
23489
191626
109529
117872
113677
5409
46575
965
90593
178892
68701
177413
69915
26068
153062
44117
144075
32220
37554
176858
63142
23954
2877
39864
167444
183914
80324
33053
954
154010
191445
61240
181623
197229
126641
114055
83769
184865
159453
60667
143006
34413
123796
132127
68390
11204
110897
166180
177569
46767
102634
179999
87869
21172
138081
19888
194616
66689
94793
183935
123238
91969
161845
185450
171146
184600
111511
163467
196982
1344
62209
139772
185792
160915
64184
140770
5520
16085
72432
7678
88326
138930
138023
188500
6739
161034
58437
180036
192963
7057
143969
246
18576
134664
168091
140794
144480
176432
12174
1374
114433
39628
59317
28305
18026
77699
51740
138840
4219
83617
98147
119825
107239
102384
95108
160430
159335
73170
125537
103982
61359
4018
95344
155831
121309
128138
152505
117790
174654
142001
102790
6799
190813
64387
1040
42201
95180
105976
88665
77336
72561
112928
155461
141968
36787
104197
135747
176500
128445
130106
115112
41603
130068
191020
72429
80510
66373
17461
73471
184156
90564
159886
139535
22201
180367
50783
150703
29386
193505
57620
80407
28319
127360
144033
144609
95748
44958
129564
53534
139874
36718
75009
72071
25012
190675
159431
8050
7301
190934
158869
34656
193781
143817
162483
181037
75815
25221
141709
82685
2607
138040
158346
137917
128148
95238
185677
110313
167934
10908
2558
59151
76244
175243
101269
57166
78418
77433
125978
89543
167145
149929
5138
25825
158183
193579
140581
119244
179971
152117
74865
44713
104989
197443
10277
155058
65987
172695
131096
199784
138995
160802
96799
62720
103176
184230
171073
4696
62068
133898
177648
150991
198045
5884
31984
77975
105267
3557
79888
65108
166907
100650
186158
37570
173572
181567
59512
82257
143075
55866
97135
85206
113901
50720
171425
14540
65220
195167
49922
167147
35779
8512
86275
154074
62538
108912
161328
171199
159357
35474
160943
116141
59832
77880
43493
53159
99629
147886
155163
153611
192917
102914
191337
104271
191264
184687
110447
92692
78165
120656
69998
37984
6728
33232
128840
194901
83850
139107
152709
124580
74286
116460
19482
168810
187414
66024
122402
2946
68604
22232
76470
27630
189599
115360
28063
153079
37702
182095
118211
35712
84950
77998
96733
198402
111026
187665
8779
196822
59383
114057
40698
12985
18693
5657
8788
24388
197221
192073
20839
179884
102877
102967
67693
169358
55073
34488
79295
60639
115508
150064
42343
149353
141189
184061
167009
136807
46131
144637
69011
135359
166396
41664
96547
73663
45097
179268
85194
125042
27757
49705
124470
11854
85912
111754
81202
101827
79245
2498
22227
68535
147059
182891
111968
87500
124952
14667
138451
195297
98922
8431
11258
157922
173737
165006
102023
68255
24507
53770
146210
63702
154146
120528
600
108781
47093
40158
181421
80893
163080
156364
71747
67195
96156
188254
154194
63552
199547
11901
162825
18308
73262
83821
127080
175242
59812
128535
37788
132480
43823
142444
87369
178862
13660
190731
145091
44462
187962
26011
149199
43987
21133
13060
59811
182889
72636
63829
15547
172428
34221
132587
21261
167892
146991
82240
175167
178590
176786
13276
145416
168522
120685
61626
183277
40370
103488
195728
8044
115626
65500
21722
5345
77542
80746
176872
52621
42117
125339
114132
189047
24571
88945
147837
83190
44011
122742
5668
113678
52283
53473
98238
191124
85421
55016
157078
161492
95993
10094
196236
183336
70733
199810
179482
86785
7600
79880
174913
68955
146568
102151
136825
23767
88579
156565
197430
157715
125299
64642
172104
74331
179094
90299
45308
177806
165594
164514
65865
171745
115300
123042
181076
94144
130173
145705
124625
157114
113334
11523
11418
104517
58231
92866
159520
127007
80959
155104
168718
167197
63257
172427
182359
31493
40583
150026
122903
168736
89367
52253
57655
118643
174271
53933
149610
168701
97680
136072
170380
74647
115088
149999
60810
120915
140176
124345
13133
83934
60617
197689
19913
97887
148334
192984
136524
114499
71902
51534
1777
190457
21482
69692
147513
122644
49953
174949
12132
142656
116013
143264
165273
126118
163640
117848
96844
88666
90444
59017
165753
117106
173635
130748
194514
123529
33233
130553
63734
23594
16367
50884
197921
198876
70629
30904
143103
139619
104746
199450
13006
119928
199967
87266
141626
45164
109795
94701
5432
121430
44091
183373
13090
191083
167599
29799
71787
26036
189002
1552
141803
82458
137413
9621
51934
11637
9023
157744
171472
139275
15953
85559
18615
110312
161609
45802
178282
109091
34663
197855
5516
126743
63445
123022
141696
182612
190838
96159
182352
126262
122553
67841
151347
122193
21920
140417
40405
198362
38453
119247
188925
49437
146696
174178
182685
166170
179747
142506
17812
199025
14541
40141
88592
92200
191864
194873
43770
146965
56409
36358
35027
153061
127294
72430
123504
147203
161511
21047
46658
130385
48145
30110
191212
130693
133585
182397
121289
159271
87589
124620
108083
186846
101605
69608
12386
163185
43057
43025
182884
60360
7439
194957
12124
96652
26407
162111
166584
12260
105631
66917
198003
118306
122307
32000
192161
178432
63764
3494
1636
23373
11709
79437
82365
98875
198980
112822
7999
48188
187129
182599
181204
40520
16621
78738
40006
101590
190396
73704
21758
186811
182771
105721
165108
176887
83781
110695
147277
92917
82732
153902
118982
58472
3910
110811
147827
1445
59780
166810
109239
42663
15782
182499
59348
134559
59743
20425
54401
147444
63422
164442
113036
8265
54708
88662
192412
59829
96808
120727
18669
150008
176683
70350
79191
158107
164933
112225
101661
175764
161763
56997
156955
75928
81443
47616
107165
193286
65659
16536
144403
105901
180915
31179
57481
166425
70245
92909
51781
58690
54184
53096
156979
31655
16009
660
141850
165582
114503
48499
40283
36423
63558
53123
122829
170071
97939
138175
81374
81673
76913
121070
119202
175412
179879
167872
42968
69254
117419
35495
12537
92199
146645
86004
152494
192314
198901
57206
143567
143882
26304
30548
109808
117447
32847
186365
119725
169944
20829
3144
101634
198089
199453
127423
104032
88717
95282
104693
165063
95338
116101
84070
111273
71737
143584
52083
84579
59797
139720
31306
80016
23225
196034
46226
62112
165532
20919
135706
124028
4816
82305
72823
86144
80533
66920
21677
139851
71611
48569
192771
67966
93514
160787
152822
97142
6513
45564
169947
104319
46770
73506
22299
139072
36731
137419
145640
115294
127399
146226
110428
140471
173816
82856
102242
21220
187291
50631
147281
140216
172503
11791
30294
18402
175940
184022
81688
66541
134856
160781
171193
160230
90989
177151
63001
45251
68611
172757
170012
156000
145876
121907
129643
31799
173381
102443
15891
102333
199023
31068
157957
186330
138761
37672
106545
19269
191826
143867
15498
164340
9127
131467
91633
128090
21663
180471
50686
195258
166283
64303
192895
112697
109140
146108
107343
50519
105639
10978
45574
134989
127252
69478
190978
1495
149248
177794
117329
154389
106607
163710
145193
30379
165884
156111
179089
177000
72245
95412
51401
179221
112078
53660
18267
72185
143861
190203
55235
153903
175872
48669
123901
105608
120696
131328
120424
32332
168848
103654
136742
46186
1152
19632
85304
114080
88311
71702
27513
179396
184119
79881
70168
89108
161438
33148
32019
146777
177604
44508
186235
19376
332
138955
108748
99479
44942
137235
184972
40741
117910
48756
174185
24876
90562
48027
178208
169666
50041
175079
192417
197207
67542
172005
143349
132152
86679
28998
114257
179748
111581
102855
3300
34238
61248
137708
199379
134016
46455
23227
27062
71780
73121
41918
8013
54905
56387
125205
102438
51421
180554
144309
21876
176781
57189
22655
97287
65436
138372
168888
163287
35303
7656
184289
97354
78582
171416
12891
178927
168050
32941
24476
115115
93219
109467
94666
161128
130455
46069
104873
154497
175867
77677
7751
194317
115593
56863
124240
83120
136704
27334
34558
127559
59566
185046
149873
169271
146196
150123
110436
127767
44993
145189
146989
37933
42182
131488
186749
17215
45667
59394
57792
175693
157400
150725
121830
127639
188246
21019
80431
107370
86979
11094
164367
71604
91510
114829
179693
10802
80253
170000
131419
91235
51073
171802
101469
199071
111216
128259
133448
14911
34986
100666
25606
199225
128145
21666
161649
168409
98904
531
135616
142344
62430
91234
18570
83988
116272
128526
62022
42054
20424
135135
32606
171263
27369
87104
107969
94222
39708
50624
197384
191342
37601
112559
186089
96812
58987
103397
96161
52512
39695
102432
140281
85746
113519
196143
29093
79487
36505
60118
178994
36963
154808
31227
125774
198289
54007
114698
161798
137259
147512
613
63184
115677
31974
47391
70358
184329
124440
147252
169163
62802
17809
128078
110021
46620
87806
91101
24109
57580
34955
78785
178324
121669
80986
115023
98737
170505
115753
8253
106474
126686
8206
135992
59767
59468
107449
171848
127439
46130
68293
49123
3827
182002
82561
6800
134044
3918
152066
16930
2029
31991
63141
102811
38832
27149
12636
182536
41991
30747
15814
54681
164728
82571
148534
189084
7780
188101
51862
157319
46074
49427
20515
39979
187786
33450
43491
63580
192345
192701
59096
2621
83750
91275
83195
85554
151228
144798
23157
89414
111506
62666
133848
40855
4451
46322
80792
146736
28542
87020
170608
100729
28843
88168
182831
172288
69762
172484
186719
84298
43444
7181
69916
153545
139522
16774
185978
120855
191803
84659
137975
47222
167730
49012
171879
122019
47366
87800
165047
98366
123010
96518
164711
67912
177930
174029
114904
159902
128824
71461
32429
5974
65649
84966
167811
18783
23897
190817
84764
146863
124248
100913
193521
154408
73866
96817
143666
12390
192850
142632
161909
48839
93254
126523
152764
5958
58530
155914
14905
83706
128536
115050
199493
143275
50200
95796
184581
103320
108914
38892
161276
194405
96431
153629
116163
174995
110560
171210
53543
169702
154290
78009
35836
90781
131062
15037
156331
92592
64910
23998
8021
8963
108218
143153
129921
72240
1417
120422
157658
89270
172143
105122
95854
22675
50250
178072
98868
193228
17948
148802
66380
124759
172292
115975
115017
139951
11207
112233
49608
117184
45481
124453
188696
34378
127038
118298
170408
147098
36756
21410
53228
155208
127167
97443
177788
146159
11613
180088
139367
22466
172153
30729
69871
144501
5875
96756
111951
121209
162311
35934
68014
196582
93241
122010
303
48002
60898
436
97456
170066
87474
31112
86078
29023
194543
2710
137056
184074
194452
33316
130560
190439
144328
160194
107260
78311
51926
46696
117512
140703
103433
103464
103261
196549
164696
141352
67212
114933
138165
140469
68425
134595
149184
102714
175842
40368
144247
189250
170856
117444
137859
117996
191509
174126
181484
172545
134124
23390
12181
161833
6024
26744
46699
158711
13355
130175
143286
69259
84337
29639
194922
147359
142363
6334
116264
125175
83883
14266
44171
198654
154351
78706
34774
42413
153852
110534
36327
117073
177782
62508
158830
149498
186385
120860
161916
102907
177543
33310
67038
169923
78866
101440
21678
92101
105289
134683
141118
183293
104553
132401
139354
84023
14838
48501
140476
194656
60083
198777
137731
89003
150491
153490
110852
4391
29548
124137
143040
82770
165568
149797
160141
48115
26803
110236
103988
98285
194427
101802
54360
46675
147392
74592
56373
74246
14189
31298
127933
5508
175533
52341
116815
26450
12148
32442
87786
84875
96562
66369
13989
193981
89636
54346
159618
109836
130976
179952
162096
29207
179294
40151
177602
72909
210
62526
179000
99537
43194
174424
153485
97071
120517
62197
179959
55836
111894
144645
109449
189373
171680
175439
95172
96938
175102
168076
56417
2648
183205
122547
128462
123763
115759
195543
160887
164878
87114
139649
152274
122952
17127
89697
161932
130958
145519
149281
171339
186572
177376
143193
64176
189825
38857
15863
29197
31327
130618
127255
131133
44170
109459
165447
1335
140222
113615
98619
33417
128747
50574
162767
96809
93920
93013
178858
45446
58194
174584
93344
141419
141439
94994
174058
24155
89161
179467
83749
26427
56627
155574
30469
31537
130252
130158
129464
32107
87167
55541
194551
155750
66484
29921
189238
87179
97771
166182
42886
180294
82842
72948
24110
20941
134863
178387
169246
36131
74786
159278
6473
34967
190557
48563
81942
121789
20921
179803
198487
154787
51762
14466
197244
33422
137130
191641
75569
168537
1822
59384
112745
136645
103065
76461
161476
197481
168480
177368
150595
34028
177234
26065
25176
8258
78339
129069
60012
144998
175643
103800
8066
86826
29959
39328
168278
106599
113911
78496
153301
177587
9614
70534
180695
133575
142379
26711
170050
156434
21284
165605
176743
160464
152209
68320
106178
131584
78563
126603
192263
195035
20699
5769
35084
1854
18551
43244
161058
29662
180714
163090
195545
33749
64785
38754
23962
199668
104349
133627
24930
82039
60443
189409
189542
32412
16871
105483
96342
110035
47341
188822
169800
48919
167417
124407
16822
188317
58897
57840
40246
143431
122574
195418
188386
180327
189894
61915
39169
162236
145052
53355
65190
113896
124811
5822
142964
108459
107708
97417
162022
24117
10696
115529
108832
90547
81377
11308
127189
199873
36392
198349
4008
123427
150196
134673
197335
186967
34304
10937
116423
82320
126106
152360
154276
153604
84884
96317
70712
15537
21932
93035
116778
102725
152649
106772
130382
190638
49615
128006
77762
168710
187151
187083
113245
45399
154391
43389
32027
191745
124373
134962
179888
24951
131124
19575
28402
114050
167164
100056
170422
137928
81414
112640
78481
99795
138599
31066
56228
6840
56645
68339
91952
107873
38282
170823
13951
99332
183197
102781
167839
133213
84538
189529
33426
14677
98033
175082
88261
183255
87286
6836
105947
101566
105504
72855
57307
18714
8722
185560
132239
164305
69636
51863
91692
191633
127892
62652
62077
142576
178888
28375
43571
32449
150586
15330
79120
147934
76986
5168
13267
50258
160892
59148
118681
58359
154107
125380
129506
192233
23510
165258
30838
99903
104942
26468
73049
148013
80715
30439
25983
81609
25122
184626
113261
66612
135541
179814
71804
192597
82887
43523
129116
128059
37645
125472
119930
90188
53851
41097
101790
157172
46851
53032
149443
173433
51807
58363
73513
66103
86285
82853
59238
1870
108801
47727
53559
92167
126449
16313
140651
13757
96840
116973
163994
110595
91947
73137
190414
51349
72390
123757
121816
7427
59751
128153
102471
129012
145336
63891
95475
81679
177071
170520
88170
151857
78821
62303
104472
127390
116382
199969
190644
195659
29728
148755
178425
9315
83645
44194
98216
33524
85330
86392
7265
51580
67148
158048
136568
29622
2168
122578
162584
186893
28554
29408
116442
36455
166407
150881
11588
28370
28451
130802
105938
99628
40265
9503
191651
32627
105019
174266
36631
162725
158211
191866
72692
39182
149482
56694
141437
199870
158822
81554
167387
93228
76359
66062
124556
108623
145457
75475
41284
167439
25330
71665
47361
185163
180219
33216
180348
57534
86419
7440
54480
154486
128233
59906
30312
12190
154440
46248
161574
102844
80613
91958
53746
42404
49344
83096
38459
187079
72921
180692
52074
177640
105128
135151
136406
56268
168169
62129
144081
148302
92737
118416
69925
88243
140002
177336
55925
41913
30919
147048
129493
115092
28605
24562
116283
154723
27693
46476
151434
51815
140344
51133
78710
73217
4950
54722
74636
40079
35081
68950
88260
21809
148086
86269
67940
161914
96714
118085
181868
38810
16168
77796
197153
5466
42560
26838
26982
186261
157514
144808
83062
144534
192079
133837
38771
133047
26089
160759
3788
186028
21873
34620
178798
128451
7261
149240
187203
116629
192155
191032
104954
72539
63045
170278
41056
193137
24236
58812
197712
197536
180301
18662
85104
147250
136235
13149
87607
143165
173293
121358
118654
60106
81829
135574
84030
3929
48834
75550
14527
186855
937
197106
93071
118777
116471
162536
79341
177864
135121
94581
60566
158958
25494
22577
14057
147938
143536
170925
2185
192297
177363
32121
78727
37900
15511
55035
139550
146295
140632
96139
181016
73705
81280
66251
115085
186072
122399
135509
121102
94408
78846
133260
95718
96742
842
60210
64982
147947
13672
54087
179911
44617
165420
32931
97934
83785
66674
10279
72383
17123
94519
8655
33352
96098
10326
64161
189613
93284
188453
117959
181507
13570
8588
105406
41778
89123
37508
4712
110878
23360
29993
179793
43912
34466
137654
65688
126383
32073
126700
42397
55499
188885
70101
129320
60071
83791
72555
159687
66728
76078
82852
88518
15722
3867
40332
174704
187782
51470
193056
84984
137560
132760
83278
54088
5775
93193
52924
32031
147986
95002
195361
98237
182338
102839
80512
169969
172533
181568
124157
118190
122386
176836
77120
129243
84320
126789
37043
132177
63380
134265
135545
188027
176857
72871
139396
85600
87049
34672
89284
15792
28626
162962
126258
124559
184166
47731
150478
78198
24881
3479
132118
83796
43031
25390
84390
150832
179461
135745
152881
184931
165895
142017
125706
12477
108936
183085
33021
132860
92642
194874
159277
114629
72089
159518
1757
158092
71001
27895
10808
30509
95802
52985
112914
125126
53311
3738
139806
87175
159918
42362
129650
151613
164369
195736
67464
80095
149040
104616
75877
93003
3341
160692
132738
113644
193710
170425
199651
145392
99107
27414
56487
79188
150000
46568
163629
120429
143377
65864
193496
83668
119652
74966
150977
75858
165762
77259
190785
96074
141489
140494
43504
94907
52578
67752
36261
9747
171610
103470
160954
152392
94546
86617
9949
21014
188938
38522
79339
113787
59410
178873
102108
4240
22932
85614
125398
98506
33420
7331
137168
196026
25080
35955
75423
130856
49683
44489
50575
169746
134187
90792
134530
192792
84657
105897
162759
69839
153431
192065
2041
52991
180690
90358
145650
48849
66759
162354
54148
135054
70080
83633
2546
179870
46486
154738
124677
3390
68994
74132
136679
167068
43489
197809
76930
37834
174199
98948
156131
132189
88901
170205
53407
172661
151956
107867
173644
199414
162466
192686
4934
43619
145774
56667
194123
127685
38212
81232
64012
36494
52543
144969
124446
196187
51014
144604
196986
4121
57744
150975
128458
23916
169604
46205
22118
120416
57673
51219
3263
21021
2493
184121
3186
175851
79156
118389
95252
66529
47380
37386
142819
67471
136346
56169
29020
193712
88810
90849
33430
124037
48617
118965
71071
169024
25041
101652
192196
104311
154545
57951
171093
175223
173613
106705
159382
131864
177907
99346
10520
113397
76592
164600
197417
93764
154402
148709
18975
166277
161667
134623
68483
100953
82242
81491
48304
184495
5509
174891
39306
187740
1533
179627
134373
106780
45168
100304
49016
195497
68229
102833
44432
166400
31292
94449
30149
36868
7764
117052
111008
35838
12862
143413
191340
146114
35001
113417
162535
118938
135837
38450
146620
13921
141827
186093
131810
31756
59304
105228
72434
68397
169297
112627
60831
195614
142077
180242
12853
155612
8845
58936
119009
135495
165188
77787
76586
100954
58400
45419
52918
196431
71967
65352
120903
35099
85706
102341
11148
16647
110623
168061
186409
97952
146036
35783
95246
185791
33857
80659
40539
109864
79227
143723
178552
15117
124318
146302
77660
129207
154829
45975
21128
82895
26551
94033
30369
28227
42159
6697
197576
174757
103485
36898
172204
191863
173643
37361
183713
174550
77291
115997
169061
121751
118704
15460
147099
2386
151966
185270
198481
55071
3342
49760
44812
198973
144448
69335
161771
262
87310
152318
32965
158728
431
79258
6142
183235
187429
3957
167100
141239
91155
64519
162744
33709
102708
69579
141447
47100
183023
74361
85816
33063
14750
186382
165843
108842
18879
175973
173757
41720
84143
64723
7717
142553
68511
77018
134433
128559
193197
122774
68046
78674
49120
94623
110272
179946
21453
185962
187282
148344
186463
165181
108725
108007
110383
6978
82450
166682
37197
180577
82903
23454
18258
72099
17251
61468
177966
143087
15033
138087
13380
19817
19437
193365
29537
80793
8103
84128
131636
126488
30350
89708
30477
70050
78349
173167
120552
177605
14989
153113
136958
30070
99723
163972
66007
168252
146417
123268
1441
108282
110201
180707
96242
21250
150098
180843
103436
52271
53525
104264
52123
67514
135090
46760
15012
138295
100906
93750
170133
156461
50076
156683
97855
20617
52464
150289
177890
96257
104880
168501
179352
135172
48622
174966
186118
95525
60764
154186
24844
27539
177147
24317
46314
159602
52967
19205
94183
101164
61327
31160
166694
136104
175919
145767
90940
23447
53245
77758
141090
115487
190314
93552
13590
111654
120460
74981
159202
91233
101430
8162
184970
48124
138144
87454
113697
128587
19895
12669
40943
109901
180030
178734
177485
169488
183815
145635
66942
133030
43539
104374
7660
143535
33640
196754
138168
107320
149314
165893
185958
197657
168634
7536
75932
50967
151580
102310
59514
89150
103410
176664
116012
133273
84108
54430
81257
3297
95046
169384
46740
141649
59966
151963
72025
33348
122719
46338
138614
198563
51296
11170
61501
3291
70149
182387
26211
63579
24540
89030
81375
9681
89332
82746
171053
136664
98047
690
57026
157733
176167
140749
199067
688
125495
78048
91626
18758
23832
37213
160407
163770
187566
140309
170634
141399
186840
34694
178267
118090
112376
190664
14465
11994
103446
172434
5549
41979
187455
140518
147155
51793
100404
10816
113069
49801
90858
161945
102045
191527
91196
46262
164126
199880
77697
17720
50854
70851
62229
192862
158103
76330
41523
93336
162171
44419
177073
199058
18568
70825
68349
10938
17728
153992
7923
177055
101117
167778
84443
12090
22074
54420
82625
194026
59970
66792
143177
174001
52393
161220
155157
87437
82751
35897
168115
33031
188954
155310
77949
14417
89308
53777
101923
181458
177548
194010
133801
129680
172418
3442
33094
50723
185154
38727
158043
137398
129785
14457
96860
139775
154550
78847
123666
124147
64107
57469
16855
43780
30956
6975
9515
110780
69044
75733
1003
51887
164114
66617
125829
120516
189172
19256
144171
71168
126247
180910
82110
131186
7692
144387
100770
44084
75048
17135
107852
18209
120898
42007
181182
64178
115150
107511
25652
11638
83356
62724
183979
111844
33093
11671
64319
147971
52233
135927
43298
20711
61238
45305
87207
155325
30251
8185
144343
11653
88523
72159
68281
25969
57569
34922
2405
160186
174887
2033
196542
31560
62125
119774
181143
188047
34927
155868
102305
168886
19765
63603
120799
77392
187722
26664
194236
8169
50534
89119
87894
106569
13075
94302
32276
102548
131056
167214
104051
87741
152047
43753
98462
165074
30
10845
17084
21226
161524
101710
123221
105271
82233
72901
13793
98178
169843
89813
198790
90734
6474
58512
32305
110206
107113
141086
104015
87213
28802
134660
154740
192514
139109
89951
198155
193414
160318
80650
158580
167171
123521
105878
121455
55159
114737
148292
105866
148332
80718
112208
50828
8497
175454
29777
126445
59397
172349
133402
118515
143728
157287
65384
178928
3658
23422
107293
125944
182007
45209
164601
112891
113477
127740
177290
106792
162586
7078
85838
148912
152116
168673
126880
20686
147295
101238
119777
27302
65254
168150
37080
79148
147390
119847
81392
45320
90819
156302
169975
81101
130570
15793
61573
71697
157322
190467
53283
119259
139840
174123
16337
56237
148955
95434
13929
124539
49070
112425
20577
42687
160244
27196
70694
184911
92905
82517
189997
157613
57027
128717
51623
85839
110952
58671
164356
151612
57659
21273
64713
86981
4160
62231
134109
73215
135208
152586
113372
195268
110754
99459
1883
39555
156265
137712
58801
2577
92122
119780
163390
196070
197307
199637
103958
186550
44946
137057
56036
163690
88086
80258
187365
174132
94890
95480
121876
157625
69051
154638
171978
44183
105104
158851
3894
195974
84837
39502
199830
183831
81990
72841
85820
151407
27280
105078
85354
101497
42382
99559
134701
103992
188063
107192
138514
67236
56579
2914
6546
170891
136705
121279
144495
142861
138753
104870
154505
41094
38780
134746
121290
110132
87030
25979
42739
100210
135280
20620
183774
190834
168458
154978
186669
53280
86438
84774
186386
75622
46868
160288
190670
162453
107558
149769
146047
89498
121724
76299
11424
118342
191815
154691
78658
5762
125976
92329
39545
13272
73805
57489
159725
26066
42125
10503
8591
39707
26629
40727
59166
161036
170448
178705
169894
26429
74129
142951
152371
157385
62850
52389
130846
174766
38607
19326
134199
152021
186323
29848
132910
190794
42249
175547
169129
140085
17550
84820
125458
148979
119429
23460
181999
12546
3410
159878
60197
28167
86828
118414
142050
163731
102063
9025
109839
46816
71155
78697
28009
43123
79549
89860
173653
180245
83304
99917
118832
196647
168421
48544
6356
147742
191051
76914
57210
27338
118107
40894
113159
127309
161361
4377
16695
179350
193394
156990
50079
194596
84903
143236
86597
106197
175722
150795
124831
135617
199720
148616
131935
155756
148358
44945
189226
38854
20096
60877
17419
63394
146137
29630
64612
139082
78196
15641
68311
2743
177757
2363
199283
56371
38049
134180
140804
187842
129238
145239
179772
57815
189232
96657
79488
30685
199316
46866
170991
118905
18313
187593
179809
182147
127975
198409
5970
52146
197698
121218
64011
151502
98683
176186
143721
24547
155603
74227
28
10020
74023
67517
144580
42725
46707
160447
97573
47071
105665
118425
98015
156792
108113
171317
135523
127120
120695
105762
174894
6827
91062
196332
176345
172570
32385
190684
187642
36619
40198
23415
38792
63007
42420
118018
28759
1010
52626
6106
88192
29491
155988
139016
123610
59840
186453
83530
153576
173554
32756
163540
168002
119738
122413
85190
19181
131725
17558
151037
182367
20005
182094
68914
99026
64763
66883
158979
93756
19930
19197
30249
40389
79985
187338
3135
111503
78108
162321
153075
188695
75202
162982
34991
185289
185986
102284
49405
114078
92991
13135
127850
182288
136931
81201
88365
164300
122432
7987
111185
76372
189379
46478
64210
170971
145183
192332
57852
160099
104631
154177
58881
124778
106549
56620
190796
74147
174070
109018
119028
50582
103114
59257
158553
33359
110379
118997
82588
127837
15817
85426
91996
199948
22579
61256
142920
145156
108830
28500
48264
191976
51834
23801
12886
195223
61615
195925
30792
99298
169397
33967
159934
142588
51346
28198
47659
11431
120112
12314
189090
70279
86421
197749
112029
106350
75504
198800
545
117820
63582
164758
162658
144265
25032
147300
33901
61586
95095
191807
146394
132220
4356
4822
126616
41758
182992
153249
152181
159315
153999
141566
156650
17815
104194
77759
63650
61795
74634
136885
136251
106373
59340
160797
112930
47308
6506
129302
142227
152623
96239
25960
72887
153245
83265
142538
187447
154201
22220
138497
149255
52639
182639
130524
104513
53462
32403
149444
39062
1545
131524
83768
118743
155824
17883
104031
165623
108475
30538
88100
40777
84920
181516
68241
122286
6725
166113
145928
67874
101438
196592
176018
125372
54055
177402
32083
187190
24143
108028
182281
100476
118420
142427
25985
9138
68602
156983
94620
23960
55562
114692
96875
17904
186315
60425
74300
18257
136167
48069
166334
122638
103313
40267
97427
143047
3981
94180
30044
131762
109542
33289
88814
131108
42342
88569
59978
107874
105600
186629
44785
52981
60495
9607
106798
121162
82274
20357
12942
77314
109412
99068
118369
85986
52384
59146
152463
15339
62820
97191
12065
144144
31763
130839
61555
49146
30659
179696
43228
154622
196128
28275
199469
81759
156804
20712
7132
14498
98733
66969
31121
43292
113921
148125
186009
165441
203
83051
89812
86247
30689
180966
2459
42321
57649
63487
37619
190155
12341
78409
56021
57441
76037
74667
6359
163109
177302
82952
1671
142371
41231
154588
189527
2905
70661
130656
54131
126108
89808
162192
93466
372
51371
77283
92542
190909
174160
53128
185372
59255
15203
32851
161238
138169
170818
14512
3090
175544
147170
113989
119243
53847
77845
93257
36783
168161
33011
186358
51890
177873
70845
148625
15125
186031
6017
197157
62338
124659
123387
68206
72731
30032
86308
62493
52412
62284
78399
170984
84052
51738
33860
43563
61230
109092
174713
115070
114110
33928
109131
310
103356
62479
75959
51198
83594
162219
164966
22951
125998
107661
111327
176431
11126
144484
92735
121644
76789
62903
12982
81601
60447
158212
136801
8837
98822
187121
5239
52515
86846
79961
37223
144731
184750
190611
192211
194164
22371
128987
132519
176224
40107
149950
102674
13089
22692
153395
168094
85827
177391
13607
140753
33959
118117
139821
93177
104373
18527
121666
18849
74019
173561
36610
43058
28724
15805
70285
120632
145983
96706
152381
117754
63733
40447
22174
190412
183275
4512
93954
108271
128274
27219
43282
119869
26436
147529
148081
152584
64278
31911
7088
111510
18371
165781
128285
42257
59117
111735
60123
54337
183836
99360
119444
94764
81909
54290
90736
15147
86847
128290
123548
97014
197811
60352
190710
36904
63845
48761
190970
57279
25180
144755
167003
115614
107743
2201
167311
87561
184242
132697
185400
139105
24319
5930
8578
56204
123382
83281
9875
85279
53923
84258
97951
78210
80313
149757
184030
11801
43177
181493
156502
119985
131156
13251
96163
43425
39332
105003
133790
151465
91105
114365
95383
169284
148038
52209
103850
129822
155597
7951
56710
39485
58492
23123
44992
56754
83538
178891
88513
155387
59069
30370
137621
111720
155355
131822
163056
108471
181910
12804
122249
182590
172980
64341
139935
175188
86754
135916
35178
188336
129027
60298
71236
77866
36483
78138
171874
153601
99652
69830
34044
28995
54579
111969
136541
132308
124071
137062
44108
83846
91482
199143
179146
73058
151958
118171
91826
8236
13460
13085
130824
153138
184887
100341
152082
134817
117093
157780
144025
47404
15059
34258
58613
6263
72644
148750
37530
141017
63804
42613
108970
40232
151785
54478
128223
54793
65861
141126
149735
44551
171713
181362
153086
196738
33647
28693
35046
58084
181217
138706
185133
163170
109638
171833
134642
198335
79544
64330
63613
187131
195541
148875
60501
140978
176294
22304
119943
151962
101004
103941
63894
140206
192870
23427
30494
58951
7481
131089
30863
113443
102571
176456
167832
105964
111238
180064
9705
94521
183106
49539
6708
165383
154047
101274
173361
158156
64268
153870
21910
40165
100879
77330
193184
79660
161702
149572
42754
21674
198589
71540
142397
38177
17329
100693
41392
98163
173876
39264
117662
41810
58571
95169
112218
153156
138658
187235
115503
120495
196416
19646
80348
124944
50077
188719
99305
46915
137092
169092
160980
198871
130577
62937
174627
147594
20564
185518
178078
146252
7823
18354
142660
131044
29277
59871
184333
136539
39991
77318
197103
145369
123430
170661
81593
138693
191384
118909
42230
94085
145141
28374
192826
77470
153572
174466
76550
16024
85310
23481
103723
188332
157720
168462
153397
189974
64674
64407
115519
71307
23433
191008
147311
90879
156670
86495
133467
46251
121788
8079
63515
36375
195466
41421
133330
64821
108142
111036
99861
118935
16344
168010
3568
49060
91689
42811
137665
161153
66289
42478
192811
182996
131640
78877
197322
142510
95363
132475
162179
25617
98531
88471
50550
25696
63219
103971
156013
98280
1347
100856
45416
126999
178625
20230
104740
41883
17071
75711
94628
52201
133877
160750
38886
48226
72081
31450
12442
194760
76887
69366
48590
35911
147892
65504
27904
11366
49449
51904
52948
142993
13527
179598
175631
10497
17077
50956
66480
23659
39651
150543
69232
142858
21124
97073
152346
44664
99651
149458
68694
82529
33952
174179
40304
154927
146035
16981
57774
129657
12131
64056
15256
143717
9206
183963
180687
105246
186203
186071
114210
19287
32902
121000
17509
71845
122647
194403
80277
88967
141451
119747
112493
173323
146945
110501
8426
40086
142309
20954
172541
101673
178285
4791
84778
124940
57006
75970
158389
174004
197176
195458
117345
182844
90099
127196
156507
127370
65055
83205
41444
12344
38914
29293
27275
76958
10464
9516
197215
23706
79792
4919
188613
169383
125168
13290
5043
195130
192851
174074
31289
11337
127549
39084
2532
24282
95751
98916
103715
42449
79073
92797
144474
90308
133212
164263
79237
144126
168686
186172
82176
41415
79438
78546
73976
124065
175968
145578
89435
5074
48207
63528
92302
127042
197799
184357
52086
135331
145708
38036
15348
52862
45333
29938
113442
61161
195061
70226
99781
174724
129288
74212
66432
35797
155350
79764
182081
137649
169222
131982
34647
113075
187584
61967
146189
73819
57349
75448
143679
183614
176830
57155
47249
119355
63271
36594
80955
16765
78007
145665
38891
123254
115121
177717
17787
61920
110219
178242
61059
158562
42306
12129
189580
138060
186676
22685
62681
49629
119535
38037
9613
26972
167037
179498
25699
50945
42512
31062
1171
81518
131045
43672
11116
20820
186005
166097
136060
106889
54680
142668
109972
20348
78744
58186
50360
69217
55248
187386
95305
170188
42050
108501
117372
3864
11157
84514
74777
87853
3203
198684
37442
182115
143273
181733
62987
29030
115796
104932
195982
16044
56117
174472
168560
31241
150926
11760
103187
30717
76319
152170
44291
199763
117524
115036
166655
33241
168932
66324
169749
62035
182800
36043
113634
54494
123005
189275
65101
38339
111854
9632
81384
161336
164399
154208
60277
135645
158826
15292
37425
187275
70208
29789
164537
75530
53458
6825
161744
51962
43874
81543
107026
32072
123594
126952
60020
174521
92004
121508
142012
71956
48382
155026
167111
183328
35928
126031
133771
187701
148951
135259
3459
62759
182202
56805
35849
36552
167201
116774
60090
91809
31244
45856
119241
160010
83546
179388
34179
69705
41154
134928
110543
106133
116201
182220
71087
75332
46277
166733
94416
124347
157104
70447
30856
24982
134351
58390
147961
19625
60754
182036
194500
164307
56696
194791
197474
195449
27037
26318
138416
69729
101398
135903
129328
180654
30530
125324
126522
136963
159543
154012
82103
70057
19548
56576
101302
104146
71971
83572
106514
162001
159559
94860
179227
35824
38024
79686
122908
144813
78006
148178
106366
102728
188878
43546
134811
73798
9519
180450
117083
166507
11797
152686
182239
36832
89455
182789
110495
153051
198385
10675
121078
177547
129091
156463
192362
171120
103664
146473
24444
57051
52319
38147
39604
57373
94737
45186
194079
128471
7357
81059
193478
78289
184823
192733
6266
31820
112878
61527
124878
158323
167234
146629
196092
130178
150810
186755
150254
198513
48497
64017
43617
82117
63862
78035
159514
126020
169316
106313
27755
102677
125516
166341
50996
60407
120521
10799
36347
176655
188301
117909
191087
103378
139170
122121
102816
176025
191561
192383
167585
46586
195207
109645
79000
15635
99966
66892
134321
70796
18476
57244
197350
161679
14743
101654
99610
144959
159726
24503
133234
2709
135042
19212
195893
8778
176020
47668
33514
166622
180017
187550
55103
45515
142948
74106
12485
67133
47049
26231
161412
154599
111879
62886
6578
30595
69945
75267
1462
45970
188970
4162
188107
138396
72967
61883
40022
103247
1853
6239
6636
5134
80093
97408
76927
30447
164619
72002
32478
9897
122480
76580
141268
100376
123509
10313
97591
46549
39294
72387
79825
108889
19617
16405
125877
83363
64409
147209
164286
175366
172527
50707
65450
65077
161020
71869
174552
149067
75316
33737
5593
88321
43627
137119
126158
93598
189013
114029
185290
140892
36025
111898
156560
129372
89980
154467
171116
155385
16206
44166
22263
27782
51790
177716
123726
587
157192
169073
146132
136162
160644
152088
177600
100914
71740
48949
186515
133008
24791
47569
152856
38623
9716
144433
70274
106322
3806
130044
73190
178540
48913
185758
47138
1819
160425
151552
24700
101267
107208
82407
187668
47917
105997
33680
56308
76182
191998
51713
155739
90802
47131
190312
106325
179780
17763
69369
3463
145232
101052
163192
98206
155097
48392
193918
194518
11734
22642
139261
6122
105460
66371
100043
44443
87180
55414
33591
154821
150924
75792
10916
134281
39506
28779
138420
191454
42138
115170
182528
21340
38008
161326
155095
132409
156806
45222
30202
24314
49124
111625
112249
12054
109979
101264
196290
1005
150504
144750
70743
126866
183230
62571
111017
89372
156697
192095
63340
55724
103655
185297
174349
165625
105622
74779
113344
40073
155210
20182
177042
146080
71104
123264
99414
54191
105377
12494
101406
141640
157543
38955
142545
37694
122737
9058
12664
21433
31424
181578
166209
20769
194829
118804
57802
58662
106301
39381
5867
198477
157210
17029
110224
116453
193390
127634
79017
30811
64565
167258
20408
174536
63667
3469
17296
198180
119218
82014
8678
188787
44642
84653
138550
136370
27550
142941
91507
27492
92618
12097
55504
63348
94761
37771
54682
113296
180220
71930
59855
121944
197933
23457
120723
75349
198399
73061
90933
179802
47535
79745
6707
185407
82924
74403
165949
21884
122163
118541
8317
51335
148852
116245
177780
168165
21269
119482
135163
72513
194040
118105
32546
197978
44922
1488
115133
176138
156819
47584
141741
197218
63362
191729
1478
108396
137747
21131
34294
128158
186314
164583
193899
161215
10340
111065
49439
102813
196689
80227
7293
118690
105136
72056
14176
47813
22255
145902
57245
65184
129936
185170
150500
150698
32927
23294
83088
45073
150503
131427
182005
184462
120550
24171
140484
75840
66775
166154
73873
37301
139252
176546
99523
3367
45531
118917
86223
123898
86872
179654
171430
15282
102140
62733
189366
126749
6201
125393
38801
20892
91876
86595
69356
165634
132075
12560
160062
37913
113970
13025
97279
154717
128085
129157
14295
5546
184598
84830
148731
83565
158032
93475
70987
166049
7104
2463
111864
162656
6736
185391
61975
20454
87582
113614
13198
102315
197920
43135
66092
66129
167863
134469
40178
122973
158775
115911
27688
195309
154858
189347
149854
127739
8329
64651
140514
71968
100020
8303
81168
166615
121326
163700
66046
129135
89278
53001
148844
75018
119424
179810
63252
16568
189254
60276
143446
147630
148233
6190
81278
79054
173164
80946
27998
159206
84878
158535
81241
64989
128815
149016
145251
190935
132809
131563
61574
24041
187376
166886
161060
168811
179361
144893
23564
54871
113025
80883
131013
153878
13721
28016
105359
87145
103945
54206
19975
119885
79222
43599
117427
37308
84132
154589
24754
21645
83961
42432
63393
158149
10783
123438
91741
72313
5811
199031
161163
35174
197341
146966
110570
99969
166962
35369
106906
163222
193674
16190
101977
180590
194274
81397
154604
63982
192485
116228
173713
188452
172072
30957
145347
84926
2099
199640
91372
108590
159707
22494
107510
181634
117162
4700
194112
178197
6291
90280
111039
20845
68839
143008
116887
16687
3375
54021
11447
120694
188208
118217
99030
109470
150981
70178
162750
128803
127495
80896
178695
183996
34225
8889
20782
90182
102018
68533
121946
166785
173842
162886
128888
75669
65701
154232
175393
95425
142175
192253
190925
141728
154937
110115
163538
9629
169785
121550
54127
86615
189177
199148
82408
152777
153666
77682
175655
74539
198416
110055
190197
119819
99415
182788
13134
59655
52934
159856
94767
6380
77174
146269
130137
138130
35914
63593
99401
28636
8001
73638
6320
49544
40315
67152
34404
36570
141915
41574
99661
93481
88641
148460
37873
83901
66267
167371
98411
54915
50766
37266
45023
58494
150615
45205
148778
158215
40849
45035
181912
176232
87431
76644
119814
145963
18531
108600
143471
168403
111701
101716
146683
97442
157296
45425
39926
58336
29961
171954
51664
151382
172693
81126
184017
153467
78959
45586
149596
129357
67022
194948
27977
96884
162699
5991
2879
14521
48456
2220
184482
60899
99334
77331
71565
146305
128375
183523
119723
32989
163408
108693
33396
123758
68258
181376
71123
147488
123770
123032
10983
190725
157126
68212
165965
53478
53415
55122
116204
41460
55069
110557
21061
28157
40955
38782
120740
72044
172620
80888
190150
74974
50129
137828
154372
83878
77619
164293
140209
24662
157282
61528
101757
54697
93539
135167
108621
33328
95445
55834
71806
75081
66193
69473
107333
7826
105675
72796
99458
189921
76433
136043
50543
162778
44457
172318
13638
63428
161497
67820
114085
10964
117240
61404
32538
27841
149346
173669
79994
21924
67270
118789
178407
158180
165979
12551
79100
41560
115821
67913
191187
56370
141171
163399
32102
159291
146746
139848
90357
195430
30177
1143
80332
94629
157809
146553
137289
74058
99286
196460
101495
186787
122542
94825
71293
140266
96425
88976
45437
8729
132790
46
79801
29957
174917
105392
173096
148776
84103
100642
188359
169670
30835
46290
196349
123309
188030
24689
182246
161701
197573
16267
15246
147218
150086
179202
58637
145997
86849
64742
59658
73218
164319
112097
173818
19487
33335
116047
178151
181150
152680
134498
138638
104801
191035
147792
165198
91054
153550
152745
20720
90361
72695
110499
36019
100548
177235
90118
104024
96273
124441
194443
51464
61662
100784
43791
186191
84557
4083
190413
56581
112236
96328
122177
170973
22974
49837
170483
11541
195565
128998
12955
144901
147610
92684
40097
164880
27360
9669
6775
110562
140622
115216
24584
96665
142922
56009
83114
37512
96940
102428
173342
25741
96684
7747
179105
90189
92828
142810
34595
183908
67535
74248
150852
66755
108620
125270
43857
8062
16315
198082
59258
164028
65441
26941
197494
156520
45768
23136
134536
88290
55545
88844
193890
94340
148458
118578
17178
168974
97878
184711
13725
108247
46889
190923
5511
120295
172945
74184
42917
94788
34451
88218
180543
72622
161455
141556
170445
146583
91369
51157
21671
115798
26228
71081
139544
3465
10884
195145
54998
120145
14313
83482
26150
31038
46308
81751
167500
12142
36964
34050
149622
92958
70954
153064
131780
52276
181033
131783
34989
120323
113361
141706
41
28525
120245
88353
128565
116287
77087
168749
115040
137159
12967
45455
104362
30238
14616
2370
25867
180814
174524
157839
143705
59641
132430
74472
172070
154719
178274
89861
161335
113145
15894
124280
163968
47050
132366
51027
111120
160958
194122
166606
92021
50082
42033
140295
112498
185017
146511
15188
2585
117772
109301
44487
20859
99662
124158
142617
40050
84810
62470
78170
56685
25379
17481
121529
189537
68394
160975
163906
63161
27525
77763
78945
33866
142967
194463
150877
93726
74937
154428
174805
137393
134220
13489
10206
69304
556
41290
85376
73251
111743
70098
46682
61753
89765
55684
56717
71528
194795
176732
98350
195904
195374
155894
20746
76230
10197
51093
176144
180026
98938
73414
170217
158613
135131
191403
51395
56327
193638
29247
8534
129658
142623
112252
165615
30825
70179
196266
142335
21616
189730
36214
151626
48421
94273
4604
40358
84533
186286
80264
105115
137071
196744
180355
138094
175154
45591
124017
77683
67648
860
64955
93145
17575
150037
185861
78795
182012
143403
68705
162237
98450
168142
83655
169639
25622
158784
89545
166050
146185
47155
70522
149767
83284
50261
23387
3304
5841
73430
196858
40989
178861
102930
37271
64363
105871
62565
103001
2446
98303
132477
67830
18862
99712
13841
6906
199592
133340
154811
127650
78999
153610
187478
82911
193213
37914
195635
25917
39391
153423
144858
176206
55295
131424
184417
36628
22593
198620
124111
128283
103828
87435
63865
15796
166271
10112
55252
43872
11518
36882
23167
182750
81192
162052
192893
49819
186441
57415
7592
189262
141966
199216
161052
8595
90289
94632
148854
129759
59174
151446
138035
126722
55337
157808
195916
127198
134864
131507
197924
58137
137740
196602
74804
173238
157052
182577
146723
146311
79078
93490
15620
97421
92350
170968
104145
76985
92987
131110
152955
974
105856
111353
52654
153942
132013
59677
144732
35415
186152
18923
140475
85855
31342
151190
105506
135098
13631
132336
177760
30876
106832
86631
35737
167012
102837
8111
43508
92706
9580
193778
79140
81868
59406
10081
190703
84989
175773
105973
124661
192480
10178
197486
98149
103650
119116
7796
188662
124806
89460
157037
69688
192186
18859
18846
25418
151088
110744
199488
154809
76421
172119
142172
145895
115396
10454
142460
183558
187313
125685
86037
53434
161171
14317
80817
188392
65552
163780
64422
46902
149266
121433
15214
183032
156024
125030
63330
58522
4571
74338
186066
73022
174476
160009
20722
82381
20373
52937
91386
173143
18603
174708
182836
44729
95323
87623
138942
45289
68951
49222
61110
138421
94672
49761
140888
38492
90896
98154
154356
131734
153554
3609
109772
166734
19603
107828
97081
175662
35665
102655
104234
182317
190661
144318
144663
79356
187573
174836
158730
86158
31276
180662
73941
32794
82206
48191
42929
186211
137920
137120
37502
30211
60995
167462
34915
28895
94263
80553
114610
118237
8440
16991
87726
67998
92955
85041
156679
112865
96207
87478
168360
148919
94212
31278
25081
142378
176132
154069
31914
149982
95112
25326
84383
173259
176746
49542
170122
138461
144007
119440
40007
62677
160710
43471
199224
71964
390
151743
198137
159356
39486
170357
185900
180207
100927
169364
138264
115984
108837
143144
189199
18899
43973
64346
47291
7455
23959
56412
168796
116617
95710
174960
134751
174561
24623
18728
153413
109150
36374
48910
78195
1088
61369
68760
140825
55161
147638
50663
100085
114092
35678
180425
57728
87734
130795
137124
180982
51678
123291
110688
194510
33291
179898
120629
154885
154684
190941
20152
21000
100646
13761
92194
66257
84531
121154
19922
13963
104030
143978
14469
52385
156394
8217
91273
154989
173678
29919
178953
27806
12198
152857
197213
384
99436
85416
72026
128494
179724
187839
89961
33826
125552
163275
186333
118837
68458
85039
92572
194065
116981
58702
46991
21167
180025
137784
42695
52136
183141
180613
913
133828
182671
114340
143045
13846
150362
163695
162952
98600
13947
179671
174005
139127
126075
8554
185077
67510
6784
66337
187363
55565
121141
127352
190718
18070
48469
73105
141558
47571
143399
169268
138332
71334
190028
23817
119038
8161
30318
112377
171242
106671
2756
145087
51794
186544
70501
106498
97505
2656
46878
78047
100474
94150
168958
166235
99658
43891
92798
169331
187457
185782
1751
28772
166908
188274
21258
133451
175351
77861
102896
164853
160480
49727
172950
197548
27527
61532
42538
33276
187514
192946
92814
94377
18092
46603
155105
102051
172356
21810
33815
194697
63658
10264
12674
91982
7431
23425
16896
39986
175501
158471
196878
153649
178075
149490
80789
115076
193376
143753
19962
60556
82793
21945
5061
31022
67203
66244
34536
110766
176667
167800
121520
103366
43905
48482
121107
61972
111766
148872
114242
174031
127403
2713
170407
178069
170577
27650
148374
163396
75652
157424
176170
83740
181243
27377
190734
76863
114290
92536
137357
38984
1468
136593
124503
52312
134926
178331
150682
92906
5406
171313
106558
18601
140101
175237
56049
39889
62864
151909
183020
151477
32058
19051
178323
111732
76406
130160
27719
190552
160403
138822
84689
9018
108438
38377
34679
139987
169292
5004
99547
8064
23057
88713
161826
191484
181785
26091
109157
164930
191543
29239
145386
70448
23370
111532
87529
146750
100473
83619
111179
48381
194081
49134
170442
141767
35272
158116
131047
82892
71704
112077
86270
142262
148524
161735
37615
93634
119126
1156
17798
41821
163506
137211
144023
103139
81341
64186
110908
153307
140048
3200
51276
169461
94543
65893
182518
1619
115369
124078
159580
68169
110235
5550
5033
139380
169462
50492
69198
2480
142786
38923
176205
43379
103483
50043
104561
178036
113667
124397
138248
165281
129173
103363
43969
172162
181927
7358
76878
12691
132134
40963
176497
177350
73718
90251
106111
20853
177251
5945
125868
50923
153343
151996
71985
149008
114514
195605
133456
138327
133670
78193
25543
114625
70679
39854
171205
195956
189960
130123
21343
98049
147043
143513
13892
148761
30645
87205
176372
104737
77414
102303
27218
198340
70833
96593
21641
102171
176355
167099
78398
143919
62535
117920
163659
198321
83026
31663
118913
109492
3356
40146
16144
118886
121674
101460
28176
88479
148582
143256
153856
58827
92673
129991
22390
134035
137601
34402
185817
134374
54586
73582
2154
149235
31869
19370
7815
47959
117572
64225
163933
136613
112720
158937
74366
6209
72646
40522
56167
40386
99072
43915
151116
29600
65735
179473
6220
133433
97270
169952
65665
41319
85943
84036
30254
25476
103536
189191
13799
86464
176317
156211
107856
128829
74495
96446
108797
46313
113081
11906
130558
9331
102241
85877
97778
165647
170472
119118
93962
98222
80634
143391
148265
84022
88306
176083
164082
162342
42755
155420
185895
23836
148146
98934
163748
167610
90687
173402
52346
39561
159214
3027
105623
59645
80359
168689
179981
32834
51099
161920
29619
149872
116822
186171
196127
10835
193672
176200
2313
121530
