149864
50310
24324
33415
61121
172336
168807
21624
67764
143310
131601
154355
172868
137896
42501
143751
96751
106024
174560
190015
74501
90158
112781
21820
85698
15364
152718
37622
51619
28601
48425
117034
110451
38086
140237
122758
35848
102544
89524
2769
46785
17859
80968
78832
117964
24022
101640
120637
156910
136647
49390
57110
45787
193111
71963
53776
4915
112931
78688
106859
42861
157134
44297
122505
11052
195680
91588
34231
67603
150859
10671
65442
22832
60048
49459
67632
95572
156319
16187
40508
157664
42521
41827
56574
180428
47553
35580
15807
71196
73851
102388
109520
135269
33984
186295
39104
9517
9456
165846
107807
166308
74609
44612
154054
144377
86819
36673
194587
9022
126873
140113
33039
36519
52558
21510
149076
74526
108772
159558
33365
105170
111692
11481
115080
93517
54561
38762
161733
92611
40670
121733
157179
161313
172283
172983
71910
181451
164745
70920
24909
31021
105251
87592
188605
188194
156963
178288
44441
46168
167350
71748
129499
136070
60109
123925
129566
168872
61695
129515
42467
127054
695
182196
186900
189180
185827
135219
5048
19653
94005
94611
3886
148895
144812
163570
48426
172282
64908
191571
176422
125892
25812
115389
19434
34575
46910
134843
41610
96857
77344
37297
135303
136903
178254
27900
178156
67885
526
104473
59202
139239
144704
164243
173736
196890
133508
234
107309
126035
2315
170216
65849
65595
77615
115014
176708
156056
168957
19560
179161
76370
158829
69542
90476
100359
18941
185064
142620
19146
144352
125177
22798
105391
83597
117826
160559
98671
65719
168337
104065
106682
24744
21955
41427
110750
21378
62914
118113
3222
72284
101597
82477
114137
168595
74690
90954
110209
154556
108203
129062
164624
97731
91503
114355
163763
79707
141400
72691
110657
114797
26979
103325
114562
109673
122489
165185
97158
23611
3344
137936
51383
66427
48760
51708
171031
114880
172735
4263
72223
49693
45350
72500
153944
161615
47871
136067
155637
189512
78876
193570
117995
19639
47252
153752
123864
189759
2330
131631
184347
52625
95161
24620
120673
34928
104628
15678
191519
67725
118649
66938
157903
74082
121699
194824
101368
135287
8643
27243
132868
183673
39517
160196
85187
64132
6711
99426
10482
80148
68098
95819
28299
18665
94283
97215
14800
25192
144929
103099
152779
121931
129156
198789
61260
54436
178084
171316
109356
139426
178915
28856
69981
69765
86181
144577
32896
74687
60208
59430
105036
199072
190645
82423
75408
187233
196945
149702
193232
35220
41562
39956
114268
64826
73729
147903
155203
115224
154142
4463
130113
159909
20567
7498
173046
40124
157849
16729
12835
16985
91757
17364
158738
99883
7420
68499
189478
152108
135007
85761
139211
127831
187087
62446
160101
8150
88785
98896
43021
135435
184609
187666
102037
95076
40839
20741
163610
10427
110019
146141
129429
137220
141562
186576
166115
167853
31738
94094
79213
171847
82684
6208
186838
90565
24947
55142
48295
149218
34529
45331
142177
46838
115836
37021
118196
117256
11499
125815
5032
121165
163949
134612
158021
70406
97532
31626
184509
125035
158598
97396
128291
39901
174360
152829
48026
89604
18472
147752
172399
14995
100825
15752
43835
130916
194192
123632
170465
68267
175563
95687
25996
88835
113284
44693
111424
26963
111246
39035
100173
31932
37711
27681
58169
166672
121625
65406
101067
98725
132302
6818
58190
149396
85723
34740
4030
99117
100589
136719
57675
142691
22874
173834
131620
64996
41465
16212
149512
143660
195433
40884
17762
119576
174350
90815
90132
75870
196103
196222
17958
17739
65632
118604
180703
156058
72041
86633
11417
42485
191392
99760
128523
166642
134033
79256
15879
172607
180830
118865
189054
53241
76220
164431
69714
47473
171677
18039
115948
49324
53493
6651
180782
11871
5275
84922
85241
103193
68096
122066
52540
191353
12342
159690
112383
27692
150668
48136
52345
128023
84803
131966
95454
156939
154585
178176
103496
26675
25554
107284
41096
198007
190905
35593
82833
40826
165320
173723
109526
162550
25886
74053
133228
31028
30423
88431
114861
65402
178338
159322
183084
35147
158059
147705
187542
103862
158792
85259
175383
182807
189272
33218
132117
84937
16258
71208
160200
124748
120967
17312
10792
184123
130430
74166
110486
114823
183808
94352
75151
59818
70573
138587
150036
78139
69135
192885
12238
10128
45754
21655
164529
195402
81424
6858
197891
124933
100979
157525
142743
36153
162293
136420
24015
66314
172455
109365
183443
74862
116447
177825
144284
130432
169608
60180
91323
129245
21911
32704
64931
61710
157951
18673
169564
99508
72264
5933
47914
144325
38793
69195
41502
140792
147095
63657
110030
190104
168057
48272
101500
21097
63290
45529
196910
136867
188876
111731
74711
174492
198071
55731
123358
111591
32108
131286
18216
85239
174331
135473
159671
177897
6399
129300
190585
95017
23304
122275
120610
29793
80107
110020
195420
20561
197143
136224
448
486
60046
89429
37613
161125
106328
54233
65231
56032
192391
20834
5458
42591
109702
56649
35186
141605
175176
131913
85981
57650
140974
17655
150312
106293
13289
50462
5370
173573
108702
46102
9424
87805
53273
65015
47164
5796
149703
7705
120874
101236
44389
143516
15230
132652
113772
103549
91650
195970
101936
158911
105677
97627
28733
99551
177849
183431
100838
144349
2815
59794
149289
96471
9527
179781
167933
185529
24008
122257
69364
141427
160532
92000
104940
152171
124348
105254
37892
155345
143382
182882
7056
43710
181584
149734
125352
90576
74819
47764
138735
89818
197662
64550
35970
63987
2578
153750
44146
181865
163559
85348
32094
68892
194161
89223
89779
149818
27442
69440
107127
110427
167043
126050
182746
77073
76009
87438
74230
18833
104387
21095
61331
21922
35747
81900
42842
115513
72209
78569
127094
144184
95542
70195
192609
33512
39226
138470
153359
181939
66988
132620
40430
160171
173283
167400
120705
173664
41573
62012
71433
178589
144528
141650
157087
76688
31161
94063
8967
119235
175227
28963
27362
10062
96498
64080
183825
35770
168099
104934
4090
78596
192315
128544
47954
54385
183567
108902
86268
129683
191669
168406
195373
75364
190711
160008
112117
135920
172544
59933
98681
50023
129794
30918
109154
155118
176042
9384
153088
133386
19267
166956
164476
191871
178281
104782
120674
22886
33964
33018
149216
61373
168491
34880
97618
14178
147443
39753
130982
160593
72613
149379
174817
51442
81987
44063
166866
1213
66618
178881
191244
183055
107645
39189
79500
10889
19538
125737
101348
26624
54061
145607
59234
128151
41754
164479
53698
149245
84247
141546
140259
188102
165633
127971
172107
186010
184275
68393
66574
69952
27675
96550
139361
156672
109340
75516
150790
29450
95917
148980
11602
88314
108551
35898
196721
6781
108109
142511
116402
182268
102900
153872
154662
165676
9631
52807
117148
197252
100506
66615
27167
162876
128854
32749
41540
113424
34102
188936
94652
54476
190698
69868
76783
169025
199361
121280
164744
26338
133020
159187
11061
52990
24133
134984
111470
124992
133058
118270
136012
90266
151532
148701
39011
78294
98707
114250
190722
123626
18835
58383
165886
18445
13596
66676
156119
94271
19606
63293
196863
28988
174039
172372
169257
142098
76090
44625
98383
3861
113803
30290
149336
40792
5594
120139
53489
106585
133050
52237
26819
120425
76159
31805
7215
171041
13163
30832
69351
129313
142654
76678
160763
93653
139286
169379
43078
101276
28670
85097
163296
198423
128750
14129
70767
156991
26604
102201
180704
57052
39758
3659
161394
137095
155454
164533
183428
124678
58611
104219
179069
20252
103304
82466
136689
14343
164910
76925
20733
83397
86854
181994
16076
175209
137535
168651
145433
12782
156855
5787
47481
84780
87091
43560
18757
199142
107102
78791
33929
57695
31877
96748
55970
71339
74506
71837
25274
180985
110364
24748
113877
44375
68045
94780
134364
181195
155821
158852
133474
126950
17997
134273
23305
77485
30358
96972
95397
46423
73650
54231
58821
186769
69580
75953
64872
156322
199877
168717
63682
82226
154099
62193
41245
103224
166591
102189
33153
28845
130798
92392
60133
77423
147388
24793
87363
96870
64119
178785
102149
117835
156659
36878
174065
112836
182339
170329
141274
60891
66594
69444
113173
186611
181644
118981
158831
182539
150157
194450
111306
189612
199680
192547
143564
19636
54728
187594
35541
95345
128134
31951
176477
87465
24297
41043
101540
177792
153240
139534
149847
129396
91281
197125
104606
77573
23431
134151
80574
95365
141027
171716
180360
105922
37017
27832
5882
43431
90764
142891
8971
32531
196695
70774
23252
11491
46810
62307
63576
48789
9755
1279
6952
170964
22088
136727
114172
98315
33768
60584
176929
28985
168758
65785
95534
98295
191781
103804
43070
93041
191047
94425
44156
61070
22562
140896
53771
191985
26758
145321
94225
157061
3054
70690
91836
83189
167614
150336
41479
188334
79127
66483
19887
176218
197159
197316
558
110846
132373
43665
73576
52390
133361
116955
79539
133980
143744
52277
71499
124236
175668
29604
180167
168474
148080
2030
187144
61346
18874
161590
28924
29990
131607
166929
111728
160221
156681
47929
45061
160214
46582
32248
33721
77539
20194
64798
145027
144816
15001
168018
63346
137077
124478
114828
114435
25654
164766
53201
36910
189236
30200
83440
181273
41818
115318
55945
143701
113239
55564
153529
197723
38992
36880
130770
125731
136573
178451
90651
5435
138043
82706
176278
51334
80944
173414
17530
88126
163853
160838
196922
88464
164382
30160
93672
82060
146144
88565
52158
51956
116207
5665
25206
137606
8352
173215
154722
47660
143036
139054
33678
124929
171481
38431
73651
131588
129722
8421
25354
192875
137461
126511
77944
183775
87050
55347
52383
109541
73300
12367
138528
11408
173
119552
135732
148487
703
59568
169724
183462
127921
147330
146307
40804
155034
112358
141711
184976
30457
66059
167049
40675
53774
195628
35051
154433
19924
114630
48037
186492
69279
68242
23634
114034
178573
24518
197038
23523
155667
96266
35957
137313
153219
72803
195602
64581
122848
134899
180876
18077
159067
52635
42623
145737
44016
98618
120729
70458
170915
80736
180357
53109
55108
157545
25782
123550
3821
5117
80799
69079
98620
48379
49778
12454
31816
170622
1796
189126
138738
12953
76557
73301
115527
120738
125634
52190
112488
63121
89316
127698
8136
188667
186376
153350
29265
69907
128328
168178
107229
17632
71058
87929
185461
158885
173459
77173
111806
101628
120809
38672
161399
119491
86972
144765
77067
140415
195874
53976
154048
27047
75702
23530
141217
79811
148172
185134
197124
170958
181984
57814
131997
166073
25527
145271
86510
192709
95287
25268
170484
176989
33581
59774
115601
126378
116176
94794
121406
60784
178823
4516
151858
142521
180408
182524
22705
62409
75518
52838
64348
82850
133743
72934
96709
29037
4908
145813
71766
134994
130306
39733
75605
32646
114843
94126
172102
168635
56447
156516
99086
114269
2235
161769
176065
69555
85638
153605
5816
32225
154664
162644
9308
128641
36726
197969
79473
85442
39846
20255
12647
197436
13698
40572
179744
149678
120312
133159
143003
13126
181147
123043
147548
27590
106253
141023
36558
130346
20559
75918
175923
117588
470
167051
73702
54412
39565
93467
174393
3372
105756
20016
48993
63347
131321
45290
157668
161513
124857
85360
52494
171361
145638
180611
13356
194558
83007
21503
81288
45402
63768
107584
80136
161300
48610
160505
105020
51835
104299
185408
144877
136172
187384
187967
160044
63263
111167
95498
26842
117079
77138
118902
29522
153867
130888
78698
156250
16488
84172
74873
179614
57956
68041
156641
189826
152344
87771
9385
169162
99267
90810
150560
13304
58447
48162
93841
128769
18479
36712
120692
12318
105404
123536
199901
81339
183648
102988
138831
21636
33261
189129
94068
142024
129102
86266
44148
25377
73894
140985
100806
34256
93405
142721
135756
37127
105113
151600
65538
83662
42989
70605
199541
63921
110207
60105
56854
21177
55303
174910
9856
9095
149127
111952
133613
97536
93802
128003
8355
113357
140250
157880
180553
1914
174774
5214
45827
42554
149809
130718
132138
182827
140571
75701
33607
154264
54204
101946
60813
102235
131218
134068
40564
92544
84546
104509
5362
141746
15067
151257
173520
7922
1206
4644
184364
154229
112466
107797
23935
159203
23689
172031
31001
53179
191845
180734
59161
103064
54297
170160
165312
118457
197734
68142
142515
162985
71091
39181
135929
175204
183974
83291
127045
141606
193209
112111
197741
179960
159223
84886
78553
199781
151413
23277
20226
134649
137156
69611
106010
3489
20481
157930
181355
104507
112068
101115
101071
41490
199739
23029
189159
74110
27679
118068
40200
24956
108197
179249
104745
60738
93606
152520
25435
63818
44519
161548
40735
111148
33996
35288
707
160534
74793
184561
8705
7659
102347
115382
35620
141519
44308
85096
24694
193798
86970
195638
45367
65990
91637
14768
126407
197353
51207
22370
11360
89591
158545
90447
32348
195014
126733
28817
16652
197300
152804
128105
45269
43014
196506
5415
30703
180305
54437
184973
6829
70901
192199
59437
35177
7973
163355
53416
43966
169049
171602
55107
194180
142421
163705
166390
52671
57064
78535
36418
34765
182651
115728
66925
83620
61666
16493
128197
161343
65662
85424
123790
120336
174002
179006
120256
68814
66211
6305
157439
96147
66157
7984
105031
173299
151927
85533
116068
162572
51337
111372
168155
112010
75339
193964
108008
152863
98469
196629
129385
157787
159859
58229
189717
100934
143016
63156
3402
38628
41978
173752
1699
93349
40906
160406
52531
149337
96750
83354
6611
152713
99408
156432
33881
124979
181898
188424
33912
21185
133952
77991
180402
99829
75157
165571
42615
89450
149848
89517
62991
62030
93309
138581
117720
144014
69897
154037
90573
33991
190713
11749
148725
138621
156722
43522
118067
145446
134818
171722
119677
111778
142313
113681
150189
1942
192786
11745
57443
71900
87501
50105
22691
153788
2274
59260
138672
45323
168682
95190
32435
124052
99040
50677
116218
154776
143948
122938
131348
54306
173763
83012
193239
105200
2252
2740
88414
183188
149682
38900
127052
194585
108100
105082
184771
144833
179137
180753
62959
75174
45575
170756
116007
118540
17984
168998
124672
97110
106228
199473
93201
198950
38412
113954
130576
1899
79651
85230
58050
138601
37485
128972
9297
128506
66626
90394
151706
160322
194401
40499
161487
25984
197407
90232
165013
131941
179303
116229
85043
161575
158697
198878
120949
184092
19142
77452
50863
58108
46689
85121
58749
43172
52857
176563
56037
129041
141120
1440
133834
164952
155460
180469
49690
29095
36702
148015
151555
180399
140869
56350
24102
103701
66293
29067
146456
182739
25069
121835
71576
132935
174213
93016
42837
14803
190251
159102
9123
28798
36510
148196
145929
44497
70704
192322
164343
37248
175579
105583
184402
2613
51860
18983
195331
154377
165278
21900
183071
103795
184108
142432
182420
9274
196860
56814
92344
89418
98465
138992
79338
52101
191017
138757
9377
135224
174920
506
96655
132465
68501
101577
85924
35024
43559
146309
180514
159546
48694
171275
88491
161695
110553
25299
60001
11615
192584
81807
145285
76418
131786
124903
88134
90373
118587
83024
105885
62168
105740
75049
197366
77551
16904
157686
46047
172667
176922
35804
123441
15991
175386
196564
194252
65643
185516
344
111785
135844
19694
135809
112508
19053
61716
133337
81619
160918
139144
74414
166402
22679
190634
34720
40039
1109
166053
72305
108717
58652
2701
98918
82227
61449
69454
136160
10857
157986
72910
172532
167901
100481
98790
158020
146474
108272
75247
40662
138891
49684
69096
80048
198438
170937
34562
71651
164515
58126
70325
141385
185749
52796
44476
63226
103943
13650
103118
153791
178880
75459
136285
142463
90615
3837
48258
108031
99349
164875
195345
89465
69033
119619
105514
98250
28473
157425
32339
44670
172564
130301
123228
44125
136026
164670
198486
63808
187784
150845
59631
37817
133262
176335
109943
142678
153738
39441
48326
37042
56459
7624
140558
74333
52919
55088
92388
39946
45486
184199
167283
190526
160873
144189
117377
133350
31193
83275
39772
50024
181231
66152
74626
21595
199425
160349
183952
115490
134720
112725
194661
184541
141659
186006
76166
127107
24488
193122
151695
85596
10300
59393
123350
93222
197524
35112
115930
27116
145625
8887
76991
164922
145443
140451
158791
152931
95679
109837
126297
64035
39352
70504
184385
76921
82284
40410
146869
79047
26766
38261
110048
39921
139406
158533
2036
157011
11167
37256
150356
36782
121893
183613
61423
57797
82296
61676
146651
177307
67789
41732
114949
21010
10316
11699
83675
62703
64657
175210
163259
59282
64189
114215
20672
164059
177247
197771
92144
148856
20842
92690
141220
35715
110918
50981
22595
193297
88136
140885
124823
193264
57720
139591
22069
173889
71918
95982
143993
116351
27475
177684
1486
42664
161523
176613
74115
74727
153152
159168
128088
173577
106751
776
47072
139293
64026
174991
67234
94264
84156
183346
39435
16346
33374
165163
193169
63148
100679
107832
92538
154321
158477
195774
95564
188094
140796
42157
79689
106380
31759
130913
127730
27823
151445
73338
109659
74545
124149
132630
74350
143981
25342
50316
88432
120162
50842
34208
40630
36835
184025
141822
34311
35155
84665
61727
14848
130687
143592
144815
36393
86339
24194
41984
60233
96420
108667
187488
199307
143607
159058
124156
70106
3722
155125
11030
180146
176326
103462
132921
118875
148341
6232
156311
55418
182497
183368
149816
157197
92099
11914
170113
32875
181236
97164
44859
6884
114487
94897
165290
35776
154073
81910
3686
89816
175116
179656
176095
22484
141608
26953
103307
37564
89943
178367
116482
186933
23426
53619
91784
153906
109696
24040
164247
85361
8683
57656
127116
198924
115618
89969
95830
168400
25149
126540
79794
196189
45394
47295
161301
44998
88553
44229
17816
83701
184962
199100
111182
187934
86939
28965
21067
175660
126651
8375
128841
195727
10670
10221
101061
152423
111620
4524
121925
138938
39654
186839
168629
155169
197673
78114
117565
41131
126902
173192
27748
153290
112219
183911
51161
85580
176846
20029
39710
75241
60553
58949
53303
37475
173246
106823
17366
81526
46070
184067
167557
150248
126940
179455
24541
109643
72677
3168
95105
58835
40148
51760
13509
52047
147018
89555
164576
51584
133669
197138
149670
125649
91524
122020
88676
158489
5795
15615
191312
194078
177530
63339
1901
125910
26283
22087
99868
4275
126294
42856
43174
90413
90543
73451
135429
61119
78739
93789
193659
122977
47927
6456
66323
149088
153840
188217
96674
22651
4278
28706
118877
42169
171507
84257
80508
180898
169846
15809
109012
153473
32592
85094
190910
100755
112676
150114
47946
187654
3955
134144
193350
165865
106905
12430
154819
189039
118301
10087
140940
46351
107784
160341
3193
146678
29810
112587
45523
193422
105044
198692
159755
116941
106822
117201
135601
90563
194717
14016
145901
30968
107225
81997
39463
126760
130838
45024
117144
51218
44500
40414
17755
656
1984
189806
198046
19457
29151
30739
144995
68565
139393
135311
90420
81143
4752
193872
182255
123877
78849
43473
94403
107245
29538
4495
120812
69847
185015
130293
23104
104208
169594
162055
90517
184568
42891
195927
124577
5154
78179
139889
30142
25223
77833
153722
5023
123742
51202
82328
142769
171960
85869
90
27276
141334
61949
125349
98227
76829
14166
193879
92862
113446
123328
70706
79111
136367
158555
72310
115218
69409
109833
182850
151760
66579
113760
105758
71620
90161
70470
99525
173527
55880
46995
169072
73238
135709
108127
173622
127878
7070
98606
19855
60552
136310
91609
25752
28680
54178
138937
43314
59422
162243
167664
81895
52183
45847
145996
196517
128181
22265
167194
183953
147660
199169
132000
123524
75668
29213
170771
63123
176179
184185
52374
150605
156255
17340
27635
122198
15455
57013
191643
154020
81421
45384
124491
45091
192890
128100
62223
84365
120172
69063
87198
51941
156454
145080
1161
41889
99108
193051
428
86940
18705
119798
108321
147702
194613
151947
67649
52869
79130
125559
112165
21565
32693
58430
183442
181080
147185
79946
154014
76788
139613
7081
91214
77480
7530
125424
135614
126352
34516
68537
157128
136343
41135
73236
113201
194847
105802
11482
141206
137745
34605
111781
165771
10814
44506
103586
127152
134460
104155
199961
147176
30020
169039
192705
85504
59705
41346
85674
192872
98454
143274
56744
92816
160948
199362
112511
35254
175862
186266
120166
51867
122064
50844
41808
88947
39243
136697
187139
182257
130836
166840
182284
94561
192326
189535
8447
56335
156120
199344
5464
59138
158967
159025
192177
179868
128982
149189
40184
55595
178361
165851
1861
73870
180743
39740
199989
55849
91252
121861
109743
55979
22108
41597
42972
2422
138914
93258
96944
121580
160433
100324
59127
80391
22770
183172
19724
58142
129134
125819
115910
52841
7491
196919
163811
120222
128513
148871
147925
64811
109725
37249
56555
4338
70724
49375
183059
94185
41737
72468
173798
47338
199627
34462
167734
59814
124122
137157
95816
1918
169018
22890
11011
143004
123928
55807
164570
93587
132271
44734
103925
117982
28844
41309
170950
190138
195936
10507
167477
26287
91489
180531
15120
181923
199809
49734
3333
182152
3726
26040
164295
116624
31641
90917
149752
57390
81670
192056
44544
39771
134588
110674
120303
18736
184194
174447
158906
23785
127625
114819
164609
145805
63299
7901
111262
40087
92023
58307
134450
171365
139606
96190
16719
183181
69504
7601
97583
100270
97572
245
33747
157165
99695
158759
93453
126918
26928
165763
63604
62651
69880
75333
180126
129290
112984
101736
117869
185432
178396
149349
129308
1233
177571
12677
32714
85244
71230
78433
87824
32199
14999
162975
193333
32666
116294
136218
70445
121286
133750
112240
133188
150849
187327
114234
133588
66332
141755
160686
142610
195326
15418
141965
191911
285
87350
10224
94552
173270
53930
79225
51723
118025
77422
130688
4428
19268
188237
199345
91193
160906
91276
87223
189566
128567
144932
142462
158222
87319
62933
57240
7125
197065
89222
144021
50587
5781
193208
166671
91262
163194
83367
170988
12582
168609
88508
91061
199689
160405
128343
77236
73599
122254
74065
98341
19763
40667
79455
116773
180869
193540
166333
165300
198996
159027
137369
62180
92493
100594
175347
181215
117399
46373
140861
130917
45988
155486
103530
199509
34981
77799
164502
32030
33180
154879
73999
148619
162671
51784
57540
87569
101134
168193
81245
179269
152185
124524
99733
169803
93223
2357
49888
127699
6532
62605
175963
11560
169197
5277
57713
99754
61564
198401
121537
5252
72013
168789
174014
41377
81988
118861
176747
34414
133247
115274
169601
51628
66770
55523
92108
130363
173387
125795
142488
155848
33542
180664
156480
37008
143835
124246
47014
127532
99902
171996
160723
72995
20438
191369
132457
165182
14786
159095
57114
181098
126674
21416
152219
198690
69984
135922
31294
134635
130188
67308
53145
60719
22301
116588
118972
125441
110280
132168
195910
140184
36302
167054
25304
110523
43831
160527
111683
87620
176847
147562
143374
48825
166517
79352
135925
13809
41180
75936
26352
120298
46655
190048
193104
174346
145680
37110
174993
175704
92230
189270
120581
58752
114451
156700
84911
107227
144907
87155
193729
101896
181926
39537
191832
46470
120186
185183
126481
86069
124415
186754
177876
67758
160351
105309
178446
77227
131803
162615
176090
3183
46365
176821
117523
79461
86953
164934
113687
196262
54649
160234
158993
57080
163267
96952
116633
74158
86674
149300
183094
107503
27274
91978
59055
169868
46723
137158
24926
6306
137348
54464
112481
99848
7584
106811
123083
7258
9711
151441
114620
45162
73343
64893
55626
163784
173119
55119
77714
47548
125366
12073
27393
170107
145290
143833
60665
137576
124669
174775
11388
149030
192598
158872
70277
110416
168127
21952
48385
140831
159908
93904
106661
128098
49976
96039
195748
2458
113464
62785
123448
116925
101182
45602
46859
166894
89007
57527
3073
173193
14773
167413
82619
72963
112343
168628
174182
185175
199609
139150
24847
17171
157075
23504
80692
26268
21184
121499
63783
114286
147937
48673
93403
82363
93554
193694
136347
113724
84255
103817
38192
119162
39407
128521
136449
22191
20850
117492
83554
154918
32224
37212
21656
140717
11340
87469
69958
67876
104356
158402
120170
168984
52032
152300
111908
2413
6969
38860
90262
72556
70865
50810
38993
133279
40767
7107
163773
57458
91530
72654
102651
24030
62941
146135
199741
165091
103716
26235
22769
96897
176979
20380
117477
195404
155174
68758
39477
173637
5861
23953
145076
71994
12556
81050
175896
132982
146265
73009
29174
99054
9204
55615
11377
60218
159531
52618
43722
73062
32132
180579
135281
136869
65742
122587
149727
89678
67741
127028
177119
151879
4799
33286
85321
174967
71198
94277
60545
115030
57201
110834
104582
103763
144041
79642
16027
27073
157589
50752
18116
60931
1064
65201
188950
154245
90179
105889
138005
67618
45408
54671
10794
150973
31383
199061
10770
181065
177904
30680
178645
33027
181140
174934
113998
177576
77162
10188
79728
188159
109327
163094
135936
13376
184732
155665
42708
84246
47065
312
24397
24313
180786
36499
130007
128297
39131
114763
145507
160007
63306
41295
129270
76902
159547
77976
30789
73112
147097
33495
6885
27394
90406
178516
157707
52976
168383
181291
112274
198215
152480
197974
51940
2760
38976
91743
147846
4732
173153
99539
74668
152735
5910
162995
66115
94030
48166
39390
11492
175723
84086
189451
3403
46118
170735
170411
144415
196053
31203
70232
85402
14690
92849
105538
69764
20409
196935
196918
137363
55278
194090
15720
37270
113274
178101
78125
86040
154231
69347
176982
73291
42547
23881
116513
23411
101887
130374
135791
144921
173939
177695
128172
10980
188395
88588
130626
13887
160677
146412
166291
182142
102642
35745
106907
124135
136227
40957
134688
91395
125206
166883
103407
73525
167066
127555
167837
24188
173298
50176
15570
49270
143115
71739
195237
153017
191420
173257
91296
72363
115925
55758
91098
24410
54097
26129
173982
13689
6536
1482
126044
127948
169445
187019
36381
66890
69212
80728
90841
186906
149667
55678
100503
170141
47689
174387
66877
26497
113500
92921
154463
198609
111815
195917
152577
186878
97088
128795
113406
22103
56473
115362
121370
1770
33750
162349
173316
121831
163273
85210
59574
187378
44925
122619
98081
103700
64963
131562
171797
101623
20619
123780
97707
8018
133604
166276
160041
53294
194796
188091
124630
48652
130383
33005
47352
145133
177889
189951
118572
186418
153991
133504
174979
118256
40765
144950
92863
35247
78583
40521
178933
75899
128925
70455
74020
41647
5722
1164
114869
65121
94602
77541
79045
58188
114604
25677
51047
83127
165186
93088
46491
116539
190402
81427
48690
172790
106814
86904
123804
186480
29203
868
196705
135580
100581
62056
129281
55427
101325
12648
111646
74191
56505
52868
91827
184315
134456
6337
190322
192926
17686
192127
45873
56759
27830
4497
136133
183550
46058
12810
124605
106379
101324
146213
152725
106695
111978
117894
61458
150687
57530
198209
119596
191120
105815
177031
133833
12388
33226
125918
36306
36156
93679
24489
95753
96749
188997
24477
4857
51439
142451
166382
20075
35947
126135
198029
86588
96072
17205
150313
123021
133224
9370
32936
56682
172952
24899
199002
143430
51658
93112
156913
94939
39563
107539
56537
163108
190690
94808
26613
144811
52044
95734
31437
43602
79830
199288
55567
185284
198862
99515
125496
127422
59057
95590
78383
13704
108728
51361
74422
63400
88712
156456
84
20879
28327
199106
46416
172573
96613
73560
113218
190811
182289
28497
17053
48837
145630
26059
174262
69978
57599
175939
46192
24961
159495
197606
53433
58495
95424
168661
3477
115740
172086
95719
167748
191485
136390
122911
138340
26765
61799
185668
96505
196011
171712
24005
92553
80541
3529
160067
14557
77196
61617
185881
79217
98024
180199
195244
7218
74111
184856
16923
139349
196320
104462
75281
21553
94875
127644
100939
15145
197638
186718
25156
77657
18337
185777
129137
5355
1278
184126
46996
185411
189742
60414
150919
31994
20887
62542
185998
71757
9596
181469
14436
93463
160633
24697
64068
91968
120607
141967
186007
166284
32798
70002
164434
197630
139078
97214
27015
87956
88834
76474
69278
35531
15301
51985
71076
42927
18687
162627
31442
96408
170841
113762
167969
162904
11403
117484
179933
75708
151937
75501
107861
33307
194070
83324
171635
1108
90584
160587
180615
81504
129352
78789
178860
89736
93387
133632
44848
180574
49226
60125
49946
97190
133000
110271
183310
190604
186346
107033
43590
194393
187980
148925
93845
105807
9850
11120
43100
64463
175288
114733
144113
174841
166281
92369
146149
17894
98962
74150
115662
91577
129216
107842
123993
34474
147322
22958
183707
34630
140126
131832
117026
40142
71608
111422
3012
500
160108
103232
84314
133560
52894
86831
26836
113984
87135
193490
1421
44158
139488
125925
44985
123308
5573
176256
49456
72178
169715
131933
66539
50196
45568
104160
70369
38179
165981
132641
111563
57654
19247
13191
23495
119135
29395
193874
140135
143900
136489
171081
144512
150080
98899
104408
38531
133378
152767
147896
50222
50370
98212
154611
72459
15543
141699
80907
124774
11294
160231
2982
34103
4178
12437
130669
7924
79465
147395
77854
166991
66102
93757
56381
17021
125003
133179
135596
141710
33269
129876
155358
145425
172457
145388
8698
63860
102880
43507
6920
193009
11002
18394
46709
14760
179379
142702
174551
189247
127240
164781
195046
9368
40284
167597
183716
178046
153256
135035
32909
27499
17588
88169
148055
185531
37864
141192
165329
61078
134803
140969
119254
23105
141228
52091
181789
158009
84662
130891
19414
70491
183237
50821
18265
123740
181845
75676
138063
32692
83257
20505
26661
63175
140282
143285
124399
87052
43280
145949
46146
154928
30239
125622
179080
103927
71940
168006
150330
110593
195776
188348
134990
17161
66042
89438
83173
118788
13502
104661
24680
50182
72577
160381
116796
71936
174607
126796
67602
96695
109929
27778
38142
129698
156258
153070
136908
109701
60392
46701
157002
62492
187237
184618
27614
9097
132023
104972
104802
20215
26529
37293
105760
135436
23961
62406
3132
144424
119980
9283
39121
190727
3731
37156
90440
81729
156702
53869
3701
100787
77508
194763
67665
46371
105163
45613
129339
144523
71011
161121
180939
196984
21651
65051
183385
103624
50835
30039
56179
22616
34347
268
43205
178804
175616
56833
27200
8700
38624
5101
194467
43810
51899
54313
96434
120191
51645
17968
169556
121902
182192
192718
10101
96760
127681
193803
119087
143838
187902
44873
149274
40742
20245
193374
11805
189464
147440
173417
144406
13145
149074
9500
21682
135318
156242
102223
67515
82340
195422
140189
52419
1660
152149
137380
56594
103938
86571
129906
141990
35435
51625
167409
93325
152220
183265
76668
184829
137173
135261
121
110363
11575
156693
103445
126191
85027
104241
41822
19171
137107
179515
95509
161267
33347
59896
142940
121753
187008
147004
171817
68707
181232
139825
176782
70552
25638
132383
69699
9574
100155
60573
184662
18042
70005
174872
105138
101188
159875
146457
84711
172653
80849
164109
154817
185808
75860
130789
35381
61419
14422
1974
171542
22302
131123
102711
173335
3952
188587
53731
27822
16688
121888
12045
103129
66118
91819
66573
198208
127471
191929
59989
62617
124959
180272
115883
95290
197053
190248
82093
147220
134436
133419
98779
86152
7086
199170
71802
162987
44465
157232
14245
46768
178301
60563
34053
5286
12950
193782
74995
84417
184270
74756
159081
154158
167855
169117
38997
16905
130544
189421
26047
119012
32710
197900
163607
136945
36978
13159
173830
194942
88652
179017
94324
183985
100133
31352
78962
124275
72479
35140
52227
24118
71282
77505
182430
96660
78479
70727
146354
13941
83592
106888
147274
96780
17500
151980
29096
139528
77466
156940
177997
130579
16721
150172
107702
167911
28166
56181
165661
58575
137978
93837
51365
87614
104843
154806
53488
157429
184192
140589
66041
79220
155382
110791
128905
134556
96905
112960
120499
185105
36229
16464
7739
5567
198627
113988
195416
83043
121940
109203
2047
27949
55953
92262
135754
12861
194952
49995
27463
189341
109274
51118
128556
79838
892
126081
57763
56690
125699
192656
67183
158538
166691
50910
66516
162621
93148
21606
122713
6010
53421
167960
12256
155580
119601
103124
86929
119147
199153
23989
162006
19035
29317
88771
131347
9568
81398
89665
84666
42814
53004
156567
6762
111250
126190
66400
84757
62469
180148
76677
15009
171393
58785
65435
164097
6922
181526
119767
95150
14502
93419
39307
65749
59652
91777
150738
28774
158
150014
134929
174430
105908
130851
157797
124745
145844
31253
183884
41341
175332
199602
26180
40749
84699
154775
17408
83067
76440
74654
95971
37800
35074
23760
161076
51230
102047
113526
141279
160807
194981
115166
33484
59040
139217
158497
90587
102138
69031
132388
78845
140913
61858
47773
59290
130639
136543
120598
173956
33707
86522
47760
47368
72452
138929
142498
149047
188619
120299
170009
135086
187470
187463
196395
17188
65495
113660
42398
111227
60344
121642
116600
59311
114626
96627
69898
148485
192528
103333
181597
110552
189636
35923
89293
183288
135283
27014
183011
177955
121687
175725
45371
196932
139525
84302
103088
29454
11858
141246
187010
26100
71134
84946
131483
78299
56533
102274
35419
50704
36960
27706
12958
174587
193491
98771
125664
114237
101976
119485
88155
183826
120817
54893
142388
5948
13996
58030
130547
76023
105187
163434
199686
39297
140573
165040
14604
47450
138908
97655
181242
30831
136728
23928
40942
131268
157351
72469
67592
79738
88388
25415
121436
121414
142266
94458
152759
44619
103321
175880
19615
71434
124540
172116
89252
136338
123578
93265
177630
134121
87343
117968
62045
82116
96915
153148
148295
60524
43765
176642
119957
183198
130667
63476
160930
101282
7766
1715
36801
19397
155922
181959
13018
30025
34187
3513
6514
125739
52031
3809
165660
26354
45782
22230
117015
141674
84534
117348
183320
120423
145692
164780
157634
80925
137083
89912
170036
179889
165491
101399
152626
160623
73367
47006
187676
42443
10970
2123
198500
122658
7575
54279
182614
37671
13474
97600
104367
124720
174388
61929
118432
130384
5528
8561
140140
173036
152177
59980
148937
103310
82893
160326
66116
192578
55210
165435
93330
151327
31435
58021
50438
38964
34876
97981
118720
139797
156206
60337
27561
13094
83402
67097
27166
56558
53097
34622
19661
18537
29109
53692
21753
123584
92140
29879
138273
180337
102960
56121
74203
73356
184531
167781
49699
29273
183871
32822
152436
196923
67398
75600
107290
122527
92125
98915
189583
105627
107277
46799
74850
4854
50657
147147
142670
143551
32884
123609
149936
112889
192336
109710
197324
198888
43598
164511
49407
68871
119257
185317
111108
12243
109615
157925
141336
63758
59365
132613
107571
40766
187495
118035
32292
185467
66233
18716
10408
18562
168153
55376
119486
52731
71003
171289
124991
161102
92727
25650
104256
80922
25970
161063
37397
197720
156585
10986
87583
89305
10549
98921
73669
154839
21417
67712
175699
87515
39318
158462
186225
183639
81947
98952
6011
32844
141658
167753
178723
61025
84583
18420
144361
156497
25928
170870
101253
98751
93425
5510
163939
153311
70998
191558
6223
48599
62985
170079
199709
25112
111472
146907
66599
149305
196056
82646
17746
90295
25718
60527
1068
182502
115415
24100
78540
193436
42324
195234
166360
89922
69378
41385
131315
144428
184748
25892
118775
101326
55660
68679
163519
25365
172628
79450
133259
187818
183735
96517
152562
146161
187820
44242
1628
94817
153097
10731
154552
110317
57428
105175
119032
64781
47715
121206
179055
66906
170749
73508
97834
71074
156227
197410
89357
109555
61515
54732
128906
112197
92146
23805
13811
86466
179734
133881
6500
104143
92295
172745
122481
100030
199241
181944
89717
182881
164683
85135
97705
140050
147612
53633
185830
34879
149447
113742
14173
186283
136750
199049
198689
91912
142974
24256
60150
134110
103537
27505
199590
109159
152428
171902
111856
40815
155312
153542
1717
42146
120100
150720
91294
171298
176473
94099
145029
147029
3065
149736
140939
78345
101303
157856
116893
61851
177137
177070
36029
68731
73290
71982
136387
29443
34175
932
30512
89553
22476
183289
10589
42962
27336
78379
197613
138478
134090
55603
109797
178102
48858
193090
130993
158935
180286
56401
154313
130734
144614
130234
20267
173630
199731
41102
186879
38026
117002
41654
45405
78457
9566
12467
118140
63050
136616
32644
42800
139794
141178
14818
56400
146054
39720
33257
116266
69833
59269
134881
162215
163491
15913
9542
184507
1373
102370
160124
29554
76058
11656
155502
111199
148010
180534
143133
162758
1182
36364
35764
140743
38961
1773
6770
99321
106321
121514
138789
92527
169048
193746
149713
154674
76295
158534
68524
20197
183164
114063
9840
6584
134756
127366
101207
61854
54641
173685
169202
159911
77384
39493
15634
166722
139253
173721
14220
188575
98050
183254
125949
47225
108953
42567
187395
45306
60941
72612
179572
18276
34995
19002
16671
55525
48935
146486
26565
166527
18739
150869
36473
37506
149229
78815
113850
23717
38843
110154
43281
114968
8580
124555
70596
137755
191560
188677
99962
84283
190110
109755
149045
51731
177246
18162
109410
122947
85808
185716
62270
79079
60673
122811
112826
173100
18711
64459
169607
96142
117404
24944
13065
172224
17806
177223
172718
174421
164994
111270
72941
152285
8780
46462
33449
138038
189000
145560
156403
90910
141315
3011
31049
122812
99350
176036
149333
20626
141294
100080
130755
112918
88694
52695
139750
158447
38671
67660
128683
73634
63553
10771
61678
44737
175213
145991
129670
121765
54392
97040
9477
107090
81835
152111
23445
198989
153901
50995
106586
16176
29461
179493
4042
33353
89005
109603
114036
185454
29890
184263
194516
82502
10419
151835
74982
59531
41366
167518
162147
94894
82065
193459
189650
64306
105616
91261
49197
158449
56795
80445
113345
99566
104043
24384
125153
17986
169213
56889
80734
76335
138379
29561
52001
145116
85680
19265
121645
27536
18154
154773
52418
82031
129081
7525
183048
40843
52192
194025
67552
193301
84871
87796
9771
11487
160632
35756
34591
55864
131414
139405
162954
39647
48783
197952
180536
32821
15175
4459
84942
26999
78715
177773
147692
16885
19429
9110
127433
56
5305
124380
157824
107924
99377
94256
91869
140248
2150
20974
98935
187192
59265
149376
81548
76030
3269
161861
179914
68555
45681
49674
117463
150583
41904
157953
59891
91479
196256
12592
33251
1992
97631
79672
82218
84630
157661
70210
24776
26004
199605
172988
63529
26736
142831
105061
58438
156738
165295
39246
66964
77263
61322
106091
31935
169132
115986
179985
93803
63884
46606
78347
88591
121576
10648
41029
127466
166766
34689
150107
116732
160649
104890
19742
156294
62761
142333
41364
1781
141301
99118
62539
125211
32116
159436
20070
171647
70032
59905
136525
139397
15749
133238
186582
115766
95139
51479
94538
125592
106406
55569
115200
104314
148540
24786
123649
169016
38551
5784
156915
57043
169897
383
19591
71573
176736
124958
62140
63194
44983
169368
156546
147904
195448
42925
115724
142256
24339
198187
96493
82406
121080
119280
135445
34182
152582
43211
101418
171409
115871
52746
82062
79471
102093
132931
113470
124136
102715
77163
22883
106071
107507
148002
102450
196656
170714
133458
13874
150164
190204
165934
146361
179003
88022
33685
40616
24431
133946
58329
56602
8774
138566
54275
189200
152454
80796
95866
75842
183875
90953
33118
192657
59746
26178
16127
164191
176212
58439
121257
58486
29166
36874
139408
197238
188666
146552
178619
182759
108870
95298
138288
181334
144272
145731
156587
108776
53944
10888
157405
4826
87970
175254
112258
146232
132542
193276
149636
16988
30452
41772
153056
107519
163834
186856
72894
28136
87673
152985
125004
125275
143213
195032
139633
82454
88782
45366
100461
42446
77464
19905
151623
96288
48319
80367
198178
177472
163459
44436
174453
66178
176876
145795
108026
42555
7681
180602
45376
61459
126334
108719
21342
178701
32662
19540
162776
43875
16810
133761
129753
92009
70884
194761
142187
54635
31618
37514
70858
193883
186329
27799
130673
163324
45615
155835
2016
167132
75265
40713
167048
174744
162228
71343
172519
119179
17933
135729
40986
66378
130276
114613
74868
788
80238
81777
171800
3413
45339
197311
70236
89639
120262
104775
99455
80721
150716
86137
86131
115002
160884
135246
164043
140962
163212
177114
48103
84750
170866
95550
81883
175938
89626
115051
197102
53531
147162
185965
175401
112276
41944
32213
178307
59467
100896
171122
155911
151209
125749
23317
195784
76346
100617
167939
64761
32284
30094
58178
51875
99506
99625
36936
58711
69783
109188
74492
159435
46374
78900
192512
57022
85836
94967
75917
59635
199875
68350
84304
61234
40758
1461
137407
28987
103547
95210
16743
104316
66075
178828
41739
156439
186710
86566
267
186039
107742
128690
100608
44298
31665
75826
165314
39676
174760
94665
61141
63427
194713
55433
180233
160030
99599
160844
131842
183093
111128
108536
98104
180820
142078
104527
154310
123551
146868
21746
24901
111903
65831
120980
49083
149007
26399
135439
73699
90331
45453
27564
62384
187961
100164
140652
195191
56108
122967
147470
190152
159660
53696
65546
113696
152660
175641
188291
52546
196439
13195
43738
173406
56896
16199
190000
119823
90552
1388
60063
145945
186178
197483
142183
193185
68947
13081
86985
180986
175471
157312
175384
23276
91244
5683
20961
72943
110257
161502
150955
153071
99630
120225
75546
53136
76083
4448
81277
69712
54658
119724
39762
104091
125540
155581
23982
88919
122482
152426
176817
175654
29343
86913
172933
22431
139229
104778
166385
56439
92970
61909
109685
120539
166222
44127
150958
67160
87290
157117
176066
35831
103204
68902
193034
14871
59527
186782
115807
172638
76721
92173
955
189142
152424
103529
186384
109158
97905
166011
179817
97642
34580
155316
178902
96382
107160
43950
93438
35803
173483
65913
150092
196217
20322
141453
27368
122271
83306
185694
80859
172913
160976
139073
122039
2604
75565
31458
68170
172659
180689
133857
181420
163144
45480
18700
17733
109376
123715
7422
2010
126742
11069
184250
33773
109852
160409
38488
28102
148343
102843
85700
92239
117335
9082
129751
163280
194907
112350
111792
84859
66080
141612
37051
34758
42796
113223
15700
153212
144375
34757
35125
189207
99648
194424
94350
30814
80716
152661
156304
120650
97688
54373
55842
118800
96201
170006
94616
77590
184056
80309
27187
129878
161565
114720
80687
13956
52220
160709
94723
15724
162081
2326
47905
94038
45364
43441
151495
15909
89342
89837
49768
44933
159420
5804
14597
176481
82333
94726
102547
68744
89309
138492
63932
31811
3038
171912
181878
47960
193042
102888
12343
102773
190025
187018
17974
155852
67513
100012
53815
66256
137218
145269
126660
102320
95986
145536
155729
105247
144151
152692
186096
188788
35995
126583
108580
148858
131779
30742
178398
197145
195670
129662
191177
76341
148514
62424
107124
146276
172110
182964
59738
15287
2801
90473
17310
174173
190339
40433
1379
125636
138409
107734
172491
131433
196952
104638
87384
63671
154002
168563
156396
172108
142800
129030
50579
115060
141142
103105
66444
156853
77458
166362
8993
98647
91153
180746
103824
180987
68020
81905
42384
199327
48708
105927
48865
25072
66027
5019
71548
84641
144121
32500
32623
96383
65856
57826
9394
106591
106323
77967
199964
129527
191141
140241
21889
191308
146168
129611
129337
35313
178869
41862
199884
136281
18604
183788
60544
48826
91383
76276
182643
72765
534
95776
45082
20969
66264
19329
72620
180381
135914
198569
48452
173411
88016
119136
132830
61930
174897
122736
107060
18164
8190
186288
42013
83912
198510
48057
73370
92135
125225
99699
158195
9233
156645
126018
131649
171615
3976
118260
45891
32163
195740
87371
33465
173492
83418
109779
185773
147102
21307
137990
92604
124909
118383
165454
63168
119931
52079
4850
120664
14860
2937
3147
18957
59486
128052
69624
155188
49031
20026
135170
70618
91538
76816
155327
21662
6899
129139
119551
60970
88616
149981
17644
125078
150242
54975
114267
186501
159428
100397
33549
65452
119646
43958
38081
184888
122621
76279
52507
167027
146058
189388
81756
144588
45979
38418
55095
164070
10457
185244
27042
69617
122320
4220
28740
183127
198723
14915
91922
82136
59023
141057
166189
31678
159373
175407
61113
5785
5217
124058
78736
63338
150848
146814
49428
21270
136632
62942
162279
75427
64058
141632
57631
198703
101296
89641
147249
77056
134482
109473
191469
177952
58569
193048
80169
30847
51856
53863
109207
162225
99991
194131
133205
83611
156374
12482
47135
134266
198452
53208
191165
106402
133272
10499
151912
177141
123701
90829
167880
153124
157404
146514
90457
113860
28993
191992
157402
168465
186732
180358
155800
115877
152182
19087
124009
169993
170758
93183
20442
94476
94313
182693
115554
175809
166731
110248
82293
117576
188407
112138
192058
14609
26371
124421
89453
169856
156498
1737
59589
199915
57304
88981
177656
63680
165600
195423
14067
145840
154613
129529
5902
93513
159482
49902
109043
191218
196983
97947
109918
30610
98443
145970
56600
178249
15880
93801
95291
56672
137411
14770
143119
127319
55290
199016
180779
109097
194321
101668
28133
80435
182611
136069
826
76192
91673
199396
119978
2742
106951
129861
132671
40110
7035
22876
146259
121138
101487
96713
23026
54534
137811
182787
95126
148810
170120
7281
168535
3141
174167
128295
194349
166153
129341
60616
93881
44403
67186
50736
110870
162313
180121
186298
66269
53068
44398
159129
22792
70615
195770
54890
140655
161712
165651
133244
135994
103733
198370
194831
158824
127888
85925
85904
154757
15597
40822
162104
173775
67911
175329
184850
188250
130521
57784
88038
142782
83365
57904
48725
24199
34192
154504
133826
44786
66561
80383
161828
8886
149106
123867
186200
125767
25791
148812
159645
90353
146589
79979
145824
179008
99870
122004
16491
139736
45982
26435
85888
23488
175133
110782
9405
7619
146958
73733
6607
96511
162582
2063
155468
129954
160647
68232
67850
183689
177662
126989
76661
97619
56111
52657
5056
60866
2266
118536
191748
78164
23344
108808
113488
53803
191868
196459
39310
44112
196148
117099
99136
98686
19091
135682
104768
152420
139260
199385
108312
115046
130754
101292
121037
960
138089
64439
147494
74764
116356
6675
107999
103174
101939
2647
35670
27375
130926
171584
33317
139500
138626
67982
157499
66085
31926
48245
181611
39910
102938
56425
154222
161168
104567
184649
58907
153975
190929
25048
58545
114119
30489
187619
155632
70756
139947
196495
122890
70866
44547
1898
2771
27089
7433
150785
66835
102841
30144
101290
162894
119090
49337
161061
55675
41731
145728
97620
142578
59367
65896
97362
109758
65911
56836
133292
163797
32387
153191
164449
182439
144541
68126
102504
93741
103265
64355
127254
70500
94292
87598
174929
12172
188911
33848
25524
148805
142163
89741
15786
49024
140591
15727
124230
80037
123728
197993
168379
27731
22475
182179
84051
199391
167287
47413
31625
79203
92805
2846
39119
144264
141139
161926
147400
156035
25749
163533
141285
143000
8241
89987
138717
178999
180255
161004
164551
195891
116236
106950
184452
109872
35432
119251
185390
80447
147958
186036
56499
195477
117043
65588
86725
104431
50726
153915
7403
194385
33780
21129
18260
139880
29869
149236
150897
68648
64819
75942
24369
39891
81964
153134
141579
182061
194158
96104
10962
2654
207
83057
41946
198964
1208
176017
126365
173336
155268
62034
162600
108659
58246
167105
67706
20360
191288
195870
174249
80779
69287
103147
167242
48324
42863
12230
187816
12426
129115
36952
181255
104911
160974
99358
197766
65516
100046
132403
40506
130835
154451
146343
79060
65168
165880
166613
25367
2985
122958
91231
77391
75570
81053
27937
14346
159472
57353
29855
121293
178383
143333
169916
124434
2023
106646
5719
44537
110237
95044
5488
177591
157115
42655
151801
33127
144603
85151
153220
162010
140062
49756
52348
166927
128677
114446
652
21579
36974
20443
67937
44173
115906
138238
23932
40408
179430
199457
168918
136508
133773
104368
123418
97079
120950
44409
121500
97305
79492
84717
96607
40096
174218
131934
157299
31744
147356
1399
168122
188070
93368
100808
98728
194021
37760
19541
37970
8094
76798
140097
162788
47808
159968
152573
11539
4883
36560
68381
132305
163113
45197
20274
154113
33676
160538
199397
34289
82112
31504
11381
30174
145353
187497
102788
152960
12599
55690
173025
35512
19721
147457
128994
198437
13653
86841
176731
191251
194138
95122
46496
114462
135017
28898
55171
172841
101903
69405
24123
8144
30764
13404
161154
173011
85100
72475
88671
50560
79428
156079
145479
62192
31085
122140
101088
103406
94470
114128
20658
111570
169366
150160
107564
85516
145532
177657
188797
146366
131057
125109
147327
49465
194032
146889
162400
140019
89596
57461
190714
164638
173431
33283
34130
82758
118677
74788
137983
54320
148459
123689
116441
170020
74234
130929
155869
110071
128282
125278
101366
1877
80554
154672
33010
44269
193147
58102
142154
109964
3040
111358
29009
179030
100254
106011
8556
124691
146858
123525
40009
87743
58962
44957
32669
197054
75754
140120
119792
48799
35476
181162
170392
140234
76356
154335
145056
136198
173856
182631
1416
5708
36243
33268
90041
5698
159585
46026
153297
166275
95729
187716
131823
145851
154317
135453
68628
185308
184560
26882
50477
14704
189204
48899
164203
159821
154567
7448
12705
88017
171597
122616
175687
184963
36937
40867
38677
71493
137715
1947
42269
104140
172437
48755
72595
168453
82485
23831
28254
127706
20347
65388
31149
113797
79128
47215
37033
147542
7912
85753
148159
46236
112654
70719
70065
12776
156429
160168
182923
125557
168367
164729
10752
192184
83445
141527
90201
191129
107105
161157
121122
117943
143520
94791
52897
155766
31226
159782
181090
40711
83551
116389
148706
43288
70964
32911
71975
74120
184617
58010
20572
113315
630
50952
12568
118302
82946
44875
75557
30322
140793
6104
170499
64163
120399
11497
151313
49198
61880
166772
124867
13865
72408
192653
191185
5609
41705
80108
151246
172726
163704
35059
134606
198189
184224
45689
127941
90153
1530
102372
159716
171103
153692
167822
162332
101729
27805
42067
175270
79033
133149
75500
101463
148362
108116
38515
139330
34257
147110
161759
190298
162060
107022
180495
164140
97160
9723
180618
121921
116457
58426
31779
195963
113900
121153
72031
89827
70094
166636
78525
21213
112380
56671
59669
127003
154976
119853
11792
71008
126690
42291
2207
160813
152795
132820
37112
10324
172537
96227
45344
175948
196606
129749
183123
148353
87772
30296
56068
55261
176379
130078
30566
123489
103216
100092
73014
11390
63344
153441
127889
27127
71323
179219
12262
16920
171561
90581
171038
62692
124445
157788
16161
62087
180168
81976
191575
62037
154871
157481
188467
67536
153482
124447
6667
77730
106408
88496
174778
139696
60851
186727
148488
49883
50584
154521
131625
186290
166569
24016
77536
147061
38953
105774
128527
75761
189326
190249
70716
21647
134602
43006
167824
157354
195050
59617
126450
136361
123289
55711
101755
23290
1037
51092
22451
14857
40459
94367
143923
81303
104108
80131
31996
135738
13556
145360
178454
153382
154368
100775
182322
115199
9933
174236
96482
138719
182895
64308
150191
74598
85088
16186
22218
181179
128410
41190
114999
67676
2530
121819
67189
4168
4806
22875
151617
23970
158159
77850
122749
159692
80797
134133
113885
167307
17611
146063
149791
133055
94830
171994
89036
51639
6656
111136
155509
3925
196752
186415
121118
46954
99097
166930
152999
192802
15573
128976
79740
142837
73032
50777
76815
179710
181425
151603
83164
168228
194494
85947
75906
34450
96951
58927
106781
38523
115972
133301
56002
112757
153339
1296
131021
96362
133254
114415
35078
183606
196379
31316
170630
42801
173617
20815
112423
26438
184514
179569
135811
187632
184304
116825
115021
38818
147967
92166
172648
89499
120822
87016
143409
49107
141280
125135
10581
54634
87556
85053
57199
128376
150156
128553
152039
181392
155981
79529
163712
62095
11688
165701
160250
178849
135094
128372
37338
83746
10404
159030
154972
68407
179611
171036
6689
113393
109371
63708
186709
166026
145959
14692
6583
148154
104881
75724
169353
163164
197800
111130
408
60709
1381
96587
134938
132188
121672
96436
99163
110376
169549
199638
63386
38917
161015
20786
7332
15654
38385
134956
116647
137477
54840
164903
17507
116570
126638
70462
56164
132973
85406
173670
120228
128096
70243
81120
127693
66587
115313
48531
82249
49119
188474
147998
102774
157494
73169
182627
10605
119302
81856
79932
179877
113244
100541
184055
118816
28034
101268
186277
67935
108227
26186
89703
120279
35940
185540
148471
175398
170319
2932
176829
3634
56765
117715
134684
54263
70658
8061
63149
18841
87410
192398
8493
196856
129152
1183
76852
121556
50002
49336
67461
181735
149684
193952
175852
45967
2232
122696
77378
123379
48715
64746
131197
11694
30683
11169
181385
151702
17677
98958
12429
197296
58393
58940
17993
165408
81325
149623
185622
79052
196504
103794
190848
77082
3641
95421
128871
37461
49200
143965
77090
168714
198076
108248
152282
42002
89494
65142
43449
121198
31387
115667
93483
199534
65249
1816
9776
11234
168722
170058
142675
125738
175415
99051
129793
123710
4548
185305
26939
185937
169324
100862
141380
168381
89055
67975
22161
198523
193306
39127
58254
18709
176146
114955
198108
160005
171623
36863
135400
73406
25383
153170
30383
140706
184945
139556
156880
136553
38570
75317
199527
33432
145394
53593
19852
168638
70842
74118
49343
146643
29354
178182
107253
20009
184553
173988
116986
139508
89573
98051
5427
100459
11684
5966
35012
107440
93719
191382
96079
58791
123751
48134
121821
129571
181646
48661
18013
55804
36338
51080
183725
8712
74466
137950
109896
134955
15565
42055
144506
156527
178141
133307
132891
172367
30000
67485
185436
140170
76695
174728
58893
118142
125131
5344
122329
86947
32862
148749
20915
93631
21262
160040
132423
101999
34034
153829
49327
60308
78316
89061
121797
190407
55428
179133
39790
69059
92537
148808
161233
136308
47334
179166
4514
105735
53518
41577
140932
174530
80396
151344
62181
139256
85420
5497
151687
115203
36247
78188
141138
81177
55921
38148
55644
197130
14559
21283
3647
74468
53232
91934
193553
75915
163726
88655
167741
101508
4349
147845
190544
158030
188143
198125
172656
19654
147407
150766
172471
158524
66350
113123
53996
173220
182802
102830
5446
142481
124664
29664
109640
77529
132263
186216
70607
178919
91975
175499
143928
198611
3026
61904
155073
20010
107925
67422
160672
32013
48144
69282
5999
110600
117459
158992
192062
151148
69178
8662
90598
136800
172584
183209
164959
106481
144974
52872
152598
95280
177346
137572
162971
2958
53049
141011
73914
178901
157221
169895
86242
134227
67521
73829
175460
21672
31970
134656
84000
102025
148927
72762
36539
102615
44616
19007
57497
78865
23129
116387
199111
118015
21162
20253
87230
56871
53257
178562
65262
55662
607
161847
114395
140116
42920
128519
114203
91011
186956
29344
162064
47578
199184
117060
27293
37697
138560
112172
178192
74544
64290
83014
149664
159836
134360
177177
134129
43054
92566
99710
153133
4195
30292
104477
22130
121362
106413
113674
42010
137254
88128
109667
139571
185522
23921
57521
188834
164842
90061
39460
187674
83877
148769
27711
8908
175814
55384
134260
148481
104825
16542
68546
131652
67699
37603
146359
47647
190805
156716
96811
173903
67555
107242
15457
69002
182245
193328
172898
66204
11236
195824
127603
105343
165912
163248
98965
125405
88868
198688
49040
91301
171715
192537
83313
3039
14725
61164
179229
7156
57618
54227
126681
194125
189791
139157
4835
143639
106836
77289
11529
120461
128325
94096
199956
4877
131519
111876
61818
150056
187948
82223
171025
166339
186655
120037
181551
77267
193432
147262
16229
121385
9703
183583
78676
87731
96292
49230
168707
112356
142718
187553
94146
130938
139978
152145
183269
6462
64473
44852
186135
196054
134483
172137
49594
96588
120936
171456
24882
54037
57708
147556
140094
40781
146339
24523
176214
133460
38863
197912
60031
150925
41261
186533
71776
157141
111771
182161
94758
41308
111790
3820
195897
187285
88821
141003
149582
195949
38050
119365
67939
22979
141898
64350
137243
39457
165535
129077
9520
194126
66913
23871
109042
22567
118445
38375
179450
112026
86170
6986
80497
128902
45158
4926
148651
192390
19033
78886
28931
58168
8891
81824
60062
142912
198038
158293
33087
45029
6287
46244
6321
83830
150875
95240
156637
161964
123572
182186
112024
152322
191966
93501
55607
73960
34268
147054
174516
29546
35826
189239
66833
182629
46482
124282
153326
121225
30549
23828
77293
141468
170746
120319
69146
12469
59992
110548
70435
185330
7794
153654
32512
173845
74994
147373
23758
92838
190284
53236
167337
125703
146018
163792
121302
122295
29414
125667
187985
95423
86052
81002
151838
107601
3373
112541
127280
172426
64921
173584
67677
105790
107549
44185
93110
185704
5821
19814
44749
87040
30954
58804
16941
146157
72373
183072
184363
130355
141261
107096
185947
189344
17426
167469
142783
65403
58998
199750
158804
173365
125114
161893
170961
108692
121554
195551
164363
193749
175747
3901
137017
139351
150699
40702
125714
185079
100236
26909
46544
81508
47498
1356
92363
185328
173420
58814
186556
25248
115349
70356
150378
119198
168272
53818
181883
59517
73493
54733
25837
54946
29401
60488
192162
35608
147729
85023
121555
81704
5097
53986
33362
191027
152981
99144
16498
11005
79834
32997
107358
154143
178595
59729
28179
4580
178060
69874
8453
48847
118728
60338
197550
61410
141697
53200
156467
90091
151506
64279
86959
134303
32240
21132
29331
96621
124697
143323
40853
26466
11591
128167
5147
80932
39266
136902
72438
164018
14938
7903
170243
87658
47814
197750
131544
182438
107662
16467
127315
33500
114521
51749
51206
104994
172490
197707
76689
19240
183109
187298
83371
36120
27205
8410
52909
16963
168867
105786
129539
92779
147146
31647
121459
106908
64745
74808
68257
16259
99536
60003
127962
58627
86604
138486
83434
56497
101347
50809
198035
116400
177208
90671
88207
192682
85809
91357
18336
151269
102520
43345
164045
100783
42840
23751
81537
13487
95102
115047
195499
50237
128262
157158
45147
60475
134981
41706
182806
98455
34420
106702
28329
101843
40273
74570
8652
18981
159062
78800
2566
111507
74747
83681
132656
64735
194790
31113
96016
161596
168976
90684
20059
149859
12613
117742
112510
85937
23560
103889
19200
185100
141448
114195
67172
66690
193342
51998
63351
110321
15043
62980
15130
174023
10556
123210
154353
46445
214
186743
89155
18395
178574
185250
20932
178797
149870
175086
95782
49291
197226
7185
171000
171500
169615
108366
27104
74987
8513
156944
68224
63729
116031
165757
115273
184781
98644
17770
28984
94991
10636
180436
19642
95933
57787
6648
131140
169355
134157
110596
121552
27883
113232
183956
83897
22485
64028
77942
298
160500
132642
50381
198454
108098
64934
191786
37173
4748
19675
199378
131919
53723
110324
100284
154784
156078
111830
145004
173241
19871
91352
68343
163123
194575
191325
188612
176276
198105
1844
22868
76000
30450
7791
158614
184021
94712
175233
23653
154466
30884
69944
32045
109303
52098
27174
34635
174938
35661
161095
39279
51901
109594
5905
116870
149478
199807
128681
140493
115291
10658
99708
22975
13406
180633
81977
51324
122259
103521
22249
175055
131686
67109
166006
91724
19305
165024
12020
145545
192818
133648
106300
77823
180057
121174
86883
9522
135657
38003
111828
17673
176403
12171
89089
100924
89807
25510
101374
23203
173748
9495
55968
158370
188574
167396
31611
77569
74171
69704
132232
183547
107443
188322
135740
140405
193600
165527
134625
184271
187792
182381
40972
80039
119100
54976
90766
150807
134241
141879
78687
149356
155877
131193
19211
142052
145012
154307
96900
21946
194387
55716
6253
128331
38494
122369
186614
177388
74104
108213
128009
148972
28671
42217
177611
15277
68444
144728
114602
50746
108575
118005
44306
191744
166516
59591
182098
191324
134399
59560
97213
161827
96836
38957
139929
36746
40498
194382
121143
106252
88444
5847
187827
34707
36252
78438
47735
60557
47592
33104
131733
82787
124243
86095
11026
161767
100158
176942
25015
179204
129329
165684
39070
6346
66736
98193
31587
135658
20414
103833
94745
39411
162834
85866
94275
115808
155354
60434
56610
112139
53829
169156
94609
185179
108604
170317
53267
93992
43050
44884
106438
84550
176991
175425
27705
188896
158466
192567
163112
162848
117294
30830
23257
7711
1892
132011
161530
82899
92364
106650
167796
181326
116376
49505
62998
62972
14258
157901
94810
196516
153375
145777
90101
140882
126067
62078
182180
158622
38374
156597
163059
92346
166355
21830
67241
5132
15569
55038
43680
9417
55450
195572
99343
96186
55586
193081
182252
128341
83935
62693
70819
29215
98755
84522
26094
58887
112547
158456
75765
153884
30361
124166
53436
177877
141727
3696
91237
163571
66649
134071
45176
54454
116574
149892
92833
111300
151604
140553
120053
135223
41174
123919
71144
58673
60849
155052
113992
20805
82032
164204
31382
39797
190617
105682
167497
169532
123013
37846
7546
118089
67036
174320
63649
86193
64608
35896
163676
156426
167182
167517
89787
37335
1662
151834
40840
139119
118472
149624
163492
195549
134062
120104
77242
43786
79248
27262
71858
120731
152486
134018
16909
100111
155130
68266
43929
76537
199441
130641
177696
85694
75443
128162
63780
107988
89431
56962
188801
179641
103933
20308
33124
49199
122097
46762
3017
494
188521
2468
172835
169363
67726
162601
34578
16730
194622
53333
10862
29695
35707
71357
144803
73450
24597
97186
21325
124072
20190
106073
88153
39283
8628
160597
4005
21747
158916
74282
53704
114511
97864
46247
175470
10192
111314
178162
37276
187797
92899
148412
85908
40701
130239
137855
132044
137792
176785
112084
197030
15305
27361
108652
154877
174863
196213
68202
4852
148602
9048
129097
116673
148773
76813
188471
149598
67870
29821
144061
24831
8279
50699
159567
94852
76294
94530
36309
145365
130649
84614
29754
198902
86612
157456
104918
40212
61344
167231
48634
129606
127835
151094
118614
158729
192592
160539
70469
110270
22549
111882
98007
46687
24986
107544
180518
74735
88304
75914
149589
92577
104539
2793
180446
180912
69687
70593
13476
74199
19029
84137
159789
197352
26092
138611
66093
123131
78974
26692
134173
191500
140158
169220
193424
25438
51513
5658
144835
197100
187973
48150
58744
130373
189017
78565
93194
68138
36561
129442
69481
48688
13782
178042
187000
25793
125399
89570
57038
119618
167163
187001
167031
170869
165616
107885
29457
144456
189350
64788
104041
97097
1872
40976
101085
110455
132313
132807
107894
180622
191068
91640
199003
154118
55331
53012
9462
105702
172525
40292
142931
32203
167028
179197
182861
32773
82335
34889
90670
131017
40269
198004
39054
24719
54347
198761
183223
65592
64853
177613
135794
84677
115250
42963
173755
170510
10371
147253
149439
186014
106717
164773
156147
122729
170680
49466
134341
12216
100171
127654
75635
6068
187922
170904
56546
169548
10140
99951
124416
190374
183607
155807
62413
153533
94168
147044
99579
12456
72521
188300
100842
73157
190907
16656
59530
152945
122649
132553
57084
98068
42176
86178
115650
169706
168281
158006
21736
43842
168040
3844
180362
169703
64074
74285
84959
61832
70405
60296
101888
158420
27626
140988
59448
191764
119584
30470
39357
40750
65089
40042
199711
104230
105434
18011
166667
160565
90491
125934
37876
145430
152415
71484
141169
128367
146405
12303
78708
154339
191368
162134
48250
182419
139412
194240
24290
146519
197455
31184
104410
122047
124803
170679
96672
88698
128315
106778
132231
105181
56464
28726
24538
60265
169928
12923
191070
149514
24386
173650
138868
74909
160270
44005
159502
170490
6550
122484
198078
40111
180350
27932
185515
30585
126530
166493
83414
46855
71384
5728
10866
75691
2080
143470
9873
163967
119312
6619
168762
44052
112873
95142
94339
62267
78239
21717
44295
41436
155613
91541
54926
99073
157108
40612
39992
102732
169861
152101
26779
27502
75608
7687
128532
194484
22669
131897
41790
147163
53384
125344
180698
68538
184226
71568
60259
85490
192142
177739
12905
106223
193362
34990
73509
124715
112044
133087
21529
184847
137458
35445
174809
130943
77670
132432
27017
172697
155271
89857
24975
116976
195735
21737
49104
117655
68305
31804
126307
118829
2745
31945
170809
173287
57310
63115
179247
120002
69157
99879
34565
109223
124056
195372
70371
39491
32351
167887
37824
66201
75282
117706
49532
89180
193806
90814
141458
191624
40495
140504
144038
161913
64004
167169
120142
155458
11809
127560
110160
93505
153094
37044
52453
60047
36697
116556
6195
102258
60744
144082
188318
115709
133431
172039
27355
87083
58598
134059
143939
67765
145909
19752
166132
173909
31380
73075
117425
137945
123271
80821
71402
90221
6869
129258
153257
114398
127640
142707
35631
160291
82533
177356
34651
94537
33529
125028
189111
83055
178515
67777
77187
93784
164218
89873
44917
115795
146011
180815
162893
98267
100602
180712
60484
6001
89991
64044
189211
47869
119160
80964
191346
136377
133617
82051
94720
191727
100752
8315
36658
43899
46638
75284
112995
16280
47575
46807
171921
71014
160489
104105
160868
125212
116397
116187
70546
22136
155684
177895
109575
109892
48064
1102
18040
139389
168322
7290
168674
91401
55707
171238
12242
196319
100822
186001
111680
177171
131216
100257
100683
156584
132095
105543
144188
130380
26326
122695
153943
34033
120682
143892
103638
132633
98192
144100
157570
6816
64518
99759
67674
133858
175991
22949
22488
196853
141715
104088
176429
80518
76890
71017
188189
39672
33941
83964
99801
118436
34624
153843
1646
174348
43547
134885
130093
175352
100424
154506
134564
105348
111602
74294
22409
14188
183679
952
141567
33697
157914
24190
75439
128311
178130
101713
25105
74330
195228
165761
184481
28571
121445
14159
61399
178710
58490
99179
88639
74237
187422
93051
136187
46781
182630
125097
